cuda
Training started
traning started for  1 epoch
epoch 1 loss: 0.0281238555908
validation accuracy :  0.79712962963
validation class_total [1800.0, 1800.0, 1800.0, 1800.0, 1800.0, 1800.0]
validation class_correct [1068.0, 1502.0, 1441.0, 1689.0, 1251.0, 1658.0]
validation confusion_matrix [[1068, 1, 0, 526, 137, 68], [0, 1502, 0, 16, 0, 282], [0, 138, 1441, 1, 30, 190], [38, 1, 0, 1689, 4, 68], [19, 0, 11, 31, 1251, 488], [2, 30, 2, 90, 18, 1658]]
test accuracy :  0.208888888889
class_total [600.0, 600.0, 600.0, 600.0, 600.0, 600.0]
class_correct [5.0, 0.0, 78.0, 60.0, 284.0, 325.0]
confusion_matrix [[5, 101, 8, 127, 5, 354], [34, 0, 0, 40, 297, 229], [1, 177, 78, 0, 26, 318], [15, 0, 1, 60, 142, 382], [8, 1, 50, 35, 284, 222], [23, 3, 6, 99, 144, 325]]
traning started for  2 epoch
epoch 2 loss: 0.216459751129
validation accuracy :  0.867592592593
validation class_total [1800.0, 1800.0, 1800.0, 1800.0, 1800.0, 1800.0]
validation class_correct [1275.0, 1348.0, 1667.0, 1622.0, 1698.0, 1760.0]
validation confusion_matrix [[1275, 1, 0, 201, 310, 13], [2, 1348, 30, 20, 7, 393], [0, 4, 1667, 0, 66, 63], [1, 0, 0, 1622, 5, 172], [2, 0, 10, 6, 1698, 84], [0, 0, 6, 3, 31, 1760]]
test accuracy :  0.184444444444
class_total [600.0, 600.0, 600.0, 600.0, 600.0, 600.0]
class_correct [6.0, 0.0, 94.0, 10.0, 199.0, 355.0]
confusion_matrix [[6, 18, 42, 48, 99, 387], [0, 0, 0, 11, 118, 471], [0, 15, 94, 0, 23, 468], [0, 0, 0, 10, 218, 372], [1, 0, 37, 10, 199, 353], [0, 0, 3, 36, 206, 355]]
traning started for  3 epoch
epoch 3 loss: 0.00752830505371
validation accuracy :  0.978333333333
validation class_total [1800.0, 1800.0, 1800.0, 1800.0, 1800.0, 1800.0]
validation class_correct [1771.0, 1765.0, 1789.0, 1770.0, 1692.0, 1779.0]
validation confusion_matrix [[1771, 1, 0, 27, 1, 0], [6, 1765, 9, 6, 0, 14], [3, 4, 1789, 0, 2, 2], [10, 4, 0, 1770, 3, 13], [44, 0, 29, 2, 1692, 33], [0, 4, 5, 8, 4, 1779]]
test accuracy :  0.1475
class_total [600.0, 600.0, 600.0, 600.0, 600.0, 600.0]
class_correct [80.0, 0.0, 206.0, 47.0, 26.0, 172.0]
confusion_matrix [[80, 308, 39, 115, 3, 55], [21, 0, 1, 117, 98, 363], [0, 36, 206, 0, 0, 358], [17, 0, 4, 47, 163, 369], [2, 6, 70, 38, 26, 458], [16, 1, 37, 47, 327, 172]]
traning started for  4 epoch
epoch 4 loss: 0.924089431763
validation accuracy :  0.988888888889
validation class_total [1800.0, 1800.0, 1800.0, 1800.0, 1800.0, 1800.0]
validation class_correct [1757.0, 1782.0, 1793.0, 1784.0, 1784.0, 1780.0]
validation confusion_matrix [[1757, 2, 0, 7, 34, 0], [5, 1782, 5, 5, 0, 3], [0, 4, 1793, 0, 3, 0], [8, 2, 0, 1784, 0, 6], [2, 0, 2, 1, 1784, 11], [0, 2, 1, 2, 15, 1780]]
test accuracy :  0.230555555556
class_total [600.0, 600.0, 600.0, 600.0, 600.0, 600.0]
class_correct [65.0, 0.0, 444.0, 18.0, 118.0, 185.0]
confusion_matrix [[65, 332, 27, 77, 14, 85], [20, 0, 1, 46, 332, 201], [0, 42, 444, 0, 19, 95], [8, 0, 0, 18, 406, 168], [6, 12, 231, 20, 118, 213], [7, 0, 31, 59, 318, 185]]
traning started for  5 epoch
epoch 5 loss: 0.000402450561523
validation accuracy :  0.985925925926
validation class_total [1800.0, 1800.0, 1800.0, 1800.0, 1800.0, 1800.0]
validation class_correct [1768.0, 1776.0, 1793.0, 1730.0, 1786.0, 1795.0]
validation confusion_matrix [[1768, 0, 1, 6, 25, 0], [3, 1776, 15, 0, 0, 6], [0, 1, 1793, 0, 3, 3], [5, 1, 1, 1730, 0, 63], [0, 0, 1, 0, 1786, 13], [0, 0, 3, 0, 2, 1795]]
test accuracy :  0.208055555556
class_total [600.0, 600.0, 600.0, 600.0, 600.0, 600.0]
class_correct [74.0, 0.0, 375.0, 24.0, 78.0, 198.0]
confusion_matrix [[74, 243, 88, 63, 16, 116], [8, 0, 0, 57, 187, 348], [0, 32, 375, 0, 4, 189], [5, 0, 1, 24, 253, 317], [0, 0, 130, 3, 78, 389], [4, 0, 20, 56, 322, 198]]
traning started for  6 epoch
epoch 6 loss: 0.00165939331055
validation accuracy :  0.971759259259
validation class_total [1800.0, 1800.0, 1800.0, 1800.0, 1800.0, 1800.0]
validation class_correct [1792.0, 1751.0, 1716.0, 1718.0, 1718.0, 1800.0]
validation confusion_matrix [[1792, 0, 1, 2, 5, 0], [8, 1751, 3, 1, 0, 37], [0, 0, 1716, 0, 1, 83], [4, 3, 0, 1718, 0, 75], [9, 0, 1, 0, 1718, 72], [0, 0, 0, 0, 0, 1800]]
test accuracy :  0.204166666667
class_total [600.0, 600.0, 600.0, 600.0, 600.0, 600.0]
class_correct [62.0, 0.0, 150.0, 15.0, 20.0, 488.0]
confusion_matrix [[62, 199, 23, 66, 6, 244], [5, 0, 0, 26, 97, 472], [0, 17, 150, 0, 1, 432], [4, 0, 0, 15, 210, 371], [0, 0, 45, 0, 20, 535], [2, 0, 13, 39, 58, 488]]
traning started for  7 epoch
epoch 7 loss: 0.0281534194946
validation accuracy :  0.995185185185
validation class_total [1800.0, 1800.0, 1800.0, 1800.0, 1800.0, 1800.0]
validation class_correct [1787.0, 1790.0, 1796.0, 1797.0, 1784.0, 1794.0]
validation confusion_matrix [[1787, 0, 0, 7, 6, 0], [0, 1790, 1, 7, 0, 2], [0, 0, 1796, 0, 2, 2], [1, 0, 0, 1797, 1, 1], [0, 0, 2, 1, 1784, 13], [0, 2, 0, 4, 0, 1794]]
test accuracy :  0.165833333333
class_total [600.0, 600.0, 600.0, 600.0, 600.0, 600.0]
class_correct [33.0, 0.0, 217.0, 39.0, 28.0, 280.0]
confusion_matrix [[33, 310, 25, 120, 13, 99], [58, 0, 1, 138, 164, 239], [0, 94, 217, 1, 3, 285], [15, 0, 0, 39, 275, 271], [1, 1, 84, 33, 28, 453], [5, 1, 22, 112, 180, 280]]
traning started for  8 epoch
epoch 8 loss: 4.38690185547e-05
validation accuracy :  0.995833333333
validation class_total [1800.0, 1800.0, 1800.0, 1800.0, 1800.0, 1800.0]
validation class_correct [1782.0, 1793.0, 1795.0, 1799.0, 1794.0, 1792.0]
validation confusion_matrix [[1782, 1, 0, 12, 5, 0], [0, 1793, 3, 4, 0, 0], [0, 0, 1795, 0, 3, 2], [0, 0, 0, 1799, 1, 0], [2, 0, 0, 0, 1794, 4], [0, 0, 0, 4, 4, 1792]]
test accuracy :  0.173333333333
class_total [600.0, 600.0, 600.0, 600.0, 600.0, 600.0]
class_correct [24.0, 0.0, 254.0, 43.0, 50.0, 253.0]
confusion_matrix [[24, 316, 46, 166, 7, 41], [4, 0, 1, 134, 199, 262], [0, 76, 254, 1, 18, 251], [6, 0, 0, 43, 329, 222], [0, 1, 62, 30, 50, 457], [1, 0, 15, 89, 242, 253]]
traning started for  9 epoch
epoch 9 loss: 0.000165939331055
validation accuracy :  0.997962962963
validation class_total [1800.0, 1800.0, 1800.0, 1800.0, 1800.0, 1800.0]
validation class_correct [1796.0, 1795.0, 1795.0, 1798.0, 1797.0, 1797.0]
validation confusion_matrix [[1796, 0, 0, 2, 2, 0], [0, 1795, 0, 5, 0, 0], [0, 3, 1795, 0, 2, 0], [0, 1, 0, 1798, 0, 1], [0, 0, 0, 0, 1797, 3], [0, 0, 0, 2, 1, 1797]]
test accuracy :  0.135277777778
class_total [600.0, 600.0, 600.0, 600.0, 600.0, 600.0]
class_correct [53.0, 0.0, 231.0, 35.0, 30.0, 138.0]
confusion_matrix [[53, 418, 17, 70, 5, 37], [12, 0, 0, 118, 159, 311], [0, 164, 231, 0, 10, 195], [1, 0, 0, 35, 317, 247], [0, 3, 115, 2, 30, 450], [2, 0, 34, 99, 327, 138]]
traning started for  10 epoch
epoch 10 loss: 0.000249862670898
validation accuracy :  0.999166666667
validation class_total [1800.0, 1800.0, 1800.0, 1800.0, 1800.0, 1800.0]
validation class_correct [1795.0, 1800.0, 1798.0, 1799.0, 1800.0, 1799.0]
validation confusion_matrix [[1795, 2, 0, 1, 2, 0], [0, 1800, 0, 0, 0, 0], [0, 0, 1798, 0, 0, 2], [1, 0, 0, 1799, 0, 0], [0, 0, 0, 0, 1800, 0], [0, 0, 0, 1, 0, 1799]]
test accuracy :  0.183888888889
class_total [600.0, 600.0, 600.0, 600.0, 600.0, 600.0]
class_correct [42.0, 0.0, 404.0, 35.0, 52.0, 129.0]
confusion_matrix [[42, 401, 31, 77, 3, 46], [11, 0, 1, 94, 211, 283], [0, 55, 404, 0, 8, 133], [1, 0, 1, 35, 315, 248], [0, 1, 239, 4, 52, 304], [5, 0, 48, 80, 338, 129]]
traning started for  11 epoch
epoch 11 loss: 0.00291061401367
validation accuracy :  0.993425925926
validation class_total [1800.0, 1800.0, 1800.0, 1800.0, 1800.0, 1800.0]
validation class_correct [1784.0, 1790.0, 1788.0, 1800.0, 1769.0, 1798.0]
validation confusion_matrix [[1784, 1, 0, 13, 2, 0], [0, 1790, 1, 8, 0, 1], [0, 5, 1788, 0, 0, 7], [0, 0, 0, 1800, 0, 0], [1, 0, 3, 2, 1769, 25], [0, 0, 0, 2, 0, 1798]]
test accuracy :  0.184444444444
class_total [600.0, 600.0, 600.0, 600.0, 600.0, 600.0]
class_correct [14.0, 0.0, 286.0, 75.0, 30.0, 259.0]
confusion_matrix [[14, 311, 27, 207, 1, 40], [12, 0, 1, 180, 98, 309], [0, 73, 286, 0, 2, 239], [10, 0, 1, 75, 238, 276], [0, 2, 196, 5, 30, 367], [2, 0, 34, 180, 125, 259]]
traning started for  12 epoch
epoch 12 loss: 0.00117111206055
validation accuracy :  0.999074074074
validation class_total [1800.0, 1800.0, 1800.0, 1800.0, 1800.0, 1800.0]
validation class_correct [1799.0, 1797.0, 1799.0, 1800.0, 1798.0, 1797.0]
validation confusion_matrix [[1799, 0, 0, 1, 0, 0], [0, 1797, 1, 2, 0, 0], [0, 0, 1799, 0, 1, 0], [0, 0, 0, 1800, 0, 0], [1, 0, 1, 0, 1798, 0], [0, 0, 0, 2, 1, 1797]]
test accuracy :  0.145555555556
class_total [600.0, 600.0, 600.0, 600.0, 600.0, 600.0]
class_correct [14.0, 0.0, 317.0, 55.0, 64.0, 74.0]
confusion_matrix [[14, 397, 27, 129, 3, 30], [35, 0, 1, 183, 148, 233], [0, 94, 317, 1, 14, 174], [19, 0, 1, 55, 323, 202], [0, 5, 147, 36, 64, 348], [4, 0, 25, 103, 394, 74]]
traning started for  13 epoch
epoch 13 loss: 3.5285949707e-05
validation accuracy :  0.998981481481
validation class_total [1800.0, 1800.0, 1800.0, 1800.0, 1800.0, 1800.0]
validation class_correct [1796.0, 1798.0, 1798.0, 1799.0, 1799.0, 1799.0]
validation confusion_matrix [[1796, 1, 0, 2, 1, 0], [1, 1798, 0, 0, 0, 1], [0, 1, 1798, 0, 1, 0], [1, 0, 0, 1799, 0, 0], [0, 0, 1, 0, 1799, 0], [0, 0, 0, 0, 1, 1799]]
test accuracy :  0.130833333333
class_total [600.0, 600.0, 600.0, 600.0, 600.0, 600.0]
class_correct [66.0, 0.0, 261.0, 33.0, 53.0, 58.0]
confusion_matrix [[66, 351, 29, 101, 18, 35], [5, 0, 1, 56, 248, 290], [0, 94, 261, 1, 14, 230], [2, 0, 0, 33, 306, 259], [0, 7, 115, 10, 53, 415], [4, 2, 25, 80, 431, 58]]
traning started for  14 epoch
epoch 14 loss: 5.34057617188e-05
validation accuracy :  0.994074074074
validation class_total [1800.0, 1800.0, 1800.0, 1800.0, 1800.0, 1800.0]
validation class_correct [1797.0, 1784.0, 1765.0, 1798.0, 1792.0, 1800.0]
validation confusion_matrix [[1797, 0, 0, 2, 1, 0], [2, 1784, 2, 1, 0, 11], [0, 1, 1765, 0, 7, 27], [0, 0, 0, 1798, 0, 2], [0, 0, 0, 0, 1792, 8], [0, 0, 0, 0, 0, 1800]]
test accuracy :  0.145555555556
class_total [600.0, 600.0, 600.0, 600.0, 600.0, 600.0]
class_correct [83.0, 0.0, 129.0, 28.0, 26.0, 258.0]
confusion_matrix [[83, 192, 49, 93, 24, 159], [0, 0, 0, 34, 149, 417], [0, 19, 129, 1, 13, 438], [0, 0, 0, 28, 240, 332], [0, 0, 56, 0, 26, 518], [0, 0, 4, 43, 295, 258]]
traning started for  15 epoch
epoch 15 loss: 0.0389213562012
validation accuracy :  0.997962962963
validation class_total [1800.0, 1800.0, 1800.0, 1800.0, 1800.0, 1800.0]
validation class_correct [1794.0, 1791.0, 1799.0, 1799.0, 1797.0, 1798.0]
validation confusion_matrix [[1794, 1, 1, 1, 3, 0], [1, 1791, 7, 0, 0, 1], [0, 0, 1799, 0, 1, 0], [0, 0, 0, 1799, 0, 1], [0, 0, 0, 0, 1797, 3], [0, 0, 0, 2, 0, 1798]]
test accuracy :  0.173888888889
class_total [600.0, 600.0, 600.0, 600.0, 600.0, 600.0]
class_correct [11.0, 0.0, 387.0, 39.0, 52.0, 137.0]
confusion_matrix [[11, 321, 100, 90, 10, 68], [5, 0, 1, 71, 219, 304], [0, 60, 387, 1, 26, 126], [5, 0, 0, 39, 371, 185], [0, 1, 125, 3, 52, 419], [1, 0, 21, 68, 373, 137]]
traning started for  16 epoch
epoch 16 loss: 0.000209808349609
validation accuracy :  0.997037037037
validation class_total [1800.0, 1800.0, 1800.0, 1800.0, 1800.0, 1800.0]
validation class_correct [1800.0, 1798.0, 1797.0, 1795.0, 1786.0, 1792.0]
validation confusion_matrix [[1800, 0, 0, 0, 0, 0], [2, 1798, 0, 0, 0, 0], [0, 2, 1797, 0, 1, 0], [1, 3, 0, 1795, 0, 1], [10, 0, 2, 1, 1786, 1], [0, 0, 2, 5, 1, 1792]]
test accuracy :  0.186111111111
class_total [600.0, 600.0, 600.0, 600.0, 600.0, 600.0]
class_correct [31.0, 0.0, 382.0, 55.0, 37.0, 165.0]
confusion_matrix [[31, 379, 23, 135, 4, 28], [21, 0, 1, 182, 138, 258], [0, 113, 382, 0, 6, 99], [19, 0, 0, 55, 368, 158], [2, 5, 156, 30, 37, 370], [3, 0, 49, 136, 247, 165]]
traning started for  17 epoch
epoch 17 loss: 0.00600624084473
validation accuracy :  0.998796296296
validation class_total [1800.0, 1800.0, 1800.0, 1800.0, 1800.0, 1800.0]
validation class_correct [1793.0, 1800.0, 1800.0, 1800.0, 1796.0, 1798.0]
validation confusion_matrix [[1793, 1, 0, 4, 2, 0], [0, 1800, 0, 0, 0, 0], [0, 0, 1800, 0, 0, 0], [0, 0, 0, 1800, 0, 0], [1, 0, 0, 1, 1796, 2], [0, 0, 0, 1, 1, 1798]]
test accuracy :  0.185555555556
class_total [600.0, 600.0, 600.0, 600.0, 600.0, 600.0]
class_correct [17.0, 0.0, 356.0, 29.0, 118.0, 148.0]
confusion_matrix [[17, 390, 11, 99, 1, 82], [28, 0, 1, 146, 174, 251], [0, 83, 356, 0, 17, 144], [14, 0, 1, 29, 341, 215], [1, 4, 165, 24, 118, 288], [1, 0, 34, 111, 306, 148]]
traning started for  18 epoch
epoch 18 loss: 5.72204589844e-06
validation accuracy :  0.999722222222
validation class_total [1800.0, 1800.0, 1800.0, 1800.0, 1800.0, 1800.0]
validation class_correct [1798.0, 1800.0, 1800.0, 1800.0, 1799.0, 1800.0]
validation confusion_matrix [[1798, 0, 0, 2, 0, 0], [0, 1800, 0, 0, 0, 0], [0, 0, 1800, 0, 0, 0], [0, 0, 0, 1800, 0, 0], [1, 0, 0, 0, 1799, 0], [0, 0, 0, 0, 0, 1800]]
test accuracy :  0.170277777778
class_total [600.0, 600.0, 600.0, 600.0, 600.0, 600.0]
class_correct [13.0, 0.0, 398.0, 36.0, 74.0, 92.0]
confusion_matrix [[13, 405, 23, 113, 3, 43], [16, 0, 2, 141, 177, 264], [0, 71, 398, 0, 17, 114], [8, 0, 0, 36, 330, 226], [1, 1, 160, 11, 74, 353], [3, 1, 38, 87, 379, 92]]
traning started for  19 epoch
epoch 19 loss: 0.0
