cuda
Training started
traning started for  0 epoch
[1, 100, 1.8179640649545072]
[1, 200, 1.833516037825382]
[1, 300, 1.8307167111021099]
[1, 400, 1.8330019483662614]
[1, 500, 1.8120861234086934]
[1, 600, 1.8222915295398596]
[1, 700, 1.813502019101923]
[1, 800, 1.8177462117840546]
[1, 900, 1.8277726594847863]
[1, 1000, 1.807387691555601]
[1, 1100, 1.8214900758531358]
[1, 1200, 1.8441229059238626]
[1, 1300, 1.8227639258509936]
[1, 1400, 1.8099318176808983]
[1, 1500, 1.8012158184340505]
[1, 1600, 1.7916780192442614]
[1, 1700, 1.7920423878563776]
[1, 1800, 1.8130208867968935]
[1, 1900, 1.7809976833035248]
[1, 2000, 1.7622700833310985]
[1, 2100, 1.7806474415942877]
[1, 2200, 1.738243898960075]
[1, 2300, 1.7104533164188116]
[1, 2400, 1.6724825507462626]
[1, 2500, 1.612717471941553]
[1, 2600, 1.58063369808775]
[1, 2700, 1.58769658599237]
[1, 2800, 1.5273237228393555]
[1, 2900, 1.5051359973772607]
[1, 3000, 1.4691485022053574]
[1, 3100, 1.4682355685667559]
[1, 3200, 1.4439736977972166]
[1, 3300, 1.4465690140772347]
[1, 3400, 1.4205215398711388]
[1, 3500, 1.3207385142644246]
[1, 3600, 1.390001436676642]
[1, 3700, 1.2625969443658385]
[1, 3800, 1.2933753825197316]
[1, 3900, 1.2097877721593837]
[1, 4000, 1.2851172252134844]
[1, 4100, 1.287195249037309]
[1, 4200, 1.2536923343485051]
[1, 4300, 1.2015059475946908]
[1, 4400, 1.1787339497094202]
[1, 4500, 1.2915889626801615]
[1, 4600, 1.1552592130622479]
[1, 4700, 1.277628036460491]
[1, 4800, 1.0896409184041649]
[1, 4900, 1.23493557385724]
[1, 5000, 1.193420075406932]
[1, 5100, 1.0790475895910552]
[1, 5200, 1.0486764450265904]
[1, 5300, 0.9300084102033365]
[1, 5400, 1.035437579106803]
[1, 5500, 1.0763115136310308]
[1, 5600, 1.13094224592652]
[1, 5700, 0.9352232217788696]
[1, 5800, 0.9901519496031482]
[1, 5900, 0.8375437018847225]
[1, 6000, 1.142046610514323]
[1, 6100, 0.9741708907214078]
[1, 6200, 0.8105009878524626]
[1, 6300, 1.073055083101446]
[1, 6400, 0.9832278863348142]
[1, 6500, 0.9465509785546197]
[1, 6600, 0.8464950672303787]
[1, 6700, 0.9657807627109566]
[1, 6800, 0.9220547435259578]
[1, 6900, 0.8111406408175074]
[1, 7000, 0.9254810725799715]
[1, 7100, 0.8918038305610118]
[1, 7200, 0.942494642854941]
epoch 1 loss: 0.0
validation accuracy :  0.666527777778
validation class_total [1200.0, 1200.0, 1200.0, 1200.0, 1200.0, 1200.0]
validation class_correct [156.0, 845.0, 1169.0, 1134.0, 873.0, 622.0]
validation confusion_matrix [[156, 1, 0, 892, 54, 97], [0, 845, 247, 0, 25, 83], [0, 0, 1169, 0, 31, 0], [32, 0, 0, 1134, 24, 10], [13, 4, 19, 90, 873, 201], [57, 6, 11, 110, 394, 622]]
test accuracy :  0.260833333333
class_total [400.0, 400.0, 400.0, 400.0, 400.0, 400.0]
class_correct [1.0, 0.0, 216.0, 141.0, 264.0, 4.0]
confusion_matrix [[1, 11, 158, 2, 189, 39], [0, 0, 1, 176, 193, 30], [0, 4, 216, 0, 158, 22], [17, 1, 0, 141, 90, 151], [0, 1, 75, 3, 264, 57], [2, 0, 2, 131, 261, 4]]
traning started for  1 epoch
[2, 100, 0.7963228406328143]
[2, 200, 0.8058868550290965]
[2, 300, 0.7883996746756814]
[2, 400, 0.7004358828669847]
[2, 500, 0.7568741675579187]
[2, 600, 0.7309694350367845]
[2, 700, 0.760970074721057]
[2, 800, 0.7357752636225536]
[2, 900, 0.7585836432196877]
[2, 1000, 0.6642552891162911]
[2, 1100, 0.769168364881265]
[2, 1200, 0.5987736865727589]
[2, 1300, 0.7317417823907101]
[2, 1400, 0.6111323520390675]
[2, 1500, 0.7355939848254426]
[2, 1600, 0.7144236347892068]
[2, 1700, 0.6768784547092939]
[2, 1800, 0.7325161249950679]
[2, 1900, 0.6639889358270048]
[2, 2000, 0.5718067438915523]
[2, 2100, 0.49766902971749355]
[2, 2200, 0.8791248124055188]
[2, 2300, 0.5189380031643491]
[2, 2400, 0.5077191314311943]
[2, 2500, 0.5551052238001968]
[2, 2600, 0.4994425894034029]
[2, 2700, 0.5313556688000457]
[2, 2800, 0.6958637454292991]
[2, 2900, 0.6845325351965548]
[2, 3000, 0.4665035695740671]
[2, 3100, 0.46589535655397357]
[2, 3200, 0.28933038133563416]
[2, 3300, 0.25528868039449054]
[2, 3400, 0.5897861225436433]
[2, 3500, 0.41968244253987014]
[2, 3600, 0.6044014993340078]
[2, 3700, 0.21986738599912084]
[2, 3800, 0.4958066362323183]
[2, 3900, 0.2860343937922006]
[2, 4000, 0.3341939268690167]
[2, 4100, 0.3691718205057009]
[2, 4200, 0.35461510552300346]
[2, 4300, 0.25413526429070366]
[2, 4400, 0.5019540569999001]
[2, 4500, 0.45728965720745046]
[2, 4600, 0.20680202618993895]
[2, 4700, 0.28112679298477944]
[2, 4800, 0.22174693839718598]
[2, 4900, 0.24010989401075575]
[2, 5000, 0.3418071077327536]
[2, 5100, 0.2316558084102592]
[2, 5200, 0.4255162248707781]
[2, 5300, 0.34803773417617334]
[2, 5400, 0.1324269964237406]
[2, 5500, 0.15704412412161778]
[2, 5600, 0.33604550843286995]
[2, 5700, 0.23733979282957135]
[2, 5800, 0.21078342982012815]
[2, 5900, 0.14683507668851603]
[2, 6000, 0.35962149229916657]
[2, 6100, 0.1971785853607486]
[2, 6200, 0.2069953258591469]
[2, 6300, 0.1770184931128916]
[2, 6400, 0.2759600119157271]
[2, 6500, 0.17565482072155886]
[2, 6600, 0.2117106192039721]
[2, 6700, 0.3615799841254648]
[2, 6800, 0.29728816735624064]
[2, 6900, 0.10447983308271928]
[2, 7000, 0.10289870608936656]
[2, 7100, 0.28180340082958494]
[2, 7200, 0.20593645355918191]
epoch 2 loss: 0.0
validation accuracy :  0.913333333333
validation class_total [1200.0, 1200.0, 1200.0, 1200.0, 1200.0, 1200.0]
validation class_correct [990.0, 1193.0, 1183.0, 1154.0, 1198.0, 858.0]
validation confusion_matrix [[990, 3, 0, 30, 175, 2], [0, 1193, 4, 0, 3, 0], [0, 7, 1183, 0, 10, 0], [9, 0, 1, 1154, 33, 3], [0, 0, 2, 0, 1198, 0], [19, 48, 2, 8, 265, 858]]
test accuracy :  0.177083333333
class_total [400.0, 400.0, 400.0, 400.0, 400.0, 400.0]
class_correct [0.0, 0.0, 209.0, 21.0, 195.0, 0.0]
confusion_matrix [[0, 72, 148, 4, 170, 6], [0, 0, 16, 41, 329, 14], [0, 140, 209, 0, 51, 0], [13, 3, 3, 21, 350, 10], [0, 67, 94, 0, 195, 44], [1, 0, 22, 29, 348, 0]]
traning started for  2 epoch
[3, 100, 0.22320862249894577]
[3, 200, 0.21559705397095344]
[3, 300, 0.15721993494515468]
[3, 400, 0.12724098051437224]
[3, 500, 0.1721901484210082]
[3, 600, 0.059217060455168134]
[3, 700, 0.1500992847211433]
[3, 800, 0.04557552000488898]
[3, 900, 0.21392529901832041]
[3, 1000, 0.2785244746641679]
[3, 1100, 0.13184592820177174]
[3, 1200, 0.3064419934243867]
[3, 1300, 0.06623234170855898]
[3, 1400, 0.2641122545858826]
[3, 1500, 0.21585905431496977]
[3, 1600, 0.17221304021700465]
[3, 1700, 0.10734206739098134]
[3, 1800, 0.07456641245369959]
[3, 1900, 0.11930269906015108]
[3, 2000, 0.06670619983865757]
[3, 2100, 0.06172387527697014]
[3, 2200, 0.1124730110168457]
[3, 2300, 0.0487889087561405]
[3, 2400, 0.09162921134871665]
[3, 2500, 0.074479392080596]
[3, 2600, 0.10051638670641967]
[3, 2700, 0.11168880173654268]
[3, 2800, 0.2151969394298515]
[3, 2900, 0.1004119376943569]
[3, 3000, 0.1116294138359301]
[3, 3100, 0.2148394656903816]
[3, 3200, 0.04244495642305625]
[3, 3300, 0.059931239696464154]
[3, 3400, 0.016719924079047307]
[3, 3500, 0.05416170996848983]
[3, 3600, 0.07901736582168425]
[3, 3700, 0.10806943671871917]
[3, 3800, 0.055903887507891416]
[3, 3900, 0.040604010976926244]
[3, 4000, 0.009298709907917061]
[3, 4100, 0.08169020305980336]
[3, 4200, 0.043331232937899505]
[3, 4300, 0.11503967371853915]
[3, 4400, 0.040717854644313003]
[3, 4500, 0.026737413021049115]
[3, 4600, 0.07019188668992785]
[3, 4700, 0.08608578672312726]
[3, 4800, 0.025789911096746273]
[3, 4900, 0.07255468464861012]
[3, 5000, 0.04227461477722785]
[3, 5100, 0.10743698929295395]
[3, 5200, 0.14124246558757744]
[3, 5300, 0.059388452106051974]
[3, 5400, 0.033535982623244774]
[3, 5500, 0.1405150866267657]
[3, 5600, 0.05092380022761798]
[3, 5700, 0.0705643001228872]
[3, 5800, 0.08357208666175303]
[3, 5900, 0.13071943774367822]
[3, 6000, 0.25834823497618087]
[3, 6100, 0.15893025350089024]
[3, 6200, 0.14905095822883374]
[3, 6300, 0.09954387491399591]
[3, 6400, 0.08001120162732674]
[3, 6500, 0.07515035494409426]
[3, 6600, 0.05886179148548781]
[3, 6700, 0.14322449221755518]
[3, 6800, 0.11807576333633577]
[3, 6900, 0.03735544223978062]
[3, 7000, 0.019788139998310743]
[3, 7100, 0.011246377771550959]
[3, 7200, 0.02474628554450141]
epoch 3 loss: 0.0
validation accuracy :  0.988472222222
validation class_total [1200.0, 1200.0, 1200.0, 1200.0, 1200.0, 1200.0]
validation class_correct [1148.0, 1196.0, 1199.0, 1194.0, 1187.0, 1193.0]
validation confusion_matrix [[1148, 3, 0, 4, 44, 1], [0, 1196, 3, 0, 1, 0], [0, 0, 1199, 0, 1, 0], [0, 0, 1, 1194, 5, 0], [0, 0, 12, 0, 1187, 1], [0, 1, 5, 1, 0, 1193]]
test accuracy :  0.217916666667
class_total [400.0, 400.0, 400.0, 400.0, 400.0, 400.0]
class_correct [1.0, 0.0, 386.0, 53.0, 81.0, 2.0]
confusion_matrix [[1, 113, 254, 12, 4, 16], [0, 0, 46, 67, 109, 178], [0, 1, 386, 0, 4, 9], [7, 2, 28, 53, 191, 119], [0, 2, 150, 0, 81, 167], [0, 0, 85, 42, 271, 2]]
traning started for  3 epoch
[4, 100, 0.03329235616356435]
[4, 200, 0.0377464366681648]
[4, 300, 0.020261008330065795]
[4, 400, 0.0163483956847528]
[4, 500, 0.042037287143745806]
[4, 600, 0.007918760029956548]
[4, 700, 0.088353906014953]
[4, 800, 0.041915407084455396]
[4, 900, 0.05196628907714227]
[4, 1000, 0.08760574128892687]
[4, 1100, 0.1604052216115624]
[4, 1200, 0.15773644110169074]
[4, 1300, 0.06911229485213155]
[4, 1400, 0.02266148364905155]
[4, 1500, 0.01973536279466417]
[4, 1600, 0.04063179517033124]
[4, 1700, 0.005237964668659249]
[4, 1800, 0.08078561407147032]
[4, 1900, 0.03889627167672822]
[4, 2000, 0.009624630513817373]
[4, 2100, 0.0326302196040298]
[4, 2200, 0.012656445455069493]
[4, 2300, 0.04311889349812209]
[4, 2400, 0.06284277607696225]
[4, 2500, 0.09433279133806324]
[4, 2600, 0.019457304116451378]
[4, 2700, 0.032090594070126315]
[4, 2800, 0.03912065486715297]
[4, 2900, 0.02061894204881456]
[4, 3000, 0.02405382888485687]
[4, 3100, 0.030528015560574003]
[4, 3200, 0.019454498483677102]
[4, 3300, 0.011522042630898833]
[4, 3400, 0.0081925681143096]
[4, 3500, 0.011135038703379004]
[4, 3600, 0.0024881459245778095]
[4, 3700, 0.05687429929020429]
[4, 3800, 0.036713342473964496]
[4, 3900, 0.016825579633616437]
[4, 4000, 0.0054331259293989706]
[4, 4100, 0.019969867937492603]
[4, 4200, 0.015600642772636028]
[4, 4300, 0.05127406842780836]
[4, 4400, 0.10837113736855863]
[4, 4500, 0.029863680251921067]
[4, 4600, 0.006647928796633325]
[4, 4700, 0.00428366901898625]
[4, 4800, 0.006791206321330985]
[4, 4900, 0.05230713613105543]
[4, 5000, 0.17298016885314324]
[4, 5100, 0.09902258593626696]
[4, 5200, 0.015374332967430654]
[4, 5300, 0.006782305361044527]
[4, 5400, 0.018437963543516216]
[4, 5500, 0.03840369648403592]
[4, 5600, 0.009883259281967625]
[4, 5700, 0.012137877820718169]
[4, 5800, 0.23099163084319144]
[4, 5900, 0.013233218530211786]
[4, 6000, 0.014636800746725064]
[4, 6100, 0.05462361345387468]
[4, 6200, 0.06380650491425485]
[4, 6300, 0.18785326408617425]
[4, 6400, 0.016176315269084893]
[4, 6500, 0.018594732188215158]
[4, 6600, 0.012585252222388682]
[4, 6700, 0.30211114401769157]
[4, 6800, 0.06749561218300251]
[4, 6900, 0.027336819003326723]
[4, 7000, 0.010581681222626657]
[4, 7100, 0.10872099134657118]
[4, 7200, 0.016863247360846007]
epoch 4 loss: 0.0
validation accuracy :  0.992638888889
validation class_total [1200.0, 1200.0, 1200.0, 1200.0, 1200.0, 1200.0]
validation class_correct [1200.0, 1199.0, 1181.0, 1198.0, 1181.0, 1188.0]
validation confusion_matrix [[1200, 0, 0, 0, 0, 0], [0, 1199, 0, 0, 0, 1], [0, 10, 1181, 1, 1, 7], [1, 0, 0, 1198, 1, 0], [16, 0, 0, 0, 1181, 3], [1, 1, 0, 10, 0, 1188]]
test accuracy :  0.150833333333
class_total [400.0, 400.0, 400.0, 400.0, 400.0, 400.0]
class_correct [28.0, 0.0, 194.0, 41.0, 53.0, 46.0]
confusion_matrix [[28, 86, 153, 110, 8, 15], [33, 0, 0, 115, 46, 206], [0, 70, 194, 0, 36, 100], [87, 2, 0, 41, 165, 105], [2, 2, 1, 2, 53, 340], [0, 0, 23, 126, 205, 46]]
traning started for  4 epoch
[5, 100, 0.006438659899162523]
[5, 200, 0.007291129141142874]
[5, 300, 0.011512973091819069]
[5, 400, 0.045209691982076625]
[5, 500, 0.03181488827021435]
[5, 600, 0.005939401761449949]
[5, 700, 0.04785198635525174]
[5, 800, 0.012185236420294251]
[5, 900, 0.011408381991916232]
[5, 1000, 0.006724073429300328]
[5, 1100, 0.003508982032236427]
[5, 1200, 0.006750044196543068]
[5, 1300, 0.00956168319239761]
[5, 1400, 0.019054191281097105]
[5, 1500, 0.007526180960915305]
[5, 1600, 0.004742824670040246]
[5, 1700, 0.0022085796702991834]
[5, 1800, 0.005618047232579703]
[5, 1900, 0.0026408397790157433]
[5, 2000, 0.010495966131036932]
[5, 2100, 0.027376858875004934]
[5, 2200, 0.04230442673268944]
[5, 2300, 0.003997778651690242]
[5, 2400, 0.0031374440048680162]
[5, 2500, 0.0028721684157246292]
[5, 2600, 0.004700549925216521]
[5, 2700, 0.13729230322019018]
[5, 2800, 0.011168927857370087]
[5, 2900, 0.0019426442155934343]
[5, 3000, 0.0021971548446501144]
[5, 3100, 0.08782508156516335]
[5, 3200, 0.012643380598588423]
[5, 3300, 0.008758747216426966]
[5, 3400, 0.003386791306312638]
[5, 3500, 0.008824223219746291]
[5, 3600, 0.07346702826143515]
[5, 3700, 0.01662141867358275]
[5, 3800, 0.00354399343933722]
[5, 3900, 0.0022299891770488083]
[5, 4000, 0.019918215395224214]
[5, 4100, 0.0376231236891313]
[5, 4200, 0.011154136272391887]
[5, 4300, 0.0044205598156861585]
[5, 4400, 0.0068419822538741916]
[5, 4500, 0.00809812064122672]
[5, 4600, 0.003776646623707781]
[5, 4700, 0.0032115560589414654]
[5, 4800, 0.002062286993469855]
[5, 4900, 0.03721426472519383]
[5, 5000, 0.005905358478276416]
[5, 5100, 0.007441000504927201]
[5, 5200, 0.004405643000747218]
[5, 5300, 0.005661848819617069]
[5, 5400, 0.005397921860820115]
[5, 5500, 0.02454115164400351]
[5, 5600, 0.018428383451519592]
[5, 5700, 0.007495504437070905]
[5, 5800, 0.0018670149523802478]
[5, 5900, 0.0021031408598928742]
[5, 6000, 0.15317995379669497]
[5, 6100, 0.12687195190275558]
[5, 6200, 0.005490110378072719]
[5, 6300, 0.004742010675295435]
[5, 6400, 0.007464009101944741]
[5, 6500, 0.09703427613383592]
[5, 6600, 0.009803998349892974]
[5, 6700, 0.018479975787076084]
[5, 6800, 0.004172228803538313]
[5, 6900, 0.005776029644590436]
[5, 7000, 0.009867759666057548]
[5, 7100, 0.00970916555385397]
[5, 7200, 0.0026990861603707977]
epoch 5 loss: 0.0
validation accuracy :  0.998611111111
validation class_total [1200.0, 1200.0, 1200.0, 1200.0, 1200.0, 1200.0]
validation class_correct [1196.0, 1200.0, 1197.0, 1200.0, 1198.0, 1199.0]
validation confusion_matrix [[1196, 1, 0, 2, 1, 0], [0, 1200, 0, 0, 0, 0], [0, 1, 1197, 0, 1, 1], [0, 0, 0, 1200, 0, 0], [1, 0, 0, 0, 1198, 1], [0, 1, 0, 0, 0, 1199]]
test accuracy :  0.23
class_total [400.0, 400.0, 400.0, 400.0, 400.0, 400.0]
class_correct [6.0, 0.0, 263.0, 47.0, 194.0, 42.0]
confusion_matrix [[6, 40, 247, 86, 3, 18], [11, 0, 6, 110, 161, 112], [0, 59, 263, 0, 41, 37], [23, 1, 1, 47, 259, 69], [0, 1, 13, 1, 194, 191], [0, 0, 29, 182, 147, 42]]
traning started for  5 epoch
[6, 100, 0.006819941780783914]
[6, 200, 0.003382767089689621]
[6, 300, 0.012011773658521248]
[6, 400, 0.006609589162499013]
[6, 500, 0.05389897751085686]
[6, 600, 0.006892396946146031]
[6, 700, 0.024786360336072517]
[6, 800, 0.005867587195502387]
[6, 900, 0.005398389064904415]
[6, 1000, 0.08942479798288057]
[6, 1100, 0.1100830477897567]
[6, 1200, 0.14209854843640568]
[6, 1300, 0.019966619183318785]
[6, 1400, 0.08306081848915177]
[6, 1500, 0.06462266710069445]
[6, 1600, 0.10077583187758321]
[6, 1700, 0.073566598121566]
[6, 1800, 0.04296819128171362]
[6, 1900, 0.03891872637199633]
[6, 2000, 0.07553243637084961]
[6, 2100, 0.008970014976732658]
[6, 2200, 0.014650465262056602]
[6, 2300, 0.012843736494430389]
[6, 2400, 0.013957536581790808]
[6, 2500, 0.011453406979339291]
[6, 2600, 0.00789695315890842]
[6, 2700, 0.0046309076174341065]
[6, 2800, 0.007875298008774265]
[6, 2900, 0.0036802195539378155]
[6, 3000, 0.004385153452555339]
[6, 3100, 0.00656862933226306]
[6, 3200, 0.015502322803844105]
[6, 3300, 0.004345132847024937]
[6, 3400, 0.0043574728146948]
[6, 3500, 0.004310256302958787]
[6, 3600, 0.013938855643224234]
[6, 3700, 0.004346597074258207]
[6, 3800, 0.002742406093713009]
[6, 3900, 0.004474201587715534]
[6, 4000, 0.002068659271856751]
[6, 4100, 0.05680990700769906]
[6, 4200, 0.006529528685290404]
[6, 4300, 0.05324137572086218]
[6, 4400, 0.06422973401618726]
[6, 4500, 0.15273473961184722]
[6, 4600, 0.009724164249921086]
[6, 4700, 0.004577082817000572]
[6, 4800, 0.014782414291844223]
[6, 4900, 0.06669197660503966]
[6, 5000, 0.00964741755013514]
[6, 5100, 0.0098929935031467]
[6, 5200, 0.008661149728177773]
[6, 5300, 0.007985572622279929]
[6, 5400, 0.007356920627632526]
[6, 5500, 0.006031821472476227]
[6, 5600, 0.003465782512318004]
[6, 5700, 0.004064969342164319]
[6, 5800, 0.0033942376724397294]
[6, 5900, 0.0015027498958086727]
[6, 6000, 0.0038020875718858507]
[6, 6100, 0.0032074331033109414]
[6, 6200, 0.0022817717658148873]
[6, 6300, 0.0035523742136329113]
[6, 6400, 0.039878878930602414]
[6, 6500, 0.007453350105670968]
[6, 6600, 0.008702555088081746]
[6, 6700, 0.01189273294776377]
[6, 6800, 0.00871993074513445]
[6, 6900, 0.002651874465171737]
[6, 7000, 0.011737033574268071]
[6, 7100, 0.007118624870223228]
[6, 7200, 0.008128850146977588]
epoch 6 loss: 0.0
validation accuracy :  0.9975
validation class_total [1200.0, 1200.0, 1200.0, 1200.0, 1200.0, 1200.0]
validation class_correct [1200.0, 1198.0, 1193.0, 1198.0, 1198.0, 1195.0]
validation confusion_matrix [[1200, 0, 0, 0, 0, 0], [1, 1198, 0, 0, 1, 0], [0, 1, 1193, 2, 4, 0], [2, 0, 0, 1198, 0, 0], [2, 0, 0, 0, 1198, 0], [3, 1, 0, 1, 0, 1195]]
test accuracy :  0.242916666667
class_total [400.0, 400.0, 400.0, 400.0, 400.0, 400.0]
class_correct [51.0, 0.0, 276.0, 30.0, 212.0, 14.0]
confusion_matrix [[51, 87, 78, 147, 19, 18], [16, 0, 4, 170, 77, 133], [0, 10, 276, 0, 73, 41], [59, 0, 0, 30, 239, 72], [1, 0, 16, 10, 212, 161], [2, 0, 11, 147, 226, 14]]
traning started for  6 epoch
[7, 100, 0.005844101761326645]
[7, 200, 0.00304266419073548]
[7, 300, 0.002271575157088463]
[7, 400, 0.0021049663273975104]
[7, 500, 0.0148767726589935]
[7, 600, 0.04908241406835691]
[7, 700, 0.024936317193387736]
[7, 800, 0.0029548539055718314]
[7, 900, 0.03787819785301132]
[7, 1000, 0.009182633775653261]
[7, 1100, 0.014124070755159012]
[7, 1200, 0.010430456411958946]
[7, 1300, 0.004168505620474767]
[7, 1400, 0.006097249310426038]
[7, 1500, 0.005309080836748836]
[7, 1600, 0.007659847086126154]
[7, 1700, 0.002165707674893466]
[7, 1800, 0.0024220341383808792]
[7, 1900, 0.0026673499983970567]
[7, 2000, 0.0012373057278719816]
[7, 2100, 0.0013293160332573785]
[7, 2200, 0.006753203844783282]
[7, 2300, 0.002879735195275509]
[7, 2400, 0.005175643497043186]
[7, 2500, 0.009915014710089173]
[7, 2600, 0.001988805905737058]
[7, 2700, 0.009875499840938684]
[7, 2800, 0.0017719172468089095]
[7, 2900, 0.005833071891707603]
[7, 3000, 0.004477727292764066]
[7, 3100, 0.023177527418040265]
[7, 3200, 0.015045534480701794]
[7, 3300, 0.013628294973662405]
[7, 3400, 0.003454882689196654]
[7, 3500, 0.02976640547164763]
[7, 3600, 0.0027414331532487966]
[7, 3700, 0.02794003847873572]
[7, 3800, 0.08359999608511877]
[7, 3900, 0.0345111760226163]
[7, 4000, 0.04284802831784643]
[7, 4100, 0.0525782686291319]
[7, 4200, 0.014448705345693261]
[7, 4300, 0.003369259111809008]
[7, 4400, 0.2060624228583442]
[7, 4500, 0.03889724220892395]
[7, 4600, 0.07373007861050693]
[7, 4700, 0.024882974046649353]
[7, 4800, 0.0027982682892770477]
[7, 4900, 0.002874451454239662]
[7, 5000, 0.005702030779135348]
[7, 5100, 0.0048528151078657674]
[7, 5200, 0.0075960592790083456]
[7, 5300, 0.02015301434680669]
[7, 5400, 0.0034128921200530698]
[7, 5500, 0.009482879831333352]
[7, 5600, 0.003163496653238932]
[7, 5700, 0.0077971569215408475]
[7, 5800, 0.020086375149813564]
[7, 5900, 0.003713400676997021]
[7, 6000, 0.009110294207177981]
[7, 6100, 0.0026057416742498226]
[7, 6200, 0.009440792931450738]
[7, 6300, 0.006314239116630169]
[7, 6400, 0.004850821061567826]
[7, 6500, 0.007959939012623797]
[7, 6600, 0.0018743312720096474]
[7, 6700, 0.0026688864736846]
[7, 6800, 0.014845535008594243]
[7, 6900, 0.0013309392062100496]
[7, 7000, 0.002675875268801294]
[7, 7100, 0.0015469801546347261]
[7, 7200, 0.004511722410568083]
epoch 7 loss: 0.0
validation accuracy :  0.998888888889
validation class_total [1200.0, 1200.0, 1200.0, 1200.0, 1200.0, 1200.0]
validation class_correct [1199.0, 1200.0, 1194.0, 1200.0, 1200.0, 1199.0]
validation confusion_matrix [[1199, 0, 0, 0, 1, 0], [0, 1200, 0, 0, 0, 0], [0, 2, 1194, 0, 2, 2], [0, 0, 0, 1200, 0, 0], [0, 0, 0, 0, 1200, 0], [0, 0, 0, 0, 1, 1199]]
test accuracy :  0.112083333333
class_total [400.0, 400.0, 400.0, 400.0, 400.0, 400.0]
class_correct [21.0, 0.0, 145.0, 26.0, 67.0, 10.0]
confusion_matrix [[21, 167, 128, 51, 16, 17], [5, 0, 3, 90, 104, 198], [0, 76, 145, 0, 21, 158], [41, 0, 0, 26, 232, 101], [1, 3, 6, 3, 67, 320], [0, 0, 15, 102, 273, 10]]
traning started for  7 epoch
[8, 100, 0.006192941858310892]
[8, 200, 0.0035926067467891808]
[8, 300, 0.010962967920785]
[8, 400, 0.0015560304275666825]
[8, 500, 0.008042821980486012]
[8, 600, 0.010972509480486012]
[8, 700, 0.0058159298366970485]
[8, 800, 0.0013076849658079821]
[8, 900, 0.0018605126274956597]
[8, 1000, 0.001595265937573982]
[8, 1100, 0.0012576218807336056]
[8, 1200, 0.0028933756279222894]
[8, 1300, 0.0018117933562307646]
[8, 1400, 0.0007280677255958018]
[8, 1500, 0.0013751790981100063]
[8, 1600, 0.007371049938779889]
[8, 1700, 0.0017007432802759036]
[8, 1800, 0.0013444688585069445]
[8, 1900, 0.0014209939975931187]
[8, 2000, 0.002670119507144196]
[8, 2100, 0.002160327603118588]
[8, 2200, 0.0030981603294912012]
[8, 2300, 0.0010729654870852076]
[8, 2400, 0.0014616744686858823]
[8, 2500, 0.0011856965344361585]
[8, 2600, 0.0143576655725036]
[8, 2700, 0.004602981336189039]
[8, 2800, 0.011240190929836698]
[8, 2900, 0.03598711225721571]
[8, 3000, 0.028020483074766216]
[8, 3100, 0.0056751328285294346]
[8, 3200, 0.002974924415048927]
[8, 3300, 0.0015994322420370699]
[8, 3400, 0.0016567875640560881]
[8, 3500, 0.13959512325248333]
[8, 3600, 0.009530500932173296]
[8, 3700, 0.005602012981068005]
[8, 3800, 0.010767173285436148]
[8, 3900, 0.01146657539136482]
[8, 4000, 0.0032301382585005326]
[8, 4100, 0.0033462601478653725]
[8, 4200, 0.017466032143795128]
[8, 4300, 0.0010543832875261404]
[8, 4400, 0.001995683920503867]
[8, 4500, 0.0021328781590317235]
[8, 4600, 0.00383904967645202]
[8, 4700, 0.00416841892280964]
[8, 4800, 0.005286207102765941]
[8, 4900, 0.0028639995690548058]
[8, 5000, 0.006856475213561395]
[8, 5100, 0.011661283897631096]
[8, 5200, 0.004254630117705374]
[8, 5300, 0.001703618752835977]
[8, 5400, 0.001711874297170928]
[8, 5500, 0.0038167202111446495]
[8, 5600, 0.009838667782870207]
[8, 5700, 0.003541421408605094]
[8, 5800, 0.0011258510628131904]
[8, 5900, 0.002375896530922013]
[8, 6000, 0.002582978720616813]
[8, 6100, 0.0008537600738833649]
[8, 6200, 0.04104400885225547]
[8, 6300, 0.15882035457726681]
[8, 6400, 0.005601184536712338]
[8, 6500, 0.06466758130776762]
[8, 6600, 0.004071404235531585]
[8, 6700, 0.027991123873778063]
[8, 6800, 0.02400758531358507]
[8, 6900, 0.00873126887311839]
[8, 7000, 0.009010825494323114]
[8, 7100, 0.02344799041748047]
[8, 7200, 0.014949283214530559]
epoch 8 loss: 0.0
validation accuracy :  0.997777777778
validation class_total [1200.0, 1200.0, 1200.0, 1200.0, 1200.0, 1200.0]
validation class_correct [1196.0, 1192.0, 1200.0, 1200.0, 1196.0, 1200.0]
validation confusion_matrix [[1196, 0, 0, 2, 1, 1], [1, 1192, 0, 0, 5, 2], [0, 0, 1200, 0, 0, 0], [0, 0, 0, 1200, 0, 0], [0, 0, 0, 0, 1196, 4], [0, 0, 0, 0, 0, 1200]]
test accuracy :  0.143333333333
class_total [400.0, 400.0, 400.0, 400.0, 400.0, 400.0]
class_correct [10.0, 0.0, 213.0, 14.0, 36.0, 71.0]
confusion_matrix [[10, 97, 108, 89, 8, 88], [4, 0, 6, 107, 54, 229], [0, 1, 213, 0, 17, 169], [9, 0, 2, 14, 201, 174], [0, 0, 12, 1, 36, 351], [0, 0, 24, 177, 128, 71]]
traning started for  8 epoch
[9, 100, 0.004392811746308298]
[9, 200, 0.0036482136658947876]
[9, 300, 0.0026708564372977827]
[9, 400, 0.00218281601414536]
[9, 500, 0.0052375600795553185]
[9, 600, 0.0010180762319853811]
[9, 700, 0.0018715424971147017]
[9, 800, 0.005589080579353102]
[9, 900, 0.0020591562444513493]
[9, 1000, 0.004278154084176728]
[9, 1100, 0.005205838367192432]
[9, 1200, 0.05980164836151431]
[9, 1300, 0.00931047670768969]
[9, 1400, 0.007579403694229897]
[9, 1500, 0.00989489121870561]
[9, 1600, 0.00671766743515477]
[9, 1700, 0.0016654573305688724]
[9, 1800, 0.02343585154022833]
[9, 1900, 0.26709311899512705]
[9, 2000, 0.020866105050751656]
[9, 2100, 0.004217740261193478]
[9, 2200, 0.025844911132195985]
[9, 2300, 0.022950699835112602]
[9, 2400, 0.012323610710375237]
[9, 2500, 0.01047456625736121]
[9, 2600, 0.0045931074354383684]
[9, 2700, 0.0027917707809294113]
[9, 2800, 0.005749765068593651]
[9, 2900, 0.002819037196612117]
[9, 3000, 0.005623648865054352]
[9, 3100, 0.0024090535712964606]
[9, 3200, 0.0018806746511748343]
[9, 3300, 0.001999941739169034]
[9, 3400, 0.002012286523375848]
[9, 3500, 0.0010231432288584084]
[9, 3600, 0.001377924524172388]
[9, 3700, 0.0014206664730804135]
[9, 3800, 0.012119895280009568]
[9, 3900, 0.0029502541127831043]
[9, 4000, 0.01890467634104719]
[9, 4100, 0.04609029943292791]
[9, 4200, 0.005708391016179865]
[9, 4300, 0.002314476051715889]
[9, 4400, 0.0016442645679820669]
[9, 4500, 0.0021515374231820153]
[9, 4600, 0.004078927666249901]
[9, 4700, 0.0019701081092911537]
[9, 4800, 0.0019249819745921126]
[9, 4900, 0.0011317368709679806]
[9, 5000, 0.0030588092225970645]
[9, 5100, 0.0029726076607752326]
[9, 5200, 0.0030032745515457307]
[9, 5300, 0.007888008849789399]
[9, 5400, 0.028858179997916174]
[9, 5500, 0.005676606688836608]
[9, 5600, 0.003399916369505603]
[9, 5700, 0.004883477182099314]
[9, 5800, 0.002097712622748481]
[9, 5900, 0.0016151341524991121]
[9, 6000, 0.0022117104193176886]
[9, 6100, 0.007677217926641907]
[9, 6200, 0.0018174720532966383]
[9, 6300, 0.002167981080334596]
[9, 6400, 0.0015240727048931699]
[9, 6500, 0.002137834375554865]
[9, 6600, 0.0018195287145749486]
[9, 6700, 0.004579491085476345]
[9, 6800, 0.002201865417788727]
[9, 6900, 0.0014686969795612373]
[9, 7000, 0.0018700060218271584]
[9, 7100, 0.002013914512865471]
[9, 7200, 0.0016854218762330335]
epoch 9 loss: 0.0
validation accuracy :  0.999861111111
validation class_total [1200.0, 1200.0, 1200.0, 1200.0, 1200.0, 1200.0]
validation class_correct [1200.0, 1200.0, 1199.0, 1200.0, 1200.0, 1200.0]
validation confusion_matrix [[1200, 0, 0, 0, 0, 0], [0, 1200, 0, 0, 0, 0], [0, 1, 1199, 0, 0, 0], [0, 0, 0, 1200, 0, 0], [0, 0, 0, 0, 1200, 0], [0, 0, 0, 0, 0, 1200]]
test accuracy :  0.1875
class_total [400.0, 400.0, 400.0, 400.0, 400.0, 400.0]
class_correct [33.0, 0.0, 299.0, 17.0, 72.0, 29.0]
confusion_matrix [[33, 133, 82, 123, 5, 24], [15, 0, 4, 78, 114, 189], [0, 11, 299, 0, 28, 62], [42, 3, 0, 17, 211, 127], [1, 0, 26, 1, 72, 300], [0, 0, 27, 187, 157, 29]]
traning started for  9 epoch
[10, 100, 0.0018790177624635022]
[10, 200, 0.0014038374929717093]
[10, 300, 0.0020107644976991596]
[10, 400, 0.0009763553889110835]
[10, 500, 0.0025817601367680715]
[10, 600, 0.0010605291886763139]
[10, 700, 0.004694933843131017]
[10, 800, 0.002052466074625651]
[10, 900, 0.006459910460192748]
[10, 1000, 0.0023907073820480193]
[10, 1100, 0.00221647879089972]
[10, 1200, 0.0015659669432977234]
[10, 1300, 0.0008198420206705729]
[10, 1400, 0.0017869111263390744]
[10, 1500, 0.0006608866681956281]
[10, 1600, 0.0008665238968049637]
[10, 1700, 0.0010887107463798138]
[10, 1800, 0.001409800365717724]
[10, 1900, 0.0008053875932789812]
[10, 2000, 0.0011125477877530184]
[10, 2100, 0.0009735425313313802]
[10, 2200, 0.0008694619843454072]
[10, 2300, 0.0008713500668304135]
[10, 2400, 0.0030394900928844104]
[10, 2500, 0.006148598410866477]
[10, 2600, 0.006289660328566426]
[10, 2700, 0.0048861455435704705]
[10, 2800, 0.0030930692499334164]
[10, 2900, 0.0020274634313101722]
[10, 3000, 0.0012776875736737491]
[10, 3100, 0.002656536872940834]
[10, 3200, 0.0010203640870373658]
[10, 3300, 0.0016246757122001263]
[10, 3400, 0.0010521050655480587]
[10, 3500, 0.0012520973128501815]
[10, 3600, 0.0011903155933726919]
[10, 3700, 0.0018697555619056779]
[10, 3800, 0.0017079777187771266]
[10, 3900, 0.0019958476827602193]
[10, 4000, 0.0016491870687465476]
[10, 4100, 0.0120927444612137]
[10, 4200, 0.03614108971875123]
[10, 4300, 0.002472752272480666]
[10, 4400, 0.0025394805754073943]
[10, 4500, 0.007315642905957771]
[10, 4600, 0.002214990480981692]
[10, 4700, 0.002879807443329782]
[10, 4800, 0.0009914841314758917]
[10, 4900, 0.0011034108171559343]
[10, 5000, 0.002436999118689335]
[10, 5100, 0.0017004783707435685]
[10, 5200, 0.005828549163510101]
[10, 5300, 0.0019786767285279554]
[10, 5400, 0.0019292446097942315]
[10, 5500, 0.0042744453507240375]
[10, 5600, 0.0026048698810615923]
[10, 5700, 0.0027057715136595446]
[10, 5800, 0.0027778461726024896]
[10, 5900, 0.0016385136228619199]
[10, 6000, 0.0013673618586376459]
[10, 6100, 0.0015713421985356494]
[10, 6200, 0.0009984440273708766]
[10, 6300, 0.0017325227910822089]
[10, 6400, 0.0018692642751366201]
[10, 6500, 0.0008575699546120384]
[10, 6600, 0.0022997278155702534]
[10, 6700, 0.0017553387266216855]
[10, 6800, 0.0015776422288682726]
[10, 6900, 0.0017740172569197838]
[10, 7000, 0.0017865787852894175]
[10, 7100, 0.0030103307781797466]
[10, 7200, 0.002011005324546737]
epoch 10 loss: 0.0
validation accuracy :  1.0
validation class_total [1200.0, 1200.0, 1200.0, 1200.0, 1200.0, 1200.0]
validation class_correct [1200.0, 1200.0, 1200.0, 1200.0, 1200.0, 1200.0]
validation confusion_matrix [[1200, 0, 0, 0, 0, 0], [0, 1200, 0, 0, 0, 0], [0, 0, 1200, 0, 0, 0], [0, 0, 0, 1200, 0, 0], [0, 0, 0, 0, 1200, 0], [0, 0, 0, 0, 0, 1200]]
test accuracy :  0.17625
class_total [400.0, 400.0, 400.0, 400.0, 400.0, 400.0]
class_correct [25.0, 1.0, 273.0, 18.0, 68.0, 38.0]
confusion_matrix [[25, 199, 85, 71, 4, 16], [20, 1, 9, 86, 80, 204], [0, 12, 273, 0, 18, 97], [44, 0, 4, 18, 167, 167], [1, 5, 23, 0, 68, 303], [0, 0, 48, 132, 182, 38]]
traning started for  10 epoch
[11, 100, 0.0007737766612659801]
[11, 200, 0.0019332375189270636]
[11, 300, 0.0027705732018056544]
[11, 400, 0.0018849180202291469]
[11, 500, 0.0017340544498328006]
[11, 600, 0.0010621571781659366]
[11, 700, 0.001434432135687934]
[11, 800, 0.000913880088112571]
[11, 900, 0.0013933133597325796]
[11, 1000, 0.0029251984875611585]
[11, 1100, 0.0011936486369431621]
[11, 1200, 0.0009754450634272411]
[11, 1300, 0.0009484339242029671]
[11, 1400, 0.0010810958014594184]
[11, 1500, 0.00078181064490116]
[11, 1600, 0.0025543010596073036]
[11, 1700, 0.0017685938363123422]
[11, 1800, 0.0010647340254350142]
[11, 1900, 0.0006286014210094105]
[11, 2000, 0.0012312706070716935]
[11, 2100, 0.0017856973590272846]
[11, 2200, 0.0009963632834078086]
[11, 2300, 0.0010071571427162247]
[11, 2400, 0.0010686402369027186]
[11, 2500, 0.0014202474343656289]
[11, 2600, 0.0015185770362314552]
[11, 2700, 0.0014088177921796085]
[11, 2800, 0.0011840926276312934]
[11, 2900, 0.0018547857650602706]
[11, 3000, 0.0016239676812682489]
[11, 3100, 0.0019571179091328324]
[11, 3200, 0.0011279896052196771]
[11, 3300, 0.001234632549863873]
[11, 3400, 0.0012105594981800425]
[11, 3500, 0.0010333061218261719]
[11, 3600, 0.0014081916423759075]
[11, 3700, 0.0013629354611791745]
[11, 3800, 0.0009984392108339252]
[11, 3900, 0.0010550624192363085]
[11, 4000, 0.0010531069052339805]
[11, 4100, 0.0010352038373850814]
[11, 4200, 0.001155342718567511]
[11, 4300, 0.0009013185597429371]
[11, 4400, 0.0008910400698883365]
[11, 4500, 0.0008476864207874645]
[11, 4600, 0.0014069152600837476]
[11, 4700, 0.0008386120651707505]
[11, 4800, 0.0008595640009099787]
[11, 4900, 0.0013298699350068064]
[11, 5000, 0.0010607651989869397]
[11, 5100, 0.0010226278594045928]
[11, 5200, 0.0016237268544206716]
[11, 5300, 0.0014274337074973366]
[11, 5400, 0.0026672199518993646]
[11, 5500, 0.0012933894841357916]
[11, 5600, 0.0012530895194622002]
[11, 5700, 0.0013147171097572404]
[11, 5800, 0.0013072803767040521]
[11, 5900, 0.0008780402366561119]
[11, 6000, 0.0011267758379078874]
[11, 6100, 0.0012907452053493923]
[11, 6200, 0.0014502689091846197]
[11, 6300, 0.0007869739725132181]
[11, 6400, 0.0013079595084142203]
[11, 6500, 0.001297208997938368]
[11, 6600, 0.001414106349752407]
[11, 6700, 0.0011493075977672231]
[11, 6800, 0.0011268625355730154]
[11, 6900, 0.0010543062229349156]
[11, 7000, 0.001025941636827257]
[11, 7100, 0.0011390050252278645]
[11, 7200, 0.0010205230327567669]
epoch 11 loss: 0.0
validation accuracy :  1.0
validation class_total [1200.0, 1200.0, 1200.0, 1200.0, 1200.0, 1200.0]
validation class_correct [1200.0, 1200.0, 1200.0, 1200.0, 1200.0, 1200.0]
validation confusion_matrix [[1200, 0, 0, 0, 0, 0], [0, 1200, 0, 0, 0, 0], [0, 0, 1200, 0, 0, 0], [0, 0, 0, 1200, 0, 0], [0, 0, 0, 0, 1200, 0], [0, 0, 0, 0, 0, 1200]]
test accuracy :  0.18625
class_total [400.0, 400.0, 400.0, 400.0, 400.0, 400.0]
class_correct [17.0, 1.0, 306.0, 24.0, 77.0, 22.0]
confusion_matrix [[17, 109, 145, 95, 7, 27], [15, 1, 10, 105, 98, 171], [0, 6, 306, 0, 23, 65], [21, 0, 3, 24, 213, 139], [1, 3, 27, 1, 77, 291], [0, 0, 58, 159, 161, 22]]
traning started for  11 epoch
[12, 100, 0.0012502140469021266]
[12, 200, 0.0019181087763622553]
[12, 300, 0.0012033635919744318]
[12, 400, 0.0012415105646306818]
[12, 500, 0.0017369010231711648]
[12, 600, 0.0013098379578253235]
[12, 700, 0.0011815832118795375]
[12, 800, 0.0013767926379887744]
[12, 900, 0.0015494703042386758]
[12, 1000, 0.0024557787962634155]
[12, 1100, 0.0028722888291484176]
[12, 1200, 0.0008979566169507576]
[12, 1300, 0.0015625761012838344]
[12, 1400, 0.0021818960555876144]
[12, 1500, 0.001383299779410314]
[12, 1600, 0.0013176840965193931]
[12, 1700, 0.0010472162805422389]
[12, 1800, 0.0008782762469667377]
[12, 1900, 0.0012851146736530341]
[12, 2000, 0.001346992723869555]
[12, 2100, 0.0013218359513716264]
[12, 2200, 0.001040593542233862]
[12, 2300, 0.000799482518976385]
[12, 2400, 0.0013252027107007575]
[12, 2500, 0.0017732466110075363]
[12, 2600, 0.0013690476465706874]
[12, 2700, 0.0017824076642893782]
[12, 2800, 0.0015697093925090752]
[12, 2900, 0.002270712996974136]
[12, 3000, 0.0013736281732116083]
[12, 3100, 0.0024912477743746055]
[12, 3200, 0.0015389847032951586]
[12, 3300, 0.0012006615147446141]
[12, 3400, 0.0016428244234335543]
[12, 3500, 0.0019795099894205728]
[12, 3600, 0.0012834722345525568]
[12, 3700, 0.0016141660285718513]
[12, 3800, 0.0014634565873579545]
[12, 3900, 0.0010925639759410512]
[12, 4000, 0.0010939077897505326]
[12, 4100, 0.0018047419461337004]
[12, 4200, 0.0009190096999659683]
[12, 4300, 0.0008616351117991438]
[12, 4400, 0.0014772174334285236]
[12, 4500, 0.0011541193181818182]
[12, 4600, 0.0034902216208101524]
[12, 4700, 0.0012569957309299046]
[12, 4800, 0.0007812230273930714]
[12, 4900, 0.0010475438050549439]
[12, 5000, 0.001861061712708136]
[12, 5100, 0.0015475774052167179]
[12, 5200, 0.0013269462970772175]
[12, 5300, 0.0018666344459610756]
[12, 5400, 0.0010165445732347894]
[12, 5500, 0.0020795157461455374]
[12, 5600, 0.0020452990676417494]
[12, 5700, 0.0017975749391497989]
[12, 5800, 0.0013960250700363005]
[12, 5900, 0.0015117038380015981]
[12, 6000, 0.0015149742665916982]
[12, 6100, 0.0020978041369505603]
[12, 6200, 0.0010176475601966935]
[12, 6300, 0.0011160783093385022]
[12, 6400, 0.0014569398128625119]
[12, 6500, 0.0013724818374171402]
[12, 6600, 0.001553920784381905]
[12, 6700, 0.0019984100804184422]
[12, 6800, 0.0012525741500083846]
[12, 6900, 0.0016609057031496607]
[12, 7000, 0.0017678135573261915]
[12, 7100, 0.001693215033020636]
[12, 7200, 0.0014652868713995423]
epoch 12 loss: 0.0
validation accuracy :  1.0
validation class_total [1200.0, 1200.0, 1200.0, 1200.0, 1200.0, 1200.0]
validation class_correct [1200.0, 1200.0, 1200.0, 1200.0, 1200.0, 1200.0]
validation confusion_matrix [[1200, 0, 0, 0, 0, 0], [0, 1200, 0, 0, 0, 0], [0, 0, 1200, 0, 0, 0], [0, 0, 0, 1200, 0, 0], [0, 0, 0, 0, 1200, 0], [0, 0, 0, 0, 0, 1200]]
test accuracy :  0.187916666667
class_total [400.0, 400.0, 400.0, 400.0, 400.0, 400.0]
class_correct [13.0, 0.0, 313.0, 25.0, 79.0, 21.0]
confusion_matrix [[13, 90, 155, 113, 6, 23], [11, 0, 7, 130, 96, 156], [0, 16, 313, 0, 26, 45], [22, 1, 3, 25, 205, 144], [1, 3, 28, 1, 79, 288], [0, 0, 46, 164, 169, 21]]
traning started for  12 epoch
[13, 100, 0.0010850742609813959]
[13, 200, 0.0013063411519985007]
[13, 300, 0.0014165868662824534]
[13, 400, 0.0009940272629863085]
[13, 500, 0.0014230024935019136]
[13, 600, 0.0017294980058766374]
[13, 700, 0.0018417136837737729]
[13, 800, 0.0012133579061488914]
[13, 900, 0.0016489944072684856]
[13, 1000, 0.0014081723762281013]
[13, 1100, 0.0007833134044300426]
[13, 1200, 0.00156710846255524]
[13, 1300, 0.0012550883822970921]
[13, 1400, 0.001298856253575797]
[13, 1500, 0.0011171572136156487]
[13, 1600, 0.0017844643255676886]
[13, 1700, 0.0011192909394851839]
[13, 1800, 0.0012707758431482797]
[13, 1900, 0.0013248992688728101]
[13, 2000, 0.0011139542165428701]
[13, 2100, 0.0015790775568798334]
[13, 2200, 0.002234251812250927]
[13, 2300, 0.0015048643555304016]
[13, 2400, 0.0016621146539244989]
[13, 2500, 0.00215563147959083]
[13, 2600, 0.0016814434167110558]
[13, 2700, 0.001133475640807489]
[13, 2800, 0.002074429483124704]
[13, 2900, 0.0013987078811183121]
[13, 3000, 0.0013155648202607126]
[13, 3100, 0.0016880276227238201]
[13, 3200, 0.0013394114947078205]
[13, 3300, 0.0017407060873628867]
[13, 3400, 0.001980593710234671]
[13, 3500, 0.0015949769453568892]
[13, 3600, 0.0024289699515911063]
[13, 3700, 0.0018391127538199376]
[13, 3800, 0.0012121152396153921]
[13, 3900, 0.0016738862702340791]
[13, 4000, 0.0014849961406052715]
[13, 4100, 0.0012849990767661971]
[13, 4200, 0.0014476149973243174]
[13, 4300, 0.0011484743368746055]
[13, 4400, 0.0010823625506776752]
[13, 4500, 0.0011653659319636799]
[13, 4600, 0.002826531728108724]
[13, 4700, 0.0012691719363434146]
[13, 4800, 0.0013961214007753315]
[13, 4900, 0.0014435353905263573]
[13, 5000, 0.0012974787240076547]
[13, 5100, 0.0013899610500143031]
[13, 5200, 0.0016247046114218355]
[13, 5300, 0.001214528324628117]
[13, 5400, 0.0020498314289131548]
[13, 5500, 0.004881832334730361]
[13, 5600, 0.0015593586546002011]
[13, 5700, 0.0022908220387468435]
[13, 5800, 0.0015892356333106455]
[13, 5900, 0.0019212009930851483]
[13, 6000, 0.003072637500184955]
[13, 6100, 0.0015327472879429055]
[13, 6200, 0.0012463897165625986]
[13, 6300, 0.0013900332980685765]
[13, 6400, 0.002066925318554194]
[13, 6500, 0.0014423360728254221]
[13, 6600, 0.0025320245762063998]
[13, 6700, 0.0017695860429243608]
[13, 6800, 0.0018828517258769335]
[13, 6900, 0.0018862955497972894]
[13, 7000, 0.0015864709411004577]
[13, 7100, 0.0016061079622519136]
[13, 7200, 0.0011740597811612215]
epoch 13 loss: 0.0
validation accuracy :  1.0
validation class_total [1200.0, 1200.0, 1200.0, 1200.0, 1200.0, 1200.0]
validation class_correct [1200.0, 1200.0, 1200.0, 1200.0, 1200.0, 1200.0]
validation confusion_matrix [[1200, 0, 0, 0, 0, 0], [0, 1200, 0, 0, 0, 0], [0, 0, 1200, 0, 0, 0], [0, 0, 0, 1200, 0, 0], [0, 0, 0, 0, 1200, 0], [0, 0, 0, 0, 0, 1200]]
test accuracy :  0.180833333333
class_total [400.0, 400.0, 400.0, 400.0, 400.0, 400.0]
class_correct [13.0, 0.0, 303.0, 22.0, 74.0, 22.0]
confusion_matrix [[13, 72, 174, 108, 4, 29], [9, 0, 10, 115, 120, 146], [0, 11, 303, 0, 23, 63], [20, 1, 1, 22, 210, 146], [1, 2, 29, 0, 74, 294], [0, 0, 49, 174, 155, 22]]
traning started for  13 epoch
[14, 100, 0.0009265234976103811]
[14, 200, 0.0009232000871138139]
[14, 300, 0.0017734440890225496]
[14, 400, 0.001330086679169626]
[14, 500, 0.0015688087000991359]
[14, 600, 0.0013716244938397648]
[14, 700, 0.0015231431132615215]
[14, 800, 0.0013260118889086175]
[14, 900, 0.0011538736747972894]
[14, 1000, 0.0017712381150987414]
[14, 1100, 0.0011121769144077493]
[14, 1200, 0.0018328127234873146]
[14, 1300, 0.0018533022716791944]
[14, 1400, 0.002192290142329052]
[14, 1500, 0.0023021938824894454]
[14, 1600, 0.001629087660047743]
[14, 1700, 0.0013469012096674756]
[14, 1800, 0.0015426115556196733]
[14, 1900, 0.001050486709132339]
[14, 2000, 0.00145413177181976]
[14, 2100, 0.0020646085642805003]
[14, 2200, 0.0018874274359809028]
[14, 2300, 0.0014309305133241596]
[14, 2400, 0.0012700678122164024]
[14, 2500, 0.0022227836377692947]
[14, 2600, 0.0020810666710439356]
[14, 2700, 0.0014367199907399186]
[14, 2800, 0.002868984684799657]
[14, 2900, 0.0020559773300633287]
[14, 3000, 0.00291087892320421]
[14, 3100, 0.001700632499926018]
[14, 3200, 0.0014597189546835543]
[14, 3300, 0.002184834143128058]
[14, 3400, 0.0016855326565829191]
[14, 3500, 0.0015442973435527147]
[14, 3600, 0.002163082662254873]
[14, 3700, 0.0011674466759267479]
[14, 3800, 0.0011200278696387705]
[14, 3900, 0.002081924014621311]
[14, 4000, 0.0014340805284904711]
[14, 4100, 0.0019541846381293405]
[14, 4200, 0.0016629190155954072]
[14, 4300, 0.0014939982481677124]
[14, 4400, 0.0014197465145226681]
[14, 4500, 0.001298432398324061]
[14, 4600, 0.0014661875638094816]
[14, 4700, 0.0015503709966486151]
[14, 4800, 0.0018025311556729403]
[14, 4900, 0.0012520443309437144]
[14, 5000, 0.0016987685001257694]
[14, 5100, 0.001241433500039457]
[14, 5200, 0.0033859580454200207]
[14, 5300, 0.0013319940278024385]
[14, 5400, 0.002438400730942235]
[14, 5500, 0.0022452046172787444]
[14, 5600, 0.0011645663868297231]
[14, 5700, 0.0016105199100995304]
[14, 5800, 0.0019048777493563566]
[14, 5900, 0.0016459166401564473]
[14, 6000, 0.0016020428050648081]
[14, 6100, 0.0019226218714858546]
[14, 6200, 0.0012808520384509155]
[14, 6300, 0.001003265380859375]
[14, 6400, 0.0018149096556384155]
[14, 6500, 0.001545462945494989]
[14, 6600, 0.0019817255964182843]
[14, 6700, 0.0019474655690819326]
[14, 6800, 0.0013052237154257418]
[14, 6900, 0.0011958016289605035]
[14, 7000, 0.0014154308974140821]
[14, 7100, 0.0012685939519092291]
[14, 7200, 0.0011408353092694523]
epoch 14 loss: 0.0
validation accuracy :  1.0
validation class_total [1200.0, 1200.0, 1200.0, 1200.0, 1200.0, 1200.0]
validation class_correct [1200.0, 1200.0, 1200.0, 1200.0, 1200.0, 1200.0]
validation confusion_matrix [[1200, 0, 0, 0, 0, 0], [0, 1200, 0, 0, 0, 0], [0, 0, 1200, 0, 0, 0], [0, 0, 0, 1200, 0, 0], [0, 0, 0, 0, 1200, 0], [0, 0, 0, 0, 0, 1200]]
test accuracy :  0.16875
class_total [400.0, 400.0, 400.0, 400.0, 400.0, 400.0]
class_correct [15.0, 0.0, 296.0, 24.0, 53.0, 17.0]
confusion_matrix [[15, 71, 165, 111, 8, 30], [6, 0, 11, 122, 107, 154], [0, 16, 296, 0, 22, 66], [14, 1, 1, 24, 200, 160], [1, 0, 18, 2, 53, 326], [0, 0, 52, 165, 166, 17]]
traning started for  14 epoch
[15, 100, 0.0015919425270774148]
[15, 200, 0.0015028462265477035]
[15, 300, 0.002619463988024779]
[15, 400, 0.0021966346586593474]
[15, 500, 0.0025124309038875078]
[15, 600, 0.001678052574697167]
[15, 700, 0.0024372158628521543]
[15, 800, 0.0018288583466500947]
[15, 900, 0.002333308711196437]
[15, 1000, 0.0023023094793762824]
[15, 1100, 0.0010593298709753788]
[15, 1200, 0.0014373991224500868]
[15, 1300, 0.0010405164776426373]
[15, 1400, 0.0020447788816509824]
[15, 1500, 0.0015621618791060014]
[15, 1600, 0.0014922450287173494]
[15, 1700, 0.0015848863004433989]
[15, 1800, 0.0018861847694474037]
[15, 1900, 0.0012513940984552557]
[15, 2000, 0.0012433167659875119]
[15, 2100, 0.001955971573338364]
[15, 2200, 0.0017170665240046955]
[15, 2300, 0.0013646597814078283]
[15, 2400, 0.0019229397629246566]
[15, 2500, 0.0017565621270073785]
[15, 2600, 0.0015697623744155421]
[15, 2700, 0.001616718793156171]
[15, 2800, 0.001795277451023911]
[15, 2900, 0.0018345322271790167]
[15, 3000, 0.0011292033725314671]
[15, 3100, 0.0020943988453258166]
[15, 3200, 0.0011957968124235519]
[15, 3300, 0.00153618629532631]
[15, 3400, 0.001729290894787721]
[15, 3500, 0.0017554784061932804]
[15, 3600, 0.0014430392872203481]
[15, 3700, 0.0018036967576152147]
[15, 3800, 0.0011169163867680713]
[15, 3900, 0.0018184160945391415]
[15, 4000, 0.0017365108836780894]
[15, 4100, 0.0016364906773422704]
[15, 4200, 0.001744646014589252]
[15, 4300, 0.0025945721250591855]
[15, 4400, 0.0013639565670129025]
[15, 4500, 0.0028041396478209833]
[15, 4600, 0.0016377188942649148]
[15, 4700, 0.0016857590338196417]
[15, 4800, 0.0009888591188372989]
[15, 4900, 0.0015664341473820233]
[15, 5000, 0.0022094996288569285]
[15, 5100, 0.0014567808671431108]
[15, 5200, 0.002229941011679293]
[15, 5300, 0.0014515982733832465]
[15, 5400, 0.0015033856786862768]
[15, 5500, 0.002830433123039477]
[15, 5600, 0.0015302089729694404]
[15, 5700, 0.001809081645927044]
[15, 5800, 0.0019843409759829744]
[15, 5900, 0.0016097588972611861]
[15, 6000, 0.0021215014987521702]
[15, 6100, 0.0018798702895039259]
[15, 6200, 0.0013936360677083333]
[15, 6300, 0.0018571795839251895]
[15, 6400, 0.0017257989054978496]
[15, 6500, 0.0015115737915039062]
[15, 6600, 0.0021155578921539615]
[15, 6700, 0.0023217442059757735]
[15, 6800, 0.0018465398537992226]
[15, 6900, 0.0012817141985652424]
[15, 7000, 0.001600824221216067]
[15, 7100, 0.0020579328440656565]
[15, 7200, 0.0014999659374506787]
epoch 15 loss: 0.0
validation accuracy :  1.0
validation class_total [1200.0, 1200.0, 1200.0, 1200.0, 1200.0, 1200.0]
validation class_correct [1200.0, 1200.0, 1200.0, 1200.0, 1200.0, 1200.0]
validation confusion_matrix [[1200, 0, 0, 0, 0, 0], [0, 1200, 0, 0, 0, 0], [0, 0, 1200, 0, 0, 0], [0, 0, 0, 1200, 0, 0], [0, 0, 0, 0, 1200, 0], [0, 0, 0, 0, 0, 1200]]
test accuracy :  0.168333333333
class_total [400.0, 400.0, 400.0, 400.0, 400.0, 400.0]
class_correct [12.0, 0.0, 296.0, 23.0, 57.0, 16.0]
confusion_matrix [[12, 74, 165, 117, 7, 25], [5, 0, 13, 127, 111, 144], [0, 19, 296, 0, 25, 60], [16, 2, 2, 23, 223, 134], [1, 1, 33, 2, 57, 306], [0, 0, 53, 163, 168, 16]]
traning started for  15 epoch
[16, 100, 0.0016691227151889993]
[16, 200, 0.0016632561731820155]
[16, 300, 0.0023300190164585307]
[16, 400, 0.001545366614755958]
[16, 500, 0.0023124531061962396]
[16, 600, 0.0014791151489874329]
[16, 700, 0.0016094650885071417]
[16, 800, 0.0019468875846477471]
[16, 900, 0.0018293062845865886]
[16, 1000, 0.0016367266876528962]
[16, 1100, 0.0013493913592714252]
[16, 1200, 0.0013266910206187856]
[16, 1300, 0.0015644112018623737]
[16, 1400, 0.0021425497652304295]
[16, 1500, 0.0027700289331301295]
[16, 1600, 0.0021758272190286654]
[16, 1700, 0.001678264502323035]
[16, 1800, 0.0018785409253052991]
[16, 1900, 0.0015463588213679767]
[16, 2000, 0.0015477989659164891]
[16, 2100, 0.00144516338001598]
[16, 2200, 0.0012449062231815224]
[16, 2300, 0.0012483355974910236]
[16, 2400, 0.0017916505986993964]
[16, 2500, 0.0025650515700831556]
[16, 2600, 0.0020209707394994872]
[16, 2700, 0.001497018216836332]
[16, 2800, 0.0025011024089774702]
[16, 2900, 0.0018103628447561553]
