cuda
Training started
traning started for  1 epoch
epoch 1 loss: 1.79255485535
validation accuracy :  0.166666666667
validation class_total [1200.0, 1200.0, 1200.0, 1200.0, 1200.0, 1200.0]
validation class_correct [0.0, 0.0, 1200.0, 0.0, 0.0, 0.0]
validation confusion_matrix [[0, 0, 1200, 0, 0, 0], [0, 0, 1200, 0, 0, 0], [0, 0, 1200, 0, 0, 0], [0, 0, 1200, 0, 0, 0], [0, 0, 1200, 0, 0, 0], [0, 0, 1200, 0, 0, 0]]
test accuracy :  0.166666666667
class_total [400.0, 400.0, 400.0, 400.0, 400.0, 400.0]
class_correct [0.0, 0.0, 400.0, 0.0, 0.0, 0.0]
confusion_matrix [[0, 0, 400, 0, 0, 0], [0, 0, 400, 0, 0, 0], [0, 0, 400, 0, 0, 0], [0, 0, 400, 0, 0, 0], [0, 0, 400, 0, 0, 0], [0, 0, 400, 0, 0, 0]]
traning started for  2 epoch
epoch 2 loss: 1.79203569889
validation accuracy :  0.166666666667
validation class_total [1200.0, 1200.0, 1200.0, 1200.0, 1200.0, 1200.0]
validation class_correct [0.0, 0.0, 0.0, 1200.0, 0.0, 0.0]
validation confusion_matrix [[0, 0, 0, 1200, 0, 0], [0, 0, 0, 1200, 0, 0], [0, 0, 0, 1200, 0, 0], [0, 0, 0, 1200, 0, 0], [0, 0, 0, 1200, 0, 0], [0, 0, 0, 1200, 0, 0]]
test accuracy :  0.166666666667
class_total [400.0, 400.0, 400.0, 400.0, 400.0, 400.0]
class_correct [0.0, 0.0, 0.0, 400.0, 0.0, 0.0]
confusion_matrix [[0, 0, 0, 400, 0, 0], [0, 0, 0, 400, 0, 0], [0, 0, 0, 400, 0, 0], [0, 0, 0, 400, 0, 0], [0, 0, 0, 400, 0, 0], [0, 0, 0, 400, 0, 0]]
traning started for  3 epoch
epoch 3 loss: 1.79203164577
validation accuracy :  0.166666666667
validation class_total [1200.0, 1200.0, 1200.0, 1200.0, 1200.0, 1200.0]
validation class_correct [0.0, 0.0, 0.0, 1200.0, 0.0, 0.0]
validation confusion_matrix [[0, 0, 0, 1200, 0, 0], [0, 0, 0, 1200, 0, 0], [0, 0, 0, 1200, 0, 0], [0, 0, 0, 1200, 0, 0], [0, 0, 0, 1200, 0, 0], [0, 0, 0, 1200, 0, 0]]
test accuracy :  0.166666666667
class_total [400.0, 400.0, 400.0, 400.0, 400.0, 400.0]
class_correct [0.0, 0.0, 0.0, 400.0, 0.0, 0.0]
confusion_matrix [[0, 0, 0, 400, 0, 0], [0, 0, 0, 400, 0, 0], [0, 0, 0, 400, 0, 0], [0, 0, 0, 400, 0, 0], [0, 0, 0, 400, 0, 0], [0, 0, 0, 400, 0, 0]]
traning started for  4 epoch
epoch 4 loss: 1.79203164577
validation accuracy :  0.166666666667
validation class_total [1200.0, 1200.0, 1200.0, 1200.0, 1200.0, 1200.0]
validation class_correct [0.0, 0.0, 0.0, 1200.0, 0.0, 0.0]
validation confusion_matrix [[0, 0, 0, 1200, 0, 0], [0, 0, 0, 1200, 0, 0], [0, 0, 0, 1200, 0, 0], [0, 0, 0, 1200, 0, 0], [0, 0, 0, 1200, 0, 0], [0, 0, 0, 1200, 0, 0]]
test accuracy :  0.166666666667
class_total [400.0, 400.0, 400.0, 400.0, 400.0, 400.0]
class_correct [0.0, 0.0, 0.0, 400.0, 0.0, 0.0]
confusion_matrix [[0, 0, 0, 400, 0, 0], [0, 0, 0, 400, 0, 0], [0, 0, 0, 400, 0, 0], [0, 0, 0, 400, 0, 0], [0, 0, 0, 400, 0, 0], [0, 0, 0, 400, 0, 0]]
traning started for  5 epoch
epoch 5 loss: 1.79203152657
validation accuracy :  0.166666666667
validation class_total [1200.0, 1200.0, 1200.0, 1200.0, 1200.0, 1200.0]
validation class_correct [0.0, 0.0, 0.0, 1200.0, 0.0, 0.0]
validation confusion_matrix [[0, 0, 0, 1200, 0, 0], [0, 0, 0, 1200, 0, 0], [0, 0, 0, 1200, 0, 0], [0, 0, 0, 1200, 0, 0], [0, 0, 0, 1200, 0, 0], [0, 0, 0, 1200, 0, 0]]
test accuracy :  0.166666666667
class_total [400.0, 400.0, 400.0, 400.0, 400.0, 400.0]
class_correct [0.0, 0.0, 0.0, 400.0, 0.0, 0.0]
confusion_matrix [[0, 0, 0, 400, 0, 0], [0, 0, 0, 400, 0, 0], [0, 0, 0, 400, 0, 0], [0, 0, 0, 400, 0, 0], [0, 0, 0, 400, 0, 0], [0, 0, 0, 400, 0, 0]]
traning started for  6 epoch
epoch 6 loss: 1.79203152657
validation accuracy :  0.166666666667
validation class_total [1200.0, 1200.0, 1200.0, 1200.0, 1200.0, 1200.0]
validation class_correct [0.0, 0.0, 0.0, 1200.0, 0.0, 0.0]
validation confusion_matrix [[0, 0, 0, 1200, 0, 0], [0, 0, 0, 1200, 0, 0], [0, 0, 0, 1200, 0, 0], [0, 0, 0, 1200, 0, 0], [0, 0, 0, 1200, 0, 0], [0, 0, 0, 1200, 0, 0]]
test accuracy :  0.166666666667
class_total [400.0, 400.0, 400.0, 400.0, 400.0, 400.0]
class_correct [0.0, 0.0, 0.0, 400.0, 0.0, 0.0]
confusion_matrix [[0, 0, 0, 400, 0, 0], [0, 0, 0, 400, 0, 0], [0, 0, 0, 400, 0, 0], [0, 0, 0, 400, 0, 0], [0, 0, 0, 400, 0, 0], [0, 0, 0, 400, 0, 0]]
traning started for  7 epoch
epoch 7 loss: 1.79203152657
validation accuracy :  0.166666666667
validation class_total [1200.0, 1200.0, 1200.0, 1200.0, 1200.0, 1200.0]
validation class_correct [0.0, 0.0, 0.0, 1200.0, 0.0, 0.0]
validation confusion_matrix [[0, 0, 0, 1200, 0, 0], [0, 0, 0, 1200, 0, 0], [0, 0, 0, 1200, 0, 0], [0, 0, 0, 1200, 0, 0], [0, 0, 0, 1200, 0, 0], [0, 0, 0, 1200, 0, 0]]
test accuracy :  0.166666666667
class_total [400.0, 400.0, 400.0, 400.0, 400.0, 400.0]
class_correct [0.0, 0.0, 0.0, 400.0, 0.0, 0.0]
confusion_matrix [[0, 0, 0, 400, 0, 0], [0, 0, 0, 400, 0, 0], [0, 0, 0, 400, 0, 0], [0, 0, 0, 400, 0, 0], [0, 0, 0, 400, 0, 0], [0, 0, 0, 400, 0, 0]]
traning started for  8 epoch
epoch 8 loss: 1.79203152657
validation accuracy :  0.166666666667
validation class_total [1200.0, 1200.0, 1200.0, 1200.0, 1200.0, 1200.0]
validation class_correct [0.0, 0.0, 0.0, 1200.0, 0.0, 0.0]
validation confusion_matrix [[0, 0, 0, 1200, 0, 0], [0, 0, 0, 1200, 0, 0], [0, 0, 0, 1200, 0, 0], [0, 0, 0, 1200, 0, 0], [0, 0, 0, 1200, 0, 0], [0, 0, 0, 1200, 0, 0]]
test accuracy :  0.166666666667
class_total [400.0, 400.0, 400.0, 400.0, 400.0, 400.0]
class_correct [0.0, 0.0, 0.0, 400.0, 0.0, 0.0]
confusion_matrix [[0, 0, 0, 400, 0, 0], [0, 0, 0, 400, 0, 0], [0, 0, 0, 400, 0, 0], [0, 0, 0, 400, 0, 0], [0, 0, 0, 400, 0, 0], [0, 0, 0, 400, 0, 0]]
traning started for  9 epoch
epoch 9 loss: 1.79203152657
validation accuracy :  0.166666666667
validation class_total [1200.0, 1200.0, 1200.0, 1200.0, 1200.0, 1200.0]
validation class_correct [0.0, 0.0, 0.0, 1200.0, 0.0, 0.0]
validation confusion_matrix [[0, 0, 0, 1200, 0, 0], [0, 0, 0, 1200, 0, 0], [0, 0, 0, 1200, 0, 0], [0, 0, 0, 1200, 0, 0], [0, 0, 0, 1200, 0, 0], [0, 0, 0, 1200, 0, 0]]
test accuracy :  0.166666666667
class_total [400.0, 400.0, 400.0, 400.0, 400.0, 400.0]
class_correct [0.0, 0.0, 0.0, 400.0, 0.0, 0.0]
confusion_matrix [[0, 0, 0, 400, 0, 0], [0, 0, 0, 400, 0, 0], [0, 0, 0, 400, 0, 0], [0, 0, 0, 400, 0, 0], [0, 0, 0, 400, 0, 0], [0, 0, 0, 400, 0, 0]]
traning started for  10 epoch
epoch 10 loss: 1.79203152657
validation accuracy :  0.166666666667
validation class_total [1200.0, 1200.0, 1200.0, 1200.0, 1200.0, 1200.0]
validation class_correct [0.0, 0.0, 0.0, 1200.0, 0.0, 0.0]
validation confusion_matrix [[0, 0, 0, 1200, 0, 0], [0, 0, 0, 1200, 0, 0], [0, 0, 0, 1200, 0, 0], [0, 0, 0, 1200, 0, 0], [0, 0, 0, 1200, 0, 0], [0, 0, 0, 1200, 0, 0]]
test accuracy :  0.166666666667
class_total [400.0, 400.0, 400.0, 400.0, 400.0, 400.0]
class_correct [0.0, 0.0, 0.0, 400.0, 0.0, 0.0]
confusion_matrix [[0, 0, 0, 400, 0, 0], [0, 0, 0, 400, 0, 0], [0, 0, 0, 400, 0, 0], [0, 0, 0, 400, 0, 0], [0, 0, 0, 400, 0, 0], [0, 0, 0, 400, 0, 0]]
traning started for  11 epoch
epoch 11 loss: 1.79203152657
validation accuracy :  0.166666666667
validation class_total [1200.0, 1200.0, 1200.0, 1200.0, 1200.0, 1200.0]
validation class_correct [0.0, 0.0, 0.0, 1200.0, 0.0, 0.0]
validation confusion_matrix [[0, 0, 0, 1200, 0, 0], [0, 0, 0, 1200, 0, 0], [0, 0, 0, 1200, 0, 0], [0, 0, 0, 1200, 0, 0], [0, 0, 0, 1200, 0, 0], [0, 0, 0, 1200, 0, 0]]
test accuracy :  0.166666666667
class_total [400.0, 400.0, 400.0, 400.0, 400.0, 400.0]
class_correct [0.0, 0.0, 0.0, 400.0, 0.0, 0.0]
confusion_matrix [[0, 0, 0, 400, 0, 0], [0, 0, 0, 400, 0, 0], [0, 0, 0, 400, 0, 0], [0, 0, 0, 400, 0, 0], [0, 0, 0, 400, 0, 0], [0, 0, 0, 400, 0, 0]]
traning started for  12 epoch
epoch 12 loss: 1.79203152657
validation accuracy :  0.166666666667
validation class_total [1200.0, 1200.0, 1200.0, 1200.0, 1200.0, 1200.0]
validation class_correct [0.0, 0.0, 0.0, 1200.0, 0.0, 0.0]
validation confusion_matrix [[0, 0, 0, 1200, 0, 0], [0, 0, 0, 1200, 0, 0], [0, 0, 0, 1200, 0, 0], [0, 0, 0, 1200, 0, 0], [0, 0, 0, 1200, 0, 0], [0, 0, 0, 1200, 0, 0]]
test accuracy :  0.166666666667
class_total [400.0, 400.0, 400.0, 400.0, 400.0, 400.0]
class_correct [0.0, 0.0, 0.0, 400.0, 0.0, 0.0]
confusion_matrix [[0, 0, 0, 400, 0, 0], [0, 0, 0, 400, 0, 0], [0, 0, 0, 400, 0, 0], [0, 0, 0, 400, 0, 0], [0, 0, 0, 400, 0, 0], [0, 0, 0, 400, 0, 0]]
traning started for  13 epoch
epoch 13 loss: 1.79203152657
validation accuracy :  0.166666666667
validation class_total [1200.0, 1200.0, 1200.0, 1200.0, 1200.0, 1200.0]
validation class_correct [0.0, 0.0, 0.0, 1200.0, 0.0, 0.0]
validation confusion_matrix [[0, 0, 0, 1200, 0, 0], [0, 0, 0, 1200, 0, 0], [0, 0, 0, 1200, 0, 0], [0, 0, 0, 1200, 0, 0], [0, 0, 0, 1200, 0, 0], [0, 0, 0, 1200, 0, 0]]
test accuracy :  0.166666666667
class_total [400.0, 400.0, 400.0, 400.0, 400.0, 400.0]
class_correct [0.0, 0.0, 0.0, 400.0, 0.0, 0.0]
confusion_matrix [[0, 0, 0, 400, 0, 0], [0, 0, 0, 400, 0, 0], [0, 0, 0, 400, 0, 0], [0, 0, 0, 400, 0, 0], [0, 0, 0, 400, 0, 0], [0, 0, 0, 400, 0, 0]]
traning started for  14 epoch
epoch 14 loss: 1.79203152657
validation accuracy :  0.166666666667
validation class_total [1200.0, 1200.0, 1200.0, 1200.0, 1200.0, 1200.0]
validation class_correct [0.0, 0.0, 0.0, 1200.0, 0.0, 0.0]
validation confusion_matrix [[0, 0, 0, 1200, 0, 0], [0, 0, 0, 1200, 0, 0], [0, 0, 0, 1200, 0, 0], [0, 0, 0, 1200, 0, 0], [0, 0, 0, 1200, 0, 0], [0, 0, 0, 1200, 0, 0]]
test accuracy :  0.166666666667
class_total [400.0, 400.0, 400.0, 400.0, 400.0, 400.0]
class_correct [0.0, 0.0, 0.0, 400.0, 0.0, 0.0]
confusion_matrix [[0, 0, 0, 400, 0, 0], [0, 0, 0, 400, 0, 0], [0, 0, 0, 400, 0, 0], [0, 0, 0, 400, 0, 0], [0, 0, 0, 400, 0, 0], [0, 0, 0, 400, 0, 0]]
traning started for  15 epoch
epoch 15 loss: 1.79203152657
validation accuracy :  0.166666666667
validation class_total [1200.0, 1200.0, 1200.0, 1200.0, 1200.0, 1200.0]
validation class_correct [0.0, 0.0, 0.0, 1200.0, 0.0, 0.0]
validation confusion_matrix [[0, 0, 0, 1200, 0, 0], [0, 0, 0, 1200, 0, 0], [0, 0, 0, 1200, 0, 0], [0, 0, 0, 1200, 0, 0], [0, 0, 0, 1200, 0, 0], [0, 0, 0, 1200, 0, 0]]
test accuracy :  0.166666666667
class_total [400.0, 400.0, 400.0, 400.0, 400.0, 400.0]
class_correct [0.0, 0.0, 0.0, 400.0, 0.0, 0.0]
confusion_matrix [[0, 0, 0, 400, 0, 0], [0, 0, 0, 400, 0, 0], [0, 0, 0, 400, 0, 0], [0, 0, 0, 400, 0, 0], [0, 0, 0, 400, 0, 0], [0, 0, 0, 400, 0, 0]]
traning started for  16 epoch
epoch 16 loss: 1.79203152657
validation accuracy :  0.166666666667
validation class_total [1200.0, 1200.0, 1200.0, 1200.0, 1200.0, 1200.0]
validation class_correct [0.0, 0.0, 0.0, 1200.0, 0.0, 0.0]
validation confusion_matrix [[0, 0, 0, 1200, 0, 0], [0, 0, 0, 1200, 0, 0], [0, 0, 0, 1200, 0, 0], [0, 0, 0, 1200, 0, 0], [0, 0, 0, 1200, 0, 0], [0, 0, 0, 1200, 0, 0]]
test accuracy :  0.166666666667
class_total [400.0, 400.0, 400.0, 400.0, 400.0, 400.0]
class_correct [0.0, 0.0, 0.0, 400.0, 0.0, 0.0]
confusion_matrix [[0, 0, 0, 400, 0, 0], [0, 0, 0, 400, 0, 0], [0, 0, 0, 400, 0, 0], [0, 0, 0, 400, 0, 0], [0, 0, 0, 400, 0, 0], [0, 0, 0, 400, 0, 0]]
traning started for  17 epoch
epoch 17 loss: 1.79203152657
validation accuracy :  0.166666666667
validation class_total [1200.0, 1200.0, 1200.0, 1200.0, 1200.0, 1200.0]
validation class_correct [0.0, 0.0, 0.0, 1200.0, 0.0, 0.0]
validation confusion_matrix [[0, 0, 0, 1200, 0, 0], [0, 0, 0, 1200, 0, 0], [0, 0, 0, 1200, 0, 0], [0, 0, 0, 1200, 0, 0], [0, 0, 0, 1200, 0, 0], [0, 0, 0, 1200, 0, 0]]
test accuracy :  0.166666666667
class_total [400.0, 400.0, 400.0, 400.0, 400.0, 400.0]
class_correct [0.0, 0.0, 0.0, 400.0, 0.0, 0.0]
confusion_matrix [[0, 0, 0, 400, 0, 0], [0, 0, 0, 400, 0, 0], [0, 0, 0, 400, 0, 0], [0, 0, 0, 400, 0, 0], [0, 0, 0, 400, 0, 0], [0, 0, 0, 400, 0, 0]]
traning started for  18 epoch
epoch 18 loss: 1.79203152657
validation accuracy :  0.166666666667
validation class_total [1200.0, 1200.0, 1200.0, 1200.0, 1200.0, 1200.0]
validation class_correct [0.0, 0.0, 0.0, 1200.0, 0.0, 0.0]
validation confusion_matrix [[0, 0, 0, 1200, 0, 0], [0, 0, 0, 1200, 0, 0], [0, 0, 0, 1200, 0, 0], [0, 0, 0, 1200, 0, 0], [0, 0, 0, 1200, 0, 0], [0, 0, 0, 1200, 0, 0]]
test accuracy :  0.166666666667
class_total [400.0, 400.0, 400.0, 400.0, 400.0, 400.0]
class_correct [0.0, 0.0, 0.0, 400.0, 0.0, 0.0]
confusion_matrix [[0, 0, 0, 400, 0, 0], [0, 0, 0, 400, 0, 0], [0, 0, 0, 400, 0, 0], [0, 0, 0, 400, 0, 0], [0, 0, 0, 400, 0, 0], [0, 0, 0, 400, 0, 0]]
traning started for  19 epoch
epoch 19 loss: 1.79203152657
validation accuracy :  0.166666666667
validation class_total [1200.0, 1200.0, 1200.0, 1200.0, 1200.0, 1200.0]
validation class_correct [0.0, 0.0, 0.0, 1200.0, 0.0, 0.0]
validation confusion_matrix [[0, 0, 0, 1200, 0, 0], [0, 0, 0, 1200, 0, 0], [0, 0, 0, 1200, 0, 0], [0, 0, 0, 1200, 0, 0], [0, 0, 0, 1200, 0, 0], [0, 0, 0, 1200, 0, 0]]
test accuracy :  0.166666666667
class_total [400.0, 400.0, 400.0, 400.0, 400.0, 400.0]
class_correct [0.0, 0.0, 0.0, 400.0, 0.0, 0.0]
confusion_matrix [[0, 0, 0, 400, 0, 0], [0, 0, 0, 400, 0, 0], [0, 0, 0, 400, 0, 0], [0, 0, 0, 400, 0, 0], [0, 0, 0, 400, 0, 0], [0, 0, 0, 400, 0, 0]]
traning started for  20 epoch
epoch 20 loss: 1.79203152657
validation accuracy :  0.166666666667
validation class_total [1200.0, 1200.0, 1200.0, 1200.0, 1200.0, 1200.0]
validation class_correct [0.0, 0.0, 0.0, 1200.0, 0.0, 0.0]
validation confusion_matrix [[0, 0, 0, 1200, 0, 0], [0, 0, 0, 1200, 0, 0], [0, 0, 0, 1200, 0, 0], [0, 0, 0, 1200, 0, 0], [0, 0, 0, 1200, 0, 0], [0, 0, 0, 1200, 0, 0]]
test accuracy :  0.166666666667
class_total [400.0, 400.0, 400.0, 400.0, 400.0, 400.0]
class_correct [0.0, 0.0, 0.0, 400.0, 0.0, 0.0]
confusion_matrix [[0, 0, 0, 400, 0, 0], [0, 0, 0, 400, 0, 0], [0, 0, 0, 400, 0, 0], [0, 0, 0, 400, 0, 0], [0, 0, 0, 400, 0, 0], [0, 0, 0, 400, 0, 0]]
traning started for  21 epoch
epoch 21 loss: 1.79203152657
validation accuracy :  0.166666666667
validation class_total [1200.0, 1200.0, 1200.0, 1200.0, 1200.0, 1200.0]
validation class_correct [0.0, 0.0, 0.0, 1200.0, 0.0, 0.0]
validation confusion_matrix [[0, 0, 0, 1200, 0, 0], [0, 0, 0, 1200, 0, 0], [0, 0, 0, 1200, 0, 0], [0, 0, 0, 1200, 0, 0], [0, 0, 0, 1200, 0, 0], [0, 0, 0, 1200, 0, 0]]
test accuracy :  0.166666666667
class_total [400.0, 400.0, 400.0, 400.0, 400.0, 400.0]
class_correct [0.0, 0.0, 0.0, 400.0, 0.0, 0.0]
confusion_matrix [[0, 0, 0, 400, 0, 0], [0, 0, 0, 400, 0, 0], [0, 0, 0, 400, 0, 0], [0, 0, 0, 400, 0, 0], [0, 0, 0, 400, 0, 0], [0, 0, 0, 400, 0, 0]]
traning started for  22 epoch
epoch 22 loss: 1.79203152657
validation accuracy :  0.166666666667
validation class_total [1200.0, 1200.0, 1200.0, 1200.0, 1200.0, 1200.0]
validation class_correct [0.0, 0.0, 0.0, 1200.0, 0.0, 0.0]
validation confusion_matrix [[0, 0, 0, 1200, 0, 0], [0, 0, 0, 1200, 0, 0], [0, 0, 0, 1200, 0, 0], [0, 0, 0, 1200, 0, 0], [0, 0, 0, 1200, 0, 0], [0, 0, 0, 1200, 0, 0]]
test accuracy :  0.166666666667
class_total [400.0, 400.0, 400.0, 400.0, 400.0, 400.0]
class_correct [0.0, 0.0, 0.0, 400.0, 0.0, 0.0]
confusion_matrix [[0, 0, 0, 400, 0, 0], [0, 0, 0, 400, 0, 0], [0, 0, 0, 400, 0, 0], [0, 0, 0, 400, 0, 0], [0, 0, 0, 400, 0, 0], [0, 0, 0, 400, 0, 0]]
traning started for  23 epoch
epoch 23 loss: 1.79203152657
validation accuracy :  0.166666666667
validation class_total [1200.0, 1200.0, 1200.0, 1200.0, 1200.0, 1200.0]
validation class_correct [0.0, 0.0, 0.0, 1200.0, 0.0, 0.0]
validation confusion_matrix [[0, 0, 0, 1200, 0, 0], [0, 0, 0, 1200, 0, 0], [0, 0, 0, 1200, 0, 0], [0, 0, 0, 1200, 0, 0], [0, 0, 0, 1200, 0, 0], [0, 0, 0, 1200, 0, 0]]
test accuracy :  0.166666666667
class_total [400.0, 400.0, 400.0, 400.0, 400.0, 400.0]
class_correct [0.0, 0.0, 0.0, 400.0, 0.0, 0.0]
confusion_matrix [[0, 0, 0, 400, 0, 0], [0, 0, 0, 400, 0, 0], [0, 0, 0, 400, 0, 0], [0, 0, 0, 400, 0, 0], [0, 0, 0, 400, 0, 0], [0, 0, 0, 400, 0, 0]]
traning started for  24 epoch
epoch 24 loss: 1.79203152657
validation accuracy :  0.166666666667
validation class_total [1200.0, 1200.0, 1200.0, 1200.0, 1200.0, 1200.0]
validation class_correct [0.0, 0.0, 0.0, 1200.0, 0.0, 0.0]
validation confusion_matrix [[0, 0, 0, 1200, 0, 0], [0, 0, 0, 1200, 0, 0], [0, 0, 0, 1200, 0, 0], [0, 0, 0, 1200, 0, 0], [0, 0, 0, 1200, 0, 0], [0, 0, 0, 1200, 0, 0]]
test accuracy :  0.166666666667
class_total [400.0, 400.0, 400.0, 400.0, 400.0, 400.0]
class_correct [0.0, 0.0, 0.0, 400.0, 0.0, 0.0]
confusion_matrix [[0, 0, 0, 400, 0, 0], [0, 0, 0, 400, 0, 0], [0, 0, 0, 400, 0, 0], [0, 0, 0, 400, 0, 0], [0, 0, 0, 400, 0, 0], [0, 0, 0, 400, 0, 0]]
traning started for  25 epoch
epoch 25 loss: 1.79203152657
validation accuracy :  0.166666666667
validation class_total [1200.0, 1200.0, 1200.0, 1200.0, 1200.0, 1200.0]
validation class_correct [0.0, 0.0, 0.0, 1200.0, 0.0, 0.0]
validation confusion_matrix [[0, 0, 0, 1200, 0, 0], [0, 0, 0, 1200, 0, 0], [0, 0, 0, 1200, 0, 0], [0, 0, 0, 1200, 0, 0], [0, 0, 0, 1200, 0, 0], [0, 0, 0, 1200, 0, 0]]
test accuracy :  0.166666666667
class_total [400.0, 400.0, 400.0, 400.0, 400.0, 400.0]
class_correct [0.0, 0.0, 0.0, 400.0, 0.0, 0.0]
confusion_matrix [[0, 0, 0, 400, 0, 0], [0, 0, 0, 400, 0, 0], [0, 0, 0, 400, 0, 0], [0, 0, 0, 400, 0, 0], [0, 0, 0, 400, 0, 0], [0, 0, 0, 400, 0, 0]]
traning started for  26 epoch
epoch 26 loss: 1.79203152657
validation accuracy :  0.166666666667
validation class_total [1200.0, 1200.0, 1200.0, 1200.0, 1200.0, 1200.0]
validation class_correct [0.0, 0.0, 0.0, 1200.0, 0.0, 0.0]
validation confusion_matrix [[0, 0, 0, 1200, 0, 0], [0, 0, 0, 1200, 0, 0], [0, 0, 0, 1200, 0, 0], [0, 0, 0, 1200, 0, 0], [0, 0, 0, 1200, 0, 0], [0, 0, 0, 1200, 0, 0]]
test accuracy :  0.166666666667
class_total [400.0, 400.0, 400.0, 400.0, 400.0, 400.0]
class_correct [0.0, 0.0, 0.0, 400.0, 0.0, 0.0]
confusion_matrix [[0, 0, 0, 400, 0, 0], [0, 0, 0, 400, 0, 0], [0, 0, 0, 400, 0, 0], [0, 0, 0, 400, 0, 0], [0, 0, 0, 400, 0, 0], [0, 0, 0, 400, 0, 0]]
traning started for  27 epoch
epoch 27 loss: 1.79203152657
validation accuracy :  0.166666666667
validation class_total [1200.0, 1200.0, 1200.0, 1200.0, 1200.0, 1200.0]
validation class_correct [0.0, 0.0, 0.0, 1200.0, 0.0, 0.0]
validation confusion_matrix [[0, 0, 0, 1200, 0, 0], [0, 0, 0, 1200, 0, 0], [0, 0, 0, 1200, 0, 0], [0, 0, 0, 1200, 0, 0], [0, 0, 0, 1200, 0, 0], [0, 0, 0, 1200, 0, 0]]
test accuracy :  0.166666666667
class_total [400.0, 400.0, 400.0, 400.0, 400.0, 400.0]
class_correct [0.0, 0.0, 0.0, 400.0, 0.0, 0.0]
confusion_matrix [[0, 0, 0, 400, 0, 0], [0, 0, 0, 400, 0, 0], [0, 0, 0, 400, 0, 0], [0, 0, 0, 400, 0, 0], [0, 0, 0, 400, 0, 0], [0, 0, 0, 400, 0, 0]]
traning started for  28 epoch
epoch 28 loss: 1.79203152657
validation accuracy :  0.166666666667
validation class_total [1200.0, 1200.0, 1200.0, 1200.0, 1200.0, 1200.0]
validation class_correct [0.0, 0.0, 0.0, 1200.0, 0.0, 0.0]
validation confusion_matrix [[0, 0, 0, 1200, 0, 0], [0, 0, 0, 1200, 0, 0], [0, 0, 0, 1200, 0, 0], [0, 0, 0, 1200, 0, 0], [0, 0, 0, 1200, 0, 0], [0, 0, 0, 1200, 0, 0]]
test accuracy :  0.166666666667
class_total [400.0, 400.0, 400.0, 400.0, 400.0, 400.0]
class_correct [0.0, 0.0, 0.0, 400.0, 0.0, 0.0]
confusion_matrix [[0, 0, 0, 400, 0, 0], [0, 0, 0, 400, 0, 0], [0, 0, 0, 400, 0, 0], [0, 0, 0, 400, 0, 0], [0, 0, 0, 400, 0, 0], [0, 0, 0, 400, 0, 0]]
traning started for  29 epoch
epoch 29 loss: 1.79203152657
validation accuracy :  0.166666666667
validation class_total [1200.0, 1200.0, 1200.0, 1200.0, 1200.0, 1200.0]
validation class_correct [0.0, 0.0, 0.0, 1200.0, 0.0, 0.0]
validation confusion_matrix [[0, 0, 0, 1200, 0, 0], [0, 0, 0, 1200, 0, 0], [0, 0, 0, 1200, 0, 0], [0, 0, 0, 1200, 0, 0], [0, 0, 0, 1200, 0, 0], [0, 0, 0, 1200, 0, 0]]
test accuracy :  0.166666666667
class_total [400.0, 400.0, 400.0, 400.0, 400.0, 400.0]
class_correct [0.0, 0.0, 0.0, 400.0, 0.0, 0.0]
confusion_matrix [[0, 0, 0, 400, 0, 0], [0, 0, 0, 400, 0, 0], [0, 0, 0, 400, 0, 0], [0, 0, 0, 400, 0, 0], [0, 0, 0, 400, 0, 0], [0, 0, 0, 400, 0, 0]]
traning started for  30 epoch
epoch 30 loss: 1.79203152657
validation accuracy :  0.166666666667
validation class_total [1200.0, 1200.0, 1200.0, 1200.0, 1200.0, 1200.0]
validation class_correct [0.0, 0.0, 0.0, 1200.0, 0.0, 0.0]
validation confusion_matrix [[0, 0, 0, 1200, 0, 0], [0, 0, 0, 1200, 0, 0], [0, 0, 0, 1200, 0, 0], [0, 0, 0, 1200, 0, 0], [0, 0, 0, 1200, 0, 0], [0, 0, 0, 1200, 0, 0]]
test accuracy :  0.166666666667
class_total [400.0, 400.0, 400.0, 400.0, 400.0, 400.0]
class_correct [0.0, 0.0, 0.0, 400.0, 0.0, 0.0]
confusion_matrix [[0, 0, 0, 400, 0, 0], [0, 0, 0, 400, 0, 0], [0, 0, 0, 400, 0, 0], [0, 0, 0, 400, 0, 0], [0, 0, 0, 400, 0, 0], [0, 0, 0, 400, 0, 0]]
traning started for  31 epoch
epoch 31 loss: 1.79203152657
validation accuracy :  0.166666666667
validation class_total [1200.0, 1200.0, 1200.0, 1200.0, 1200.0, 1200.0]
validation class_correct [0.0, 0.0, 0.0, 1200.0, 0.0, 0.0]
validation confusion_matrix [[0, 0, 0, 1200, 0, 0], [0, 0, 0, 1200, 0, 0], [0, 0, 0, 1200, 0, 0], [0, 0, 0, 1200, 0, 0], [0, 0, 0, 1200, 0, 0], [0, 0, 0, 1200, 0, 0]]
test accuracy :  0.166666666667
class_total [400.0, 400.0, 400.0, 400.0, 400.0, 400.0]
class_correct [0.0, 0.0, 0.0, 400.0, 0.0, 0.0]
confusion_matrix [[0, 0, 0, 400, 0, 0], [0, 0, 0, 400, 0, 0], [0, 0, 0, 400, 0, 0], [0, 0, 0, 400, 0, 0], [0, 0, 0, 400, 0, 0], [0, 0, 0, 400, 0, 0]]
traning started for  32 epoch
epoch 32 loss: 1.79203152657
validation accuracy :  0.166666666667
validation class_total [1200.0, 1200.0, 1200.0, 1200.0, 1200.0, 1200.0]
validation class_correct [0.0, 0.0, 0.0, 1200.0, 0.0, 0.0]
validation confusion_matrix [[0, 0, 0, 1200, 0, 0], [0, 0, 0, 1200, 0, 0], [0, 0, 0, 1200, 0, 0], [0, 0, 0, 1200, 0, 0], [0, 0, 0, 1200, 0, 0], [0, 0, 0, 1200, 0, 0]]
test accuracy :  0.166666666667
class_total [400.0, 400.0, 400.0, 400.0, 400.0, 400.0]
class_correct [0.0, 0.0, 0.0, 400.0, 0.0, 0.0]
confusion_matrix [[0, 0, 0, 400, 0, 0], [0, 0, 0, 400, 0, 0], [0, 0, 0, 400, 0, 0], [0, 0, 0, 400, 0, 0], [0, 0, 0, 400, 0, 0], [0, 0, 0, 400, 0, 0]]
traning started for  33 epoch
epoch 33 loss: 1.79203152657
validation accuracy :  0.166666666667
validation class_total [1200.0, 1200.0, 1200.0, 1200.0, 1200.0, 1200.0]
validation class_correct [0.0, 0.0, 0.0, 1200.0, 0.0, 0.0]
validation confusion_matrix [[0, 0, 0, 1200, 0, 0], [0, 0, 0, 1200, 0, 0], [0, 0, 0, 1200, 0, 0], [0, 0, 0, 1200, 0, 0], [0, 0, 0, 1200, 0, 0], [0, 0, 0, 1200, 0, 0]]
test accuracy :  0.166666666667
class_total [400.0, 400.0, 400.0, 400.0, 400.0, 400.0]
class_correct [0.0, 0.0, 0.0, 400.0, 0.0, 0.0]
confusion_matrix [[0, 0, 0, 400, 0, 0], [0, 0, 0, 400, 0, 0], [0, 0, 0, 400, 0, 0], [0, 0, 0, 400, 0, 0], [0, 0, 0, 400, 0, 0], [0, 0, 0, 400, 0, 0]]
traning started for  34 epoch
epoch 34 loss: 1.79203152657
validation accuracy :  0.166666666667
validation class_total [1200.0, 1200.0, 1200.0, 1200.0, 1200.0, 1200.0]
validation class_correct [0.0, 0.0, 0.0, 1200.0, 0.0, 0.0]
validation confusion_matrix [[0, 0, 0, 1200, 0, 0], [0, 0, 0, 1200, 0, 0], [0, 0, 0, 1200, 0, 0], [0, 0, 0, 1200, 0, 0], [0, 0, 0, 1200, 0, 0], [0, 0, 0, 1200, 0, 0]]
test accuracy :  0.166666666667
class_total [400.0, 400.0, 400.0, 400.0, 400.0, 400.0]
class_correct [0.0, 0.0, 0.0, 400.0, 0.0, 0.0]
confusion_matrix [[0, 0, 0, 400, 0, 0], [0, 0, 0, 400, 0, 0], [0, 0, 0, 400, 0, 0], [0, 0, 0, 400, 0, 0], [0, 0, 0, 400, 0, 0], [0, 0, 0, 400, 0, 0]]
traning started for  35 epoch
epoch 35 loss: 1.79203152657
validation accuracy :  0.166666666667
validation class_total [1200.0, 1200.0, 1200.0, 1200.0, 1200.0, 1200.0]
validation class_correct [0.0, 0.0, 0.0, 1200.0, 0.0, 0.0]
validation confusion_matrix [[0, 0, 0, 1200, 0, 0], [0, 0, 0, 1200, 0, 0], [0, 0, 0, 1200, 0, 0], [0, 0, 0, 1200, 0, 0], [0, 0, 0, 1200, 0, 0], [0, 0, 0, 1200, 0, 0]]
test accuracy :  0.166666666667
class_total [400.0, 400.0, 400.0, 400.0, 400.0, 400.0]
class_correct [0.0, 0.0, 0.0, 400.0, 0.0, 0.0]
confusion_matrix [[0, 0, 0, 400, 0, 0], [0, 0, 0, 400, 0, 0], [0, 0, 0, 400, 0, 0], [0, 0, 0, 400, 0, 0], [0, 0, 0, 400, 0, 0], [0, 0, 0, 400, 0, 0]]
traning started for  36 epoch
epoch 36 loss: 1.79203152657
validation accuracy :  0.166666666667
validation class_total [1200.0, 1200.0, 1200.0, 1200.0, 1200.0, 1200.0]
validation class_correct [0.0, 0.0, 0.0, 1200.0, 0.0, 0.0]
validation confusion_matrix [[0, 0, 0, 1200, 0, 0], [0, 0, 0, 1200, 0, 0], [0, 0, 0, 1200, 0, 0], [0, 0, 0, 1200, 0, 0], [0, 0, 0, 1200, 0, 0], [0, 0, 0, 1200, 0, 0]]
test accuracy :  0.166666666667
class_total [400.0, 400.0, 400.0, 400.0, 400.0, 400.0]
class_correct [0.0, 0.0, 0.0, 400.0, 0.0, 0.0]
confusion_matrix [[0, 0, 0, 400, 0, 0], [0, 0, 0, 400, 0, 0], [0, 0, 0, 400, 0, 0], [0, 0, 0, 400, 0, 0], [0, 0, 0, 400, 0, 0], [0, 0, 0, 400, 0, 0]]
traning started for  37 epoch
epoch 37 loss: 1.79203152657
validation accuracy :  0.166666666667
validation class_total [1200.0, 1200.0, 1200.0, 1200.0, 1200.0, 1200.0]
validation class_correct [0.0, 0.0, 0.0, 1200.0, 0.0, 0.0]
validation confusion_matrix [[0, 0, 0, 1200, 0, 0], [0, 0, 0, 1200, 0, 0], [0, 0, 0, 1200, 0, 0], [0, 0, 0, 1200, 0, 0], [0, 0, 0, 1200, 0, 0], [0, 0, 0, 1200, 0, 0]]
test accuracy :  0.166666666667
class_total [400.0, 400.0, 400.0, 400.0, 400.0, 400.0]
class_correct [0.0, 0.0, 0.0, 400.0, 0.0, 0.0]
confusion_matrix [[0, 0, 0, 400, 0, 0], [0, 0, 0, 400, 0, 0], [0, 0, 0, 400, 0, 0], [0, 0, 0, 400, 0, 0], [0, 0, 0, 400, 0, 0], [0, 0, 0, 400, 0, 0]]
traning started for  38 epoch
epoch 38 loss: 1.79203152657
validation accuracy :  0.166666666667
validation class_total [1200.0, 1200.0, 1200.0, 1200.0, 1200.0, 1200.0]
validation class_correct [0.0, 0.0, 0.0, 1200.0, 0.0, 0.0]
validation confusion_matrix [[0, 0, 0, 1200, 0, 0], [0, 0, 0, 1200, 0, 0], [0, 0, 0, 1200, 0, 0], [0, 0, 0, 1200, 0, 0], [0, 0, 0, 1200, 0, 0], [0, 0, 0, 1200, 0, 0]]
test accuracy :  0.166666666667
class_total [400.0, 400.0, 400.0, 400.0, 400.0, 400.0]
class_correct [0.0, 0.0, 0.0, 400.0, 0.0, 0.0]
confusion_matrix [[0, 0, 0, 400, 0, 0], [0, 0, 0, 400, 0, 0], [0, 0, 0, 400, 0, 0], [0, 0, 0, 400, 0, 0], [0, 0, 0, 400, 0, 0], [0, 0, 0, 400, 0, 0]]
traning started for  39 epoch
epoch 39 loss: 1.79203152657
validation accuracy :  0.166666666667
validation class_total [1200.0, 1200.0, 1200.0, 1200.0, 1200.0, 1200.0]
validation class_correct [0.0, 0.0, 0.0, 1200.0, 0.0, 0.0]
validation confusion_matrix [[0, 0, 0, 1200, 0, 0], [0, 0, 0, 1200, 0, 0], [0, 0, 0, 1200, 0, 0], [0, 0, 0, 1200, 0, 0], [0, 0, 0, 1200, 0, 0], [0, 0, 0, 1200, 0, 0]]
test accuracy :  0.166666666667
class_total [400.0, 400.0, 400.0, 400.0, 400.0, 400.0]
class_correct [0.0, 0.0, 0.0, 400.0, 0.0, 0.0]
confusion_matrix [[0, 0, 0, 400, 0, 0], [0, 0, 0, 400, 0, 0], [0, 0, 0, 400, 0, 0], [0, 0, 0, 400, 0, 0], [0, 0, 0, 400, 0, 0], [0, 0, 0, 400, 0, 0]]
traning started for  40 epoch
epoch 40 loss: 1.79203152657
validation accuracy :  0.166666666667
validation class_total [1200.0, 1200.0, 1200.0, 1200.0, 1200.0, 1200.0]
validation class_correct [0.0, 0.0, 0.0, 1200.0, 0.0, 0.0]
validation confusion_matrix [[0, 0, 0, 1200, 0, 0], [0, 0, 0, 1200, 0, 0], [0, 0, 0, 1200, 0, 0], [0, 0, 0, 1200, 0, 0], [0, 0, 0, 1200, 0, 0], [0, 0, 0, 1200, 0, 0]]
test accuracy :  0.166666666667
class_total [400.0, 400.0, 400.0, 400.0, 400.0, 400.0]
class_correct [0.0, 0.0, 0.0, 400.0, 0.0, 0.0]
confusion_matrix [[0, 0, 0, 400, 0, 0], [0, 0, 0, 400, 0, 0], [0, 0, 0, 400, 0, 0], [0, 0, 0, 400, 0, 0], [0, 0, 0, 400, 0, 0], [0, 0, 0, 400, 0, 0]]
traning started for  41 epoch
epoch 41 loss: 1.79203152657
validation accuracy :  0.166666666667
validation class_total [1200.0, 1200.0, 1200.0, 1200.0, 1200.0, 1200.0]
validation class_correct [0.0, 0.0, 0.0, 1200.0, 0.0, 0.0]
validation confusion_matrix [[0, 0, 0, 1200, 0, 0], [0, 0, 0, 1200, 0, 0], [0, 0, 0, 1200, 0, 0], [0, 0, 0, 1200, 0, 0], [0, 0, 0, 1200, 0, 0], [0, 0, 0, 1200, 0, 0]]
test accuracy :  0.166666666667
class_total [400.0, 400.0, 400.0, 400.0, 400.0, 400.0]
class_correct [0.0, 0.0, 0.0, 400.0, 0.0, 0.0]
confusion_matrix [[0, 0, 0, 400, 0, 0], [0, 0, 0, 400, 0, 0], [0, 0, 0, 400, 0, 0], [0, 0, 0, 400, 0, 0], [0, 0, 0, 400, 0, 0], [0, 0, 0, 400, 0, 0]]
traning started for  42 epoch
epoch 42 loss: 1.79203152657
validation accuracy :  0.166666666667
validation class_total [1200.0, 1200.0, 1200.0, 1200.0, 1200.0, 1200.0]
validation class_correct [0.0, 0.0, 0.0, 1200.0, 0.0, 0.0]
validation confusion_matrix [[0, 0, 0, 1200, 0, 0], [0, 0, 0, 1200, 0, 0], [0, 0, 0, 1200, 0, 0], [0, 0, 0, 1200, 0, 0], [0, 0, 0, 1200, 0, 0], [0, 0, 0, 1200, 0, 0]]
test accuracy :  0.166666666667
class_total [400.0, 400.0, 400.0, 400.0, 400.0, 400.0]
class_correct [0.0, 0.0, 0.0, 400.0, 0.0, 0.0]
confusion_matrix [[0, 0, 0, 400, 0, 0], [0, 0, 0, 400, 0, 0], [0, 0, 0, 400, 0, 0], [0, 0, 0, 400, 0, 0], [0, 0, 0, 400, 0, 0], [0, 0, 0, 400, 0, 0]]
traning started for  43 epoch
epoch 43 loss: 1.79203152657
validation accuracy :  0.166666666667
validation class_total [1200.0, 1200.0, 1200.0, 1200.0, 1200.0, 1200.0]
validation class_correct [0.0, 0.0, 0.0, 1200.0, 0.0, 0.0]
validation confusion_matrix [[0, 0, 0, 1200, 0, 0], [0, 0, 0, 1200, 0, 0], [0, 0, 0, 1200, 0, 0], [0, 0, 0, 1200, 0, 0], [0, 0, 0, 1200, 0, 0], [0, 0, 0, 1200, 0, 0]]
test accuracy :  0.166666666667
class_total [400.0, 400.0, 400.0, 400.0, 400.0, 400.0]
class_correct [0.0, 0.0, 0.0, 400.0, 0.0, 0.0]
confusion_matrix [[0, 0, 0, 400, 0, 0], [0, 0, 0, 400, 0, 0], [0, 0, 0, 400, 0, 0], [0, 0, 0, 400, 0, 0], [0, 0, 0, 400, 0, 0], [0, 0, 0, 400, 0, 0]]
traning started for  44 epoch
epoch 44 loss: 1.79203152657
validation accuracy :  0.166666666667
validation class_total [1200.0, 1200.0, 1200.0, 1200.0, 1200.0, 1200.0]
validation class_correct [0.0, 0.0, 0.0, 1200.0, 0.0, 0.0]
validation confusion_matrix [[0, 0, 0, 1200, 0, 0], [0, 0, 0, 1200, 0, 0], [0, 0, 0, 1200, 0, 0], [0, 0, 0, 1200, 0, 0], [0, 0, 0, 1200, 0, 0], [0, 0, 0, 1200, 0, 0]]
test accuracy :  0.166666666667
class_total [400.0, 400.0, 400.0, 400.0, 400.0, 400.0]
class_correct [0.0, 0.0, 0.0, 400.0, 0.0, 0.0]
confusion_matrix [[0, 0, 0, 400, 0, 0], [0, 0, 0, 400, 0, 0], [0, 0, 0, 400, 0, 0], [0, 0, 0, 400, 0, 0], [0, 0, 0, 400, 0, 0], [0, 0, 0, 400, 0, 0]]
traning started for  45 epoch
epoch 45 loss: 1.79203152657
validation accuracy :  0.166666666667
validation class_total [1200.0, 1200.0, 1200.0, 1200.0, 1200.0, 1200.0]
validation class_correct [0.0, 0.0, 0.0, 1200.0, 0.0, 0.0]
validation confusion_matrix [[0, 0, 0, 1200, 0, 0], [0, 0, 0, 1200, 0, 0], [0, 0, 0, 1200, 0, 0], [0, 0, 0, 1200, 0, 0], [0, 0, 0, 1200, 0, 0], [0, 0, 0, 1200, 0, 0]]
test accuracy :  0.166666666667
class_total [400.0, 400.0, 400.0, 400.0, 400.0, 400.0]
class_correct [0.0, 0.0, 0.0, 400.0, 0.0, 0.0]
confusion_matrix [[0, 0, 0, 400, 0, 0], [0, 0, 0, 400, 0, 0], [0, 0, 0, 400, 0, 0], [0, 0, 0, 400, 0, 0], [0, 0, 0, 400, 0, 0], [0, 0, 0, 400, 0, 0]]
traning started for  46 epoch
epoch 46 loss: 1.79203152657
validation accuracy :  0.166666666667
validation class_total [1200.0, 1200.0, 1200.0, 1200.0, 1200.0, 1200.0]
validation class_correct [0.0, 0.0, 0.0, 1200.0, 0.0, 0.0]
validation confusion_matrix [[0, 0, 0, 1200, 0, 0], [0, 0, 0, 1200, 0, 0], [0, 0, 0, 1200, 0, 0], [0, 0, 0, 1200, 0, 0], [0, 0, 0, 1200, 0, 0], [0, 0, 0, 1200, 0, 0]]
test accuracy :  0.166666666667
class_total [400.0, 400.0, 400.0, 400.0, 400.0, 400.0]
class_correct [0.0, 0.0, 0.0, 400.0, 0.0, 0.0]
confusion_matrix [[0, 0, 0, 400, 0, 0], [0, 0, 0, 400, 0, 0], [0, 0, 0, 400, 0, 0], [0, 0, 0, 400, 0, 0], [0, 0, 0, 400, 0, 0], [0, 0, 0, 400, 0, 0]]
traning started for  47 epoch
epoch 47 loss: 1.79203152657
validation accuracy :  0.166666666667
validation class_total [1200.0, 1200.0, 1200.0, 1200.0, 1200.0, 1200.0]
validation class_correct [0.0, 0.0, 0.0, 1200.0, 0.0, 0.0]
validation confusion_matrix [[0, 0, 0, 1200, 0, 0], [0, 0, 0, 1200, 0, 0], [0, 0, 0, 1200, 0, 0], [0, 0, 0, 1200, 0, 0], [0, 0, 0, 1200, 0, 0], [0, 0, 0, 1200, 0, 0]]
test accuracy :  0.166666666667
class_total [400.0, 400.0, 400.0, 400.0, 400.0, 400.0]
class_correct [0.0, 0.0, 0.0, 400.0, 0.0, 0.0]
confusion_matrix [[0, 0, 0, 400, 0, 0], [0, 0, 0, 400, 0, 0], [0, 0, 0, 400, 0, 0], [0, 0, 0, 400, 0, 0], [0, 0, 0, 400, 0, 0], [0, 0, 0, 400, 0, 0]]
traning started for  48 epoch
epoch 48 loss: 1.79203152657
validation accuracy :  0.166666666667
validation class_total [1200.0, 1200.0, 1200.0, 1200.0, 1200.0, 1200.0]
validation class_correct [0.0, 0.0, 0.0, 1200.0, 0.0, 0.0]
validation confusion_matrix [[0, 0, 0, 1200, 0, 0], [0, 0, 0, 1200, 0, 0], [0, 0, 0, 1200, 0, 0], [0, 0, 0, 1200, 0, 0], [0, 0, 0, 1200, 0, 0], [0, 0, 0, 1200, 0, 0]]
test accuracy :  0.166666666667
class_total [400.0, 400.0, 400.0, 400.0, 400.0, 400.0]
class_correct [0.0, 0.0, 0.0, 400.0, 0.0, 0.0]
confusion_matrix [[0, 0, 0, 400, 0, 0], [0, 0, 0, 400, 0, 0], [0, 0, 0, 400, 0, 0], [0, 0, 0, 400, 0, 0], [0, 0, 0, 400, 0, 0], [0, 0, 0, 400, 0, 0]]
traning started for  49 epoch
epoch 49 loss: 1.79203152657
validation accuracy :  0.166666666667
validation class_total [1200.0, 1200.0, 1200.0, 1200.0, 1200.0, 1200.0]
validation class_correct [0.0, 0.0, 0.0, 1200.0, 0.0, 0.0]
validation confusion_matrix [[0, 0, 0, 1200, 0, 0], [0, 0, 0, 1200, 0, 0], [0, 0, 0, 1200, 0, 0], [0, 0, 0, 1200, 0, 0], [0, 0, 0, 1200, 0, 0], [0, 0, 0, 1200, 0, 0]]
test accuracy :  0.166666666667
class_total [400.0, 400.0, 400.0, 400.0, 400.0, 400.0]
class_correct [0.0, 0.0, 0.0, 400.0, 0.0, 0.0]
confusion_matrix [[0, 0, 0, 400, 0, 0], [0, 0, 0, 400, 0, 0], [0, 0, 0, 400, 0, 0], [0, 0, 0, 400, 0, 0], [0, 0, 0, 400, 0, 0], [0, 0, 0, 400, 0, 0]]
traning started for  50 epoch
epoch 50 loss: 1.79203152657
validation accuracy :  0.166666666667
validation class_total [1200.0, 1200.0, 1200.0, 1200.0, 1200.0, 1200.0]
validation class_correct [0.0, 0.0, 0.0, 1200.0, 0.0, 0.0]
validation confusion_matrix [[0, 0, 0, 1200, 0, 0], [0, 0, 0, 1200, 0, 0], [0, 0, 0, 1200, 0, 0], [0, 0, 0, 1200, 0, 0], [0, 0, 0, 1200, 0, 0], [0, 0, 0, 1200, 0, 0]]
test accuracy :  0.166666666667
class_total [400.0, 400.0, 400.0, 400.0, 400.0, 400.0]
class_correct [0.0, 0.0, 0.0, 400.0, 0.0, 0.0]
confusion_matrix [[0, 0, 0, 400, 0, 0], [0, 0, 0, 400, 0, 0], [0, 0, 0, 400, 0, 0], [0, 0, 0, 400, 0, 0], [0, 0, 0, 400, 0, 0], [0, 0, 0, 400, 0, 0]]
traning started for  51 epoch
epoch 51 loss: 1.79203152657
validation accuracy :  0.166666666667
validation class_total [1200.0, 1200.0, 1200.0, 1200.0, 1200.0, 1200.0]
validation class_correct [0.0, 0.0, 0.0, 1200.0, 0.0, 0.0]
validation confusion_matrix [[0, 0, 0, 1200, 0, 0], [0, 0, 0, 1200, 0, 0], [0, 0, 0, 1200, 0, 0], [0, 0, 0, 1200, 0, 0], [0, 0, 0, 1200, 0, 0], [0, 0, 0, 1200, 0, 0]]
test accuracy :  0.166666666667
class_total [400.0, 400.0, 400.0, 400.0, 400.0, 400.0]
class_correct [0.0, 0.0, 0.0, 400.0, 0.0, 0.0]
confusion_matrix [[0, 0, 0, 400, 0, 0], [0, 0, 0, 400, 0, 0], [0, 0, 0, 400, 0, 0], [0, 0, 0, 400, 0, 0], [0, 0, 0, 400, 0, 0], [0, 0, 0, 400, 0, 0]]
traning started for  52 epoch
epoch 52 loss: 1.79203152657
validation accuracy :  0.166666666667
validation class_total [1200.0, 1200.0, 1200.0, 1200.0, 1200.0, 1200.0]
validation class_correct [0.0, 0.0, 0.0, 1200.0, 0.0, 0.0]
validation confusion_matrix [[0, 0, 0, 1200, 0, 0], [0, 0, 0, 1200, 0, 0], [0, 0, 0, 1200, 0, 0], [0, 0, 0, 1200, 0, 0], [0, 0, 0, 1200, 0, 0], [0, 0, 0, 1200, 0, 0]]
test accuracy :  0.166666666667
class_total [400.0, 400.0, 400.0, 400.0, 400.0, 400.0]
class_correct [0.0, 0.0, 0.0, 400.0, 0.0, 0.0]
confusion_matrix [[0, 0, 0, 400, 0, 0], [0, 0, 0, 400, 0, 0], [0, 0, 0, 400, 0, 0], [0, 0, 0, 400, 0, 0], [0, 0, 0, 400, 0, 0], [0, 0, 0, 400, 0, 0]]
traning started for  53 epoch
epoch 53 loss: 1.79203152657
validation accuracy :  0.166666666667
validation class_total [1200.0, 1200.0, 1200.0, 1200.0, 1200.0, 1200.0]
validation class_correct [0.0, 0.0, 0.0, 1200.0, 0.0, 0.0]
validation confusion_matrix [[0, 0, 0, 1200, 0, 0], [0, 0, 0, 1200, 0, 0], [0, 0, 0, 1200, 0, 0], [0, 0, 0, 1200, 0, 0], [0, 0, 0, 1200, 0, 0], [0, 0, 0, 1200, 0, 0]]
test accuracy :  0.166666666667
class_total [400.0, 400.0, 400.0, 400.0, 400.0, 400.0]
class_correct [0.0, 0.0, 0.0, 400.0, 0.0, 0.0]
confusion_matrix [[0, 0, 0, 400, 0, 0], [0, 0, 0, 400, 0, 0], [0, 0, 0, 400, 0, 0], [0, 0, 0, 400, 0, 0], [0, 0, 0, 400, 0, 0], [0, 0, 0, 400, 0, 0]]
traning started for  54 epoch
epoch 54 loss: 1.79203152657
validation accuracy :  0.166666666667
validation class_total [1200.0, 1200.0, 1200.0, 1200.0, 1200.0, 1200.0]
validation class_correct [0.0, 0.0, 0.0, 1200.0, 0.0, 0.0]
validation confusion_matrix [[0, 0, 0, 1200, 0, 0], [0, 0, 0, 1200, 0, 0], [0, 0, 0, 1200, 0, 0], [0, 0, 0, 1200, 0, 0], [0, 0, 0, 1200, 0, 0], [0, 0, 0, 1200, 0, 0]]
test accuracy :  0.166666666667
class_total [400.0, 400.0, 400.0, 400.0, 400.0, 400.0]
class_correct [0.0, 0.0, 0.0, 400.0, 0.0, 0.0]
confusion_matrix [[0, 0, 0, 400, 0, 0], [0, 0, 0, 400, 0, 0], [0, 0, 0, 400, 0, 0], [0, 0, 0, 400, 0, 0], [0, 0, 0, 400, 0, 0], [0, 0, 0, 400, 0, 0]]
traning started for  55 epoch
epoch 55 loss: 1.79203152657
validation accuracy :  0.166666666667
validation class_total [1200.0, 1200.0, 1200.0, 1200.0, 1200.0, 1200.0]
validation class_correct [0.0, 0.0, 0.0, 1200.0, 0.0, 0.0]
validation confusion_matrix [[0, 0, 0, 1200, 0, 0], [0, 0, 0, 1200, 0, 0], [0, 0, 0, 1200, 0, 0], [0, 0, 0, 1200, 0, 0], [0, 0, 0, 1200, 0, 0], [0, 0, 0, 1200, 0, 0]]
test accuracy :  0.166666666667
class_total [400.0, 400.0, 400.0, 400.0, 400.0, 400.0]
class_correct [0.0, 0.0, 0.0, 400.0, 0.0, 0.0]
confusion_matrix [[0, 0, 0, 400, 0, 0], [0, 0, 0, 400, 0, 0], [0, 0, 0, 400, 0, 0], [0, 0, 0, 400, 0, 0], [0, 0, 0, 400, 0, 0], [0, 0, 0, 400, 0, 0]]
traning started for  56 epoch
epoch 56 loss: 1.79203152657
validation accuracy :  0.166666666667
validation class_total [1200.0, 1200.0, 1200.0, 1200.0, 1200.0, 1200.0]
validation class_correct [0.0, 0.0, 0.0, 1200.0, 0.0, 0.0]
validation confusion_matrix [[0, 0, 0, 1200, 0, 0], [0, 0, 0, 1200, 0, 0], [0, 0, 0, 1200, 0, 0], [0, 0, 0, 1200, 0, 0], [0, 0, 0, 1200, 0, 0], [0, 0, 0, 1200, 0, 0]]
test accuracy :  0.166666666667
class_total [400.0, 400.0, 400.0, 400.0, 400.0, 400.0]
class_correct [0.0, 0.0, 0.0, 400.0, 0.0, 0.0]
confusion_matrix [[0, 0, 0, 400, 0, 0], [0, 0, 0, 400, 0, 0], [0, 0, 0, 400, 0, 0], [0, 0, 0, 400, 0, 0], [0, 0, 0, 400, 0, 0], [0, 0, 0, 400, 0, 0]]
traning started for  57 epoch
epoch 57 loss: 1.79203152657
validation accuracy :  0.166666666667
validation class_total [1200.0, 1200.0, 1200.0, 1200.0, 1200.0, 1200.0]
validation class_correct [0.0, 0.0, 0.0, 1200.0, 0.0, 0.0]
validation confusion_matrix [[0, 0, 0, 1200, 0, 0], [0, 0, 0, 1200, 0, 0], [0, 0, 0, 1200, 0, 0], [0, 0, 0, 1200, 0, 0], [0, 0, 0, 1200, 0, 0], [0, 0, 0, 1200, 0, 0]]
test accuracy :  0.166666666667
class_total [400.0, 400.0, 400.0, 400.0, 400.0, 400.0]
class_correct [0.0, 0.0, 0.0, 400.0, 0.0, 0.0]
confusion_matrix [[0, 0, 0, 400, 0, 0], [0, 0, 0, 400, 0, 0], [0, 0, 0, 400, 0, 0], [0, 0, 0, 400, 0, 0], [0, 0, 0, 400, 0, 0], [0, 0, 0, 400, 0, 0]]
traning started for  58 epoch
epoch 58 loss: 1.79203152657
validation accuracy :  0.166666666667
validation class_total [1200.0, 1200.0, 1200.0, 1200.0, 1200.0, 1200.0]
validation class_correct [0.0, 0.0, 0.0, 1200.0, 0.0, 0.0]
validation confusion_matrix [[0, 0, 0, 1200, 0, 0], [0, 0, 0, 1200, 0, 0], [0, 0, 0, 1200, 0, 0], [0, 0, 0, 1200, 0, 0], [0, 0, 0, 1200, 0, 0], [0, 0, 0, 1200, 0, 0]]
test accuracy :  0.166666666667
class_total [400.0, 400.0, 400.0, 400.0, 400.0, 400.0]
class_correct [0.0, 0.0, 0.0, 400.0, 0.0, 0.0]
confusion_matrix [[0, 0, 0, 400, 0, 0], [0, 0, 0, 400, 0, 0], [0, 0, 0, 400, 0, 0], [0, 0, 0, 400, 0, 0], [0, 0, 0, 400, 0, 0], [0, 0, 0, 400, 0, 0]]
traning started for  59 epoch
epoch 59 loss: 1.79203152657
validation accuracy :  0.166666666667
validation class_total [1200.0, 1200.0, 1200.0, 1200.0, 1200.0, 1200.0]
validation class_correct [0.0, 0.0, 0.0, 1200.0, 0.0, 0.0]
validation confusion_matrix [[0, 0, 0, 1200, 0, 0], [0, 0, 0, 1200, 0, 0], [0, 0, 0, 1200, 0, 0], [0, 0, 0, 1200, 0, 0], [0, 0, 0, 1200, 0, 0], [0, 0, 0, 1200, 0, 0]]
test accuracy :  0.166666666667
class_total [400.0, 400.0, 400.0, 400.0, 400.0, 400.0]
class_correct [0.0, 0.0, 0.0, 400.0, 0.0, 0.0]
confusion_matrix [[0, 0, 0, 400, 0, 0], [0, 0, 0, 400, 0, 0], [0, 0, 0, 400, 0, 0], [0, 0, 0, 400, 0, 0], [0, 0, 0, 400, 0, 0], [0, 0, 0, 400, 0, 0]]
traning started for  60 epoch
epoch 60 loss: 1.79203152657
validation accuracy :  0.166666666667
validation class_total [1200.0, 1200.0, 1200.0, 1200.0, 1200.0, 1200.0]
validation class_correct [0.0, 0.0, 0.0, 1200.0, 0.0, 0.0]
validation confusion_matrix [[0, 0, 0, 1200, 0, 0], [0, 0, 0, 1200, 0, 0], [0, 0, 0, 1200, 0, 0], [0, 0, 0, 1200, 0, 0], [0, 0, 0, 1200, 0, 0], [0, 0, 0, 1200, 0, 0]]
test accuracy :  0.166666666667
class_total [400.0, 400.0, 400.0, 400.0, 400.0, 400.0]
class_correct [0.0, 0.0, 0.0, 400.0, 0.0, 0.0]
confusion_matrix [[0, 0, 0, 400, 0, 0], [0, 0, 0, 400, 0, 0], [0, 0, 0, 400, 0, 0], [0, 0, 0, 400, 0, 0], [0, 0, 0, 400, 0, 0], [0, 0, 0, 400, 0, 0]]
traning started for  61 epoch
epoch 61 loss: 1.79203152657
validation accuracy :  0.166666666667
validation class_total [1200.0, 1200.0, 1200.0, 1200.0, 1200.0, 1200.0]
validation class_correct [0.0, 0.0, 0.0, 1200.0, 0.0, 0.0]
validation confusion_matrix [[0, 0, 0, 1200, 0, 0], [0, 0, 0, 1200, 0, 0], [0, 0, 0, 1200, 0, 0], [0, 0, 0, 1200, 0, 0], [0, 0, 0, 1200, 0, 0], [0, 0, 0, 1200, 0, 0]]
test accuracy :  0.166666666667
class_total [400.0, 400.0, 400.0, 400.0, 400.0, 400.0]
class_correct [0.0, 0.0, 0.0, 400.0, 0.0, 0.0]
confusion_matrix [[0, 0, 0, 400, 0, 0], [0, 0, 0, 400, 0, 0], [0, 0, 0, 400, 0, 0], [0, 0, 0, 400, 0, 0], [0, 0, 0, 400, 0, 0], [0, 0, 0, 400, 0, 0]]
traning started for  62 epoch
epoch 62 loss: 1.79203152657
validation accuracy :  0.166666666667
validation class_total [1200.0, 1200.0, 1200.0, 1200.0, 1200.0, 1200.0]
validation class_correct [0.0, 0.0, 0.0, 1200.0, 0.0, 0.0]
validation confusion_matrix [[0, 0, 0, 1200, 0, 0], [0, 0, 0, 1200, 0, 0], [0, 0, 0, 1200, 0, 0], [0, 0, 0, 1200, 0, 0], [0, 0, 0, 1200, 0, 0], [0, 0, 0, 1200, 0, 0]]
test accuracy :  0.166666666667
class_total [400.0, 400.0, 400.0, 400.0, 400.0, 400.0]
class_correct [0.0, 0.0, 0.0, 400.0, 0.0, 0.0]
confusion_matrix [[0, 0, 0, 400, 0, 0], [0, 0, 0, 400, 0, 0], [0, 0, 0, 400, 0, 0], [0, 0, 0, 400, 0, 0], [0, 0, 0, 400, 0, 0], [0, 0, 0, 400, 0, 0]]
traning started for  63 epoch
epoch 63 loss: 1.79203152657
validation accuracy :  0.166666666667
validation class_total [1200.0, 1200.0, 1200.0, 1200.0, 1200.0, 1200.0]
validation class_correct [0.0, 0.0, 0.0, 1200.0, 0.0, 0.0]
validation confusion_matrix [[0, 0, 0, 1200, 0, 0], [0, 0, 0, 1200, 0, 0], [0, 0, 0, 1200, 0, 0], [0, 0, 0, 1200, 0, 0], [0, 0, 0, 1200, 0, 0], [0, 0, 0, 1200, 0, 0]]
test accuracy :  0.166666666667
class_total [400.0, 400.0, 400.0, 400.0, 400.0, 400.0]
class_correct [0.0, 0.0, 0.0, 400.0, 0.0, 0.0]
confusion_matrix [[0, 0, 0, 400, 0, 0], [0, 0, 0, 400, 0, 0], [0, 0, 0, 400, 0, 0], [0, 0, 0, 400, 0, 0], [0, 0, 0, 400, 0, 0], [0, 0, 0, 400, 0, 0]]
traning started for  64 epoch
epoch 64 loss: 1.79203152657
validation accuracy :  0.166666666667
validation class_total [1200.0, 1200.0, 1200.0, 1200.0, 1200.0, 1200.0]
validation class_correct [0.0, 0.0, 0.0, 1200.0, 0.0, 0.0]
validation confusion_matrix [[0, 0, 0, 1200, 0, 0], [0, 0, 0, 1200, 0, 0], [0, 0, 0, 1200, 0, 0], [0, 0, 0, 1200, 0, 0], [0, 0, 0, 1200, 0, 0], [0, 0, 0, 1200, 0, 0]]
test accuracy :  0.166666666667
class_total [400.0, 400.0, 400.0, 400.0, 400.0, 400.0]
class_correct [0.0, 0.0, 0.0, 400.0, 0.0, 0.0]
confusion_matrix [[0, 0, 0, 400, 0, 0], [0, 0, 0, 400, 0, 0], [0, 0, 0, 400, 0, 0], [0, 0, 0, 400, 0, 0], [0, 0, 0, 400, 0, 0], [0, 0, 0, 400, 0, 0]]
traning started for  65 epoch
epoch 65 loss: 1.79203152657
validation accuracy :  0.166666666667
validation class_total [1200.0, 1200.0, 1200.0, 1200.0, 1200.0, 1200.0]
validation class_correct [0.0, 0.0, 0.0, 1200.0, 0.0, 0.0]
validation confusion_matrix [[0, 0, 0, 1200, 0, 0], [0, 0, 0, 1200, 0, 0], [0, 0, 0, 1200, 0, 0], [0, 0, 0, 1200, 0, 0], [0, 0, 0, 1200, 0, 0], [0, 0, 0, 1200, 0, 0]]
test accuracy :  0.166666666667
class_total [400.0, 400.0, 400.0, 400.0, 400.0, 400.0]
class_correct [0.0, 0.0, 0.0, 400.0, 0.0, 0.0]
confusion_matrix [[0, 0, 0, 400, 0, 0], [0, 0, 0, 400, 0, 0], [0, 0, 0, 400, 0, 0], [0, 0, 0, 400, 0, 0], [0, 0, 0, 400, 0, 0], [0, 0, 0, 400, 0, 0]]
traning started for  66 epoch
epoch 66 loss: 1.79203152657
validation accuracy :  0.166666666667
validation class_total [1200.0, 1200.0, 1200.0, 1200.0, 1200.0, 1200.0]
validation class_correct [0.0, 0.0, 0.0, 1200.0, 0.0, 0.0]
validation confusion_matrix [[0, 0, 0, 1200, 0, 0], [0, 0, 0, 1200, 0, 0], [0, 0, 0, 1200, 0, 0], [0, 0, 0, 1200, 0, 0], [0, 0, 0, 1200, 0, 0], [0, 0, 0, 1200, 0, 0]]
test accuracy :  0.166666666667
class_total [400.0, 400.0, 400.0, 400.0, 400.0, 400.0]
class_correct [0.0, 0.0, 0.0, 400.0, 0.0, 0.0]
confusion_matrix [[0, 0, 0, 400, 0, 0], [0, 0, 0, 400, 0, 0], [0, 0, 0, 400, 0, 0], [0, 0, 0, 400, 0, 0], [0, 0, 0, 400, 0, 0], [0, 0, 0, 400, 0, 0]]
traning started for  67 epoch
epoch 67 loss: 1.79203152657
validation accuracy :  0.166666666667
validation class_total [1200.0, 1200.0, 1200.0, 1200.0, 1200.0, 1200.0]
validation class_correct [0.0, 0.0, 0.0, 1200.0, 0.0, 0.0]
validation confusion_matrix [[0, 0, 0, 1200, 0, 0], [0, 0, 0, 1200, 0, 0], [0, 0, 0, 1200, 0, 0], [0, 0, 0, 1200, 0, 0], [0, 0, 0, 1200, 0, 0], [0, 0, 0, 1200, 0, 0]]
test accuracy :  0.166666666667
class_total [400.0, 400.0, 400.0, 400.0, 400.0, 400.0]
class_correct [0.0, 0.0, 0.0, 400.0, 0.0, 0.0]
confusion_matrix [[0, 0, 0, 400, 0, 0], [0, 0, 0, 400, 0, 0], [0, 0, 0, 400, 0, 0], [0, 0, 0, 400, 0, 0], [0, 0, 0, 400, 0, 0], [0, 0, 0, 400, 0, 0]]
traning started for  68 epoch
epoch 68 loss: 1.79203152657
validation accuracy :  0.166666666667
validation class_total [1200.0, 1200.0, 1200.0, 1200.0, 1200.0, 1200.0]
validation class_correct [0.0, 0.0, 0.0, 1200.0, 0.0, 0.0]
validation confusion_matrix [[0, 0, 0, 1200, 0, 0], [0, 0, 0, 1200, 0, 0], [0, 0, 0, 1200, 0, 0], [0, 0, 0, 1200, 0, 0], [0, 0, 0, 1200, 0, 0], [0, 0, 0, 1200, 0, 0]]
test accuracy :  0.166666666667
class_total [400.0, 400.0, 400.0, 400.0, 400.0, 400.0]
class_correct [0.0, 0.0, 0.0, 400.0, 0.0, 0.0]
confusion_matrix [[0, 0, 0, 400, 0, 0], [0, 0, 0, 400, 0, 0], [0, 0, 0, 400, 0, 0], [0, 0, 0, 400, 0, 0], [0, 0, 0, 400, 0, 0], [0, 0, 0, 400, 0, 0]]
traning started for  69 epoch
epoch 69 loss: 1.79203152657
validation accuracy :  0.166666666667
validation class_total [1200.0, 1200.0, 1200.0, 1200.0, 1200.0, 1200.0]
validation class_correct [0.0, 0.0, 0.0, 1200.0, 0.0, 0.0]
validation confusion_matrix [[0, 0, 0, 1200, 0, 0], [0, 0, 0, 1200, 0, 0], [0, 0, 0, 1200, 0, 0], [0, 0, 0, 1200, 0, 0], [0, 0, 0, 1200, 0, 0], [0, 0, 0, 1200, 0, 0]]
test accuracy :  0.166666666667
class_total [400.0, 400.0, 400.0, 400.0, 400.0, 400.0]
class_correct [0.0, 0.0, 0.0, 400.0, 0.0, 0.0]
confusion_matrix [[0, 0, 0, 400, 0, 0], [0, 0, 0, 400, 0, 0], [0, 0, 0, 400, 0, 0], [0, 0, 0, 400, 0, 0], [0, 0, 0, 400, 0, 0], [0, 0, 0, 400, 0, 0]]
traning started for  70 epoch
epoch 70 loss: 1.79203152657
validation accuracy :  0.166666666667
validation class_total [1200.0, 1200.0, 1200.0, 1200.0, 1200.0, 1200.0]
validation class_correct [0.0, 0.0, 0.0, 1200.0, 0.0, 0.0]
validation confusion_matrix [[0, 0, 0, 1200, 0, 0], [0, 0, 0, 1200, 0, 0], [0, 0, 0, 1200, 0, 0], [0, 0, 0, 1200, 0, 0], [0, 0, 0, 1200, 0, 0], [0, 0, 0, 1200, 0, 0]]
test accuracy :  0.166666666667
class_total [400.0, 400.0, 400.0, 400.0, 400.0, 400.0]
class_correct [0.0, 0.0, 0.0, 400.0, 0.0, 0.0]
confusion_matrix [[0, 0, 0, 400, 0, 0], [0, 0, 0, 400, 0, 0], [0, 0, 0, 400, 0, 0], [0, 0, 0, 400, 0, 0], [0, 0, 0, 400, 0, 0], [0, 0, 0, 400, 0, 0]]
traning started for  71 epoch
epoch 71 loss: 1.79203152657
validation accuracy :  0.166666666667
validation class_total [1200.0, 1200.0, 1200.0, 1200.0, 1200.0, 1200.0]
validation class_correct [0.0, 0.0, 0.0, 1200.0, 0.0, 0.0]
validation confusion_matrix [[0, 0, 0, 1200, 0, 0], [0, 0, 0, 1200, 0, 0], [0, 0, 0, 1200, 0, 0], [0, 0, 0, 1200, 0, 0], [0, 0, 0, 1200, 0, 0], [0, 0, 0, 1200, 0, 0]]
test accuracy :  0.166666666667
class_total [400.0, 400.0, 400.0, 400.0, 400.0, 400.0]
class_correct [0.0, 0.0, 0.0, 400.0, 0.0, 0.0]
confusion_matrix [[0, 0, 0, 400, 0, 0], [0, 0, 0, 400, 0, 0], [0, 0, 0, 400, 0, 0], [0, 0, 0, 400, 0, 0], [0, 0, 0, 400, 0, 0], [0, 0, 0, 400, 0, 0]]
traning started for  72 epoch
epoch 72 loss: 1.79203152657
validation accuracy :  0.166666666667
validation class_total [1200.0, 1200.0, 1200.0, 1200.0, 1200.0, 1200.0]
validation class_correct [0.0, 0.0, 0.0, 1200.0, 0.0, 0.0]
validation confusion_matrix [[0, 0, 0, 1200, 0, 0], [0, 0, 0, 1200, 0, 0], [0, 0, 0, 1200, 0, 0], [0, 0, 0, 1200, 0, 0], [0, 0, 0, 1200, 0, 0], [0, 0, 0, 1200, 0, 0]]
test accuracy :  0.166666666667
class_total [400.0, 400.0, 400.0, 400.0, 400.0, 400.0]
class_correct [0.0, 0.0, 0.0, 400.0, 0.0, 0.0]
confusion_matrix [[0, 0, 0, 400, 0, 0], [0, 0, 0, 400, 0, 0], [0, 0, 0, 400, 0, 0], [0, 0, 0, 400, 0, 0], [0, 0, 0, 400, 0, 0], [0, 0, 0, 400, 0, 0]]
traning started for  73 epoch
epoch 73 loss: 1.79203152657
validation accuracy :  0.166666666667
validation class_total [1200.0, 1200.0, 1200.0, 1200.0, 1200.0, 1200.0]
validation class_correct [0.0, 0.0, 0.0, 1200.0, 0.0, 0.0]
validation confusion_matrix [[0, 0, 0, 1200, 0, 0], [0, 0, 0, 1200, 0, 0], [0, 0, 0, 1200, 0, 0], [0, 0, 0, 1200, 0, 0], [0, 0, 0, 1200, 0, 0], [0, 0, 0, 1200, 0, 0]]
test accuracy :  0.166666666667
class_total [400.0, 400.0, 400.0, 400.0, 400.0, 400.0]
class_correct [0.0, 0.0, 0.0, 400.0, 0.0, 0.0]
confusion_matrix [[0, 0, 0, 400, 0, 0], [0, 0, 0, 400, 0, 0], [0, 0, 0, 400, 0, 0], [0, 0, 0, 400, 0, 0], [0, 0, 0, 400, 0, 0], [0, 0, 0, 400, 0, 0]]
traning started for  74 epoch
epoch 74 loss: 1.79203152657
validation accuracy :  0.166666666667
validation class_total [1200.0, 1200.0, 1200.0, 1200.0, 1200.0, 1200.0]
validation class_correct [0.0, 0.0, 0.0, 1200.0, 0.0, 0.0]
validation confusion_matrix [[0, 0, 0, 1200, 0, 0], [0, 0, 0, 1200, 0, 0], [0, 0, 0, 1200, 0, 0], [0, 0, 0, 1200, 0, 0], [0, 0, 0, 1200, 0, 0], [0, 0, 0, 1200, 0, 0]]
test accuracy :  0.166666666667
class_total [400.0, 400.0, 400.0, 400.0, 400.0, 400.0]
class_correct [0.0, 0.0, 0.0, 400.0, 0.0, 0.0]
confusion_matrix [[0, 0, 0, 400, 0, 0], [0, 0, 0, 400, 0, 0], [0, 0, 0, 400, 0, 0], [0, 0, 0, 400, 0, 0], [0, 0, 0, 400, 0, 0], [0, 0, 0, 400, 0, 0]]
traning started for  75 epoch
epoch 75 loss: 1.79203152657
validation accuracy :  0.166666666667
validation class_total [1200.0, 1200.0, 1200.0, 1200.0, 1200.0, 1200.0]
validation class_correct [0.0, 0.0, 0.0, 1200.0, 0.0, 0.0]
validation confusion_matrix [[0, 0, 0, 1200, 0, 0], [0, 0, 0, 1200, 0, 0], [0, 0, 0, 1200, 0, 0], [0, 0, 0, 1200, 0, 0], [0, 0, 0, 1200, 0, 0], [0, 0, 0, 1200, 0, 0]]
test accuracy :  0.166666666667
class_total [400.0, 400.0, 400.0, 400.0, 400.0, 400.0]
class_correct [0.0, 0.0, 0.0, 400.0, 0.0, 0.0]
confusion_matrix [[0, 0, 0, 400, 0, 0], [0, 0, 0, 400, 0, 0], [0, 0, 0, 400, 0, 0], [0, 0, 0, 400, 0, 0], [0, 0, 0, 400, 0, 0], [0, 0, 0, 400, 0, 0]]
traning started for  76 epoch
epoch 76 loss: 1.79203152657
validation accuracy :  0.166666666667
validation class_total [1200.0, 1200.0, 1200.0, 1200.0, 1200.0, 1200.0]
validation class_correct [0.0, 0.0, 0.0, 1200.0, 0.0, 0.0]
validation confusion_matrix [[0, 0, 0, 1200, 0, 0], [0, 0, 0, 1200, 0, 0], [0, 0, 0, 1200, 0, 0], [0, 0, 0, 1200, 0, 0], [0, 0, 0, 1200, 0, 0], [0, 0, 0, 1200, 0, 0]]
test accuracy :  0.166666666667
class_total [400.0, 400.0, 400.0, 400.0, 400.0, 400.0]
class_correct [0.0, 0.0, 0.0, 400.0, 0.0, 0.0]
confusion_matrix [[0, 0, 0, 400, 0, 0], [0, 0, 0, 400, 0, 0], [0, 0, 0, 400, 0, 0], [0, 0, 0, 400, 0, 0], [0, 0, 0, 400, 0, 0], [0, 0, 0, 400, 0, 0]]
traning started for  77 epoch
epoch 77 loss: 1.79203152657
validation accuracy :  0.166666666667
validation class_total [1200.0, 1200.0, 1200.0, 1200.0, 1200.0, 1200.0]
validation class_correct [0.0, 0.0, 0.0, 1200.0, 0.0, 0.0]
validation confusion_matrix [[0, 0, 0, 1200, 0, 0], [0, 0, 0, 1200, 0, 0], [0, 0, 0, 1200, 0, 0], [0, 0, 0, 1200, 0, 0], [0, 0, 0, 1200, 0, 0], [0, 0, 0, 1200, 0, 0]]
test accuracy :  0.166666666667
class_total [400.0, 400.0, 400.0, 400.0, 400.0, 400.0]
class_correct [0.0, 0.0, 0.0, 400.0, 0.0, 0.0]
confusion_matrix [[0, 0, 0, 400, 0, 0], [0, 0, 0, 400, 0, 0], [0, 0, 0, 400, 0, 0], [0, 0, 0, 400, 0, 0], [0, 0, 0, 400, 0, 0], [0, 0, 0, 400, 0, 0]]
traning started for  78 epoch
epoch 78 loss: 1.79203152657
validation accuracy :  0.166666666667
validation class_total [1200.0, 1200.0, 1200.0, 1200.0, 1200.0, 1200.0]
validation class_correct [0.0, 0.0, 0.0, 1200.0, 0.0, 0.0]
validation confusion_matrix [[0, 0, 0, 1200, 0, 0], [0, 0, 0, 1200, 0, 0], [0, 0, 0, 1200, 0, 0], [0, 0, 0, 1200, 0, 0], [0, 0, 0, 1200, 0, 0], [0, 0, 0, 1200, 0, 0]]
test accuracy :  0.166666666667
class_total [400.0, 400.0, 400.0, 400.0, 400.0, 400.0]
class_correct [0.0, 0.0, 0.0, 400.0, 0.0, 0.0]
confusion_matrix [[0, 0, 0, 400, 0, 0], [0, 0, 0, 400, 0, 0], [0, 0, 0, 400, 0, 0], [0, 0, 0, 400, 0, 0], [0, 0, 0, 400, 0, 0], [0, 0, 0, 400, 0, 0]]
traning started for  79 epoch
epoch 79 loss: 1.79203152657
validation accuracy :  0.166666666667
validation class_total [1200.0, 1200.0, 1200.0, 1200.0, 1200.0, 1200.0]
validation class_correct [0.0, 0.0, 0.0, 1200.0, 0.0, 0.0]
validation confusion_matrix [[0, 0, 0, 1200, 0, 0], [0, 0, 0, 1200, 0, 0], [0, 0, 0, 1200, 0, 0], [0, 0, 0, 1200, 0, 0], [0, 0, 0, 1200, 0, 0], [0, 0, 0, 1200, 0, 0]]
test accuracy :  0.166666666667
class_total [400.0, 400.0, 400.0, 400.0, 400.0, 400.0]
class_correct [0.0, 0.0, 0.0, 400.0, 0.0, 0.0]
confusion_matrix [[0, 0, 0, 400, 0, 0], [0, 0, 0, 400, 0, 0], [0, 0, 0, 400, 0, 0], [0, 0, 0, 400, 0, 0], [0, 0, 0, 400, 0, 0], [0, 0, 0, 400, 0, 0]]
traning started for  80 epoch
epoch 80 loss: 1.79203152657
validation accuracy :  0.166666666667
validation class_total [1200.0, 1200.0, 1200.0, 1200.0, 1200.0, 1200.0]
validation class_correct [0.0, 0.0, 0.0, 1200.0, 0.0, 0.0]
validation confusion_matrix [[0, 0, 0, 1200, 0, 0], [0, 0, 0, 1200, 0, 0], [0, 0, 0, 1200, 0, 0], [0, 0, 0, 1200, 0, 0], [0, 0, 0, 1200, 0, 0], [0, 0, 0, 1200, 0, 0]]
test accuracy :  0.166666666667
class_total [400.0, 400.0, 400.0, 400.0, 400.0, 400.0]
class_correct [0.0, 0.0, 0.0, 400.0, 0.0, 0.0]
confusion_matrix [[0, 0, 0, 400, 0, 0], [0, 0, 0, 400, 0, 0], [0, 0, 0, 400, 0, 0], [0, 0, 0, 400, 0, 0], [0, 0, 0, 400, 0, 0], [0, 0, 0, 400, 0, 0]]
traning started for  81 epoch
epoch 81 loss: 1.79203152657
validation accuracy :  0.166666666667
validation class_total [1200.0, 1200.0, 1200.0, 1200.0, 1200.0, 1200.0]
validation class_correct [0.0, 0.0, 0.0, 1200.0, 0.0, 0.0]
validation confusion_matrix [[0, 0, 0, 1200, 0, 0], [0, 0, 0, 1200, 0, 0], [0, 0, 0, 1200, 0, 0], [0, 0, 0, 1200, 0, 0], [0, 0, 0, 1200, 0, 0], [0, 0, 0, 1200, 0, 0]]
test accuracy :  0.166666666667
class_total [400.0, 400.0, 400.0, 400.0, 400.0, 400.0]
class_correct [0.0, 0.0, 0.0, 400.0, 0.0, 0.0]
confusion_matrix [[0, 0, 0, 400, 0, 0], [0, 0, 0, 400, 0, 0], [0, 0, 0, 400, 0, 0], [0, 0, 0, 400, 0, 0], [0, 0, 0, 400, 0, 0], [0, 0, 0, 400, 0, 0]]
traning started for  82 epoch
epoch 82 loss: 1.79203152657
validation accuracy :  0.166666666667
validation class_total [1200.0, 1200.0, 1200.0, 1200.0, 1200.0, 1200.0]
validation class_correct [0.0, 0.0, 0.0, 1200.0, 0.0, 0.0]
validation confusion_matrix [[0, 0, 0, 1200, 0, 0], [0, 0, 0, 1200, 0, 0], [0, 0, 0, 1200, 0, 0], [0, 0, 0, 1200, 0, 0], [0, 0, 0, 1200, 0, 0], [0, 0, 0, 1200, 0, 0]]
test accuracy :  0.166666666667
class_total [400.0, 400.0, 400.0, 400.0, 400.0, 400.0]
class_correct [0.0, 0.0, 0.0, 400.0, 0.0, 0.0]
confusion_matrix [[0, 0, 0, 400, 0, 0], [0, 0, 0, 400, 0, 0], [0, 0, 0, 400, 0, 0], [0, 0, 0, 400, 0, 0], [0, 0, 0, 400, 0, 0], [0, 0, 0, 400, 0, 0]]
traning started for  83 epoch
epoch 83 loss: 1.79203152657
validation accuracy :  0.166666666667
validation class_total [1200.0, 1200.0, 1200.0, 1200.0, 1200.0, 1200.0]
validation class_correct [0.0, 0.0, 0.0, 1200.0, 0.0, 0.0]
validation confusion_matrix [[0, 0, 0, 1200, 0, 0], [0, 0, 0, 1200, 0, 0], [0, 0, 0, 1200, 0, 0], [0, 0, 0, 1200, 0, 0], [0, 0, 0, 1200, 0, 0], [0, 0, 0, 1200, 0, 0]]
test accuracy :  0.166666666667
class_total [400.0, 400.0, 400.0, 400.0, 400.0, 400.0]
class_correct [0.0, 0.0, 0.0, 400.0, 0.0, 0.0]
confusion_matrix [[0, 0, 0, 400, 0, 0], [0, 0, 0, 400, 0, 0], [0, 0, 0, 400, 0, 0], [0, 0, 0, 400, 0, 0], [0, 0, 0, 400, 0, 0], [0, 0, 0, 400, 0, 0]]
traning started for  84 epoch
epoch 84 loss: 1.79203152657
validation accuracy :  0.166666666667
validation class_total [1200.0, 1200.0, 1200.0, 1200.0, 1200.0, 1200.0]
validation class_correct [0.0, 0.0, 0.0, 1200.0, 0.0, 0.0]
validation confusion_matrix [[0, 0, 0, 1200, 0, 0], [0, 0, 0, 1200, 0, 0], [0, 0, 0, 1200, 0, 0], [0, 0, 0, 1200, 0, 0], [0, 0, 0, 1200, 0, 0], [0, 0, 0, 1200, 0, 0]]
test accuracy :  0.166666666667
class_total [400.0, 400.0, 400.0, 400.0, 400.0, 400.0]
class_correct [0.0, 0.0, 0.0, 400.0, 0.0, 0.0]
confusion_matrix [[0, 0, 0, 400, 0, 0], [0, 0, 0, 400, 0, 0], [0, 0, 0, 400, 0, 0], [0, 0, 0, 400, 0, 0], [0, 0, 0, 400, 0, 0], [0, 0, 0, 400, 0, 0]]
traning started for  85 epoch
epoch 85 loss: 1.79203152657
validation accuracy :  0.166666666667
validation class_total [1200.0, 1200.0, 1200.0, 1200.0, 1200.0, 1200.0]
validation class_correct [0.0, 0.0, 0.0, 1200.0, 0.0, 0.0]
validation confusion_matrix [[0, 0, 0, 1200, 0, 0], [0, 0, 0, 1200, 0, 0], [0, 0, 0, 1200, 0, 0], [0, 0, 0, 1200, 0, 0], [0, 0, 0, 1200, 0, 0], [0, 0, 0, 1200, 0, 0]]
test accuracy :  0.166666666667
class_total [400.0, 400.0, 400.0, 400.0, 400.0, 400.0]
class_correct [0.0, 0.0, 0.0, 400.0, 0.0, 0.0]
confusion_matrix [[0, 0, 0, 400, 0, 0], [0, 0, 0, 400, 0, 0], [0, 0, 0, 400, 0, 0], [0, 0, 0, 400, 0, 0], [0, 0, 0, 400, 0, 0], [0, 0, 0, 400, 0, 0]]
traning started for  86 epoch
epoch 86 loss: 1.79203152657
validation accuracy :  0.166666666667
validation class_total [1200.0, 1200.0, 1200.0, 1200.0, 1200.0, 1200.0]
validation class_correct [0.0, 0.0, 0.0, 1200.0, 0.0, 0.0]
validation confusion_matrix [[0, 0, 0, 1200, 0, 0], [0, 0, 0, 1200, 0, 0], [0, 0, 0, 1200, 0, 0], [0, 0, 0, 1200, 0, 0], [0, 0, 0, 1200, 0, 0], [0, 0, 0, 1200, 0, 0]]
test accuracy :  0.166666666667
class_total [400.0, 400.0, 400.0, 400.0, 400.0, 400.0]
class_correct [0.0, 0.0, 0.0, 400.0, 0.0, 0.0]
confusion_matrix [[0, 0, 0, 400, 0, 0], [0, 0, 0, 400, 0, 0], [0, 0, 0, 400, 0, 0], [0, 0, 0, 400, 0, 0], [0, 0, 0, 400, 0, 0], [0, 0, 0, 400, 0, 0]]
traning started for  87 epoch
epoch 87 loss: 1.79203152657
validation accuracy :  0.166666666667
validation class_total [1200.0, 1200.0, 1200.0, 1200.0, 1200.0, 1200.0]
validation class_correct [0.0, 0.0, 0.0, 1200.0, 0.0, 0.0]
validation confusion_matrix [[0, 0, 0, 1200, 0, 0], [0, 0, 0, 1200, 0, 0], [0, 0, 0, 1200, 0, 0], [0, 0, 0, 1200, 0, 0], [0, 0, 0, 1200, 0, 0], [0, 0, 0, 1200, 0, 0]]
test accuracy :  0.166666666667
class_total [400.0, 400.0, 400.0, 400.0, 400.0, 400.0]
class_correct [0.0, 0.0, 0.0, 400.0, 0.0, 0.0]
confusion_matrix [[0, 0, 0, 400, 0, 0], [0, 0, 0, 400, 0, 0], [0, 0, 0, 400, 0, 0], [0, 0, 0, 400, 0, 0], [0, 0, 0, 400, 0, 0], [0, 0, 0, 400, 0, 0]]
traning started for  88 epoch
epoch 88 loss: 1.79203152657
validation accuracy :  0.166666666667
validation class_total [1200.0, 1200.0, 1200.0, 1200.0, 1200.0, 1200.0]
validation class_correct [0.0, 0.0, 0.0, 1200.0, 0.0, 0.0]
validation confusion_matrix [[0, 0, 0, 1200, 0, 0], [0, 0, 0, 1200, 0, 0], [0, 0, 0, 1200, 0, 0], [0, 0, 0, 1200, 0, 0], [0, 0, 0, 1200, 0, 0], [0, 0, 0, 1200, 0, 0]]
test accuracy :  0.166666666667
class_total [400.0, 400.0, 400.0, 400.0, 400.0, 400.0]
class_correct [0.0, 0.0, 0.0, 400.0, 0.0, 0.0]
confusion_matrix [[0, 0, 0, 400, 0, 0], [0, 0, 0, 400, 0, 0], [0, 0, 0, 400, 0, 0], [0, 0, 0, 400, 0, 0], [0, 0, 0, 400, 0, 0], [0, 0, 0, 400, 0, 0]]
traning started for  89 epoch
epoch 89 loss: 1.79203152657
validation accuracy :  0.166666666667
validation class_total [1200.0, 1200.0, 1200.0, 1200.0, 1200.0, 1200.0]
validation class_correct [0.0, 0.0, 0.0, 1200.0, 0.0, 0.0]
validation confusion_matrix [[0, 0, 0, 1200, 0, 0], [0, 0, 0, 1200, 0, 0], [0, 0, 0, 1200, 0, 0], [0, 0, 0, 1200, 0, 0], [0, 0, 0, 1200, 0, 0], [0, 0, 0, 1200, 0, 0]]
test accuracy :  0.166666666667
class_total [400.0, 400.0, 400.0, 400.0, 400.0, 400.0]
class_correct [0.0, 0.0, 0.0, 400.0, 0.0, 0.0]
confusion_matrix [[0, 0, 0, 400, 0, 0], [0, 0, 0, 400, 0, 0], [0, 0, 0, 400, 0, 0], [0, 0, 0, 400, 0, 0], [0, 0, 0, 400, 0, 0], [0, 0, 0, 400, 0, 0]]
traning started for  90 epoch
epoch 90 loss: 1.79203152657
validation accuracy :  0.166666666667
validation class_total [1200.0, 1200.0, 1200.0, 1200.0, 1200.0, 1200.0]
validation class_correct [0.0, 0.0, 0.0, 1200.0, 0.0, 0.0]
validation confusion_matrix [[0, 0, 0, 1200, 0, 0], [0, 0, 0, 1200, 0, 0], [0, 0, 0, 1200, 0, 0], [0, 0, 0, 1200, 0, 0], [0, 0, 0, 1200, 0, 0], [0, 0, 0, 1200, 0, 0]]
test accuracy :  0.166666666667
class_total [400.0, 400.0, 400.0, 400.0, 400.0, 400.0]
class_correct [0.0, 0.0, 0.0, 400.0, 0.0, 0.0]
confusion_matrix [[0, 0, 0, 400, 0, 0], [0, 0, 0, 400, 0, 0], [0, 0, 0, 400, 0, 0], [0, 0, 0, 400, 0, 0], [0, 0, 0, 400, 0, 0], [0, 0, 0, 400, 0, 0]]
traning started for  91 epoch
epoch 91 loss: 1.79203152657
validation accuracy :  0.166666666667
validation class_total [1200.0, 1200.0, 1200.0, 1200.0, 1200.0, 1200.0]
validation class_correct [0.0, 0.0, 0.0, 1200.0, 0.0, 0.0]
validation confusion_matrix [[0, 0, 0, 1200, 0, 0], [0, 0, 0, 1200, 0, 0], [0, 0, 0, 1200, 0, 0], [0, 0, 0, 1200, 0, 0], [0, 0, 0, 1200, 0, 0], [0, 0, 0, 1200, 0, 0]]
test accuracy :  0.166666666667
class_total [400.0, 400.0, 400.0, 400.0, 400.0, 400.0]
class_correct [0.0, 0.0, 0.0, 400.0, 0.0, 0.0]
confusion_matrix [[0, 0, 0, 400, 0, 0], [0, 0, 0, 400, 0, 0], [0, 0, 0, 400, 0, 0], [0, 0, 0, 400, 0, 0], [0, 0, 0, 400, 0, 0], [0, 0, 0, 400, 0, 0]]
traning started for  92 epoch
epoch 92 loss: 1.79203152657
validation accuracy :  0.166666666667
validation class_total [1200.0, 1200.0, 1200.0, 1200.0, 1200.0, 1200.0]
validation class_correct [0.0, 0.0, 0.0, 1200.0, 0.0, 0.0]
validation confusion_matrix [[0, 0, 0, 1200, 0, 0], [0, 0, 0, 1200, 0, 0], [0, 0, 0, 1200, 0, 0], [0, 0, 0, 1200, 0, 0], [0, 0, 0, 1200, 0, 0], [0, 0, 0, 1200, 0, 0]]
test accuracy :  0.166666666667
class_total [400.0, 400.0, 400.0, 400.0, 400.0, 400.0]
class_correct [0.0, 0.0, 0.0, 400.0, 0.0, 0.0]
confusion_matrix [[0, 0, 0, 400, 0, 0], [0, 0, 0, 400, 0, 0], [0, 0, 0, 400, 0, 0], [0, 0, 0, 400, 0, 0], [0, 0, 0, 400, 0, 0], [0, 0, 0, 400, 0, 0]]
traning started for  93 epoch
epoch 93 loss: 1.79203152657
validation accuracy :  0.166666666667
validation class_total [1200.0, 1200.0, 1200.0, 1200.0, 1200.0, 1200.0]
validation class_correct [0.0, 0.0, 0.0, 1200.0, 0.0, 0.0]
validation confusion_matrix [[0, 0, 0, 1200, 0, 0], [0, 0, 0, 1200, 0, 0], [0, 0, 0, 1200, 0, 0], [0, 0, 0, 1200, 0, 0], [0, 0, 0, 1200, 0, 0], [0, 0, 0, 1200, 0, 0]]
test accuracy :  0.166666666667
class_total [400.0, 400.0, 400.0, 400.0, 400.0, 400.0]
class_correct [0.0, 0.0, 0.0, 400.0, 0.0, 0.0]
confusion_matrix [[0, 0, 0, 400, 0, 0], [0, 0, 0, 400, 0, 0], [0, 0, 0, 400, 0, 0], [0, 0, 0, 400, 0, 0], [0, 0, 0, 400, 0, 0], [0, 0, 0, 400, 0, 0]]
traning started for  94 epoch
epoch 94 loss: 1.79203152657
validation accuracy :  0.166666666667
validation class_total [1200.0, 1200.0, 1200.0, 1200.0, 1200.0, 1200.0]
validation class_correct [0.0, 0.0, 0.0, 1200.0, 0.0, 0.0]
validation confusion_matrix [[0, 0, 0, 1200, 0, 0], [0, 0, 0, 1200, 0, 0], [0, 0, 0, 1200, 0, 0], [0, 0, 0, 1200, 0, 0], [0, 0, 0, 1200, 0, 0], [0, 0, 0, 1200, 0, 0]]
test accuracy :  0.166666666667
class_total [400.0, 400.0, 400.0, 400.0, 400.0, 400.0]
class_correct [0.0, 0.0, 0.0, 400.0, 0.0, 0.0]
confusion_matrix [[0, 0, 0, 400, 0, 0], [0, 0, 0, 400, 0, 0], [0, 0, 0, 400, 0, 0], [0, 0, 0, 400, 0, 0], [0, 0, 0, 400, 0, 0], [0, 0, 0, 400, 0, 0]]
traning started for  95 epoch
epoch 95 loss: 1.79203152657
validation accuracy :  0.166666666667
validation class_total [1200.0, 1200.0, 1200.0, 1200.0, 1200.0, 1200.0]
validation class_correct [0.0, 0.0, 0.0, 1200.0, 0.0, 0.0]
validation confusion_matrix [[0, 0, 0, 1200, 0, 0], [0, 0, 0, 1200, 0, 0], [0, 0, 0, 1200, 0, 0], [0, 0, 0, 1200, 0, 0], [0, 0, 0, 1200, 0, 0], [0, 0, 0, 1200, 0, 0]]
test accuracy :  0.166666666667
class_total [400.0, 400.0, 400.0, 400.0, 400.0, 400.0]
class_correct [0.0, 0.0, 0.0, 400.0, 0.0, 0.0]
confusion_matrix [[0, 0, 0, 400, 0, 0], [0, 0, 0, 400, 0, 0], [0, 0, 0, 400, 0, 0], [0, 0, 0, 400, 0, 0], [0, 0, 0, 400, 0, 0], [0, 0, 0, 400, 0, 0]]
traning started for  96 epoch
epoch 96 loss: 1.79203152657
validation accuracy :  0.166666666667
validation class_total [1200.0, 1200.0, 1200.0, 1200.0, 1200.0, 1200.0]
validation class_correct [0.0, 0.0, 0.0, 1200.0, 0.0, 0.0]
validation confusion_matrix [[0, 0, 0, 1200, 0, 0], [0, 0, 0, 1200, 0, 0], [0, 0, 0, 1200, 0, 0], [0, 0, 0, 1200, 0, 0], [0, 0, 0, 1200, 0, 0], [0, 0, 0, 1200, 0, 0]]
test accuracy :  0.166666666667
class_total [400.0, 400.0, 400.0, 400.0, 400.0, 400.0]
class_correct [0.0, 0.0, 0.0, 400.0, 0.0, 0.0]
confusion_matrix [[0, 0, 0, 400, 0, 0], [0, 0, 0, 400, 0, 0], [0, 0, 0, 400, 0, 0], [0, 0, 0, 400, 0, 0], [0, 0, 0, 400, 0, 0], [0, 0, 0, 400, 0, 0]]
traning started for  97 epoch
epoch 97 loss: 1.79203152657
validation accuracy :  0.166666666667
validation class_total [1200.0, 1200.0, 1200.0, 1200.0, 1200.0, 1200.0]
validation class_correct [0.0, 0.0, 0.0, 1200.0, 0.0, 0.0]
validation confusion_matrix [[0, 0, 0, 1200, 0, 0], [0, 0, 0, 1200, 0, 0], [0, 0, 0, 1200, 0, 0], [0, 0, 0, 1200, 0, 0], [0, 0, 0, 1200, 0, 0], [0, 0, 0, 1200, 0, 0]]
test accuracy :  0.166666666667
class_total [400.0, 400.0, 400.0, 400.0, 400.0, 400.0]
class_correct [0.0, 0.0, 0.0, 400.0, 0.0, 0.0]
confusion_matrix [[0, 0, 0, 400, 0, 0], [0, 0, 0, 400, 0, 0], [0, 0, 0, 400, 0, 0], [0, 0, 0, 400, 0, 0], [0, 0, 0, 400, 0, 0], [0, 0, 0, 400, 0, 0]]
traning started for  98 epoch
epoch 98 loss: 1.79203152657
validation accuracy :  0.166666666667
validation class_total [1200.0, 1200.0, 1200.0, 1200.0, 1200.0, 1200.0]
validation class_correct [0.0, 0.0, 0.0, 1200.0, 0.0, 0.0]
validation confusion_matrix [[0, 0, 0, 1200, 0, 0], [0, 0, 0, 1200, 0, 0], [0, 0, 0, 1200, 0, 0], [0, 0, 0, 1200, 0, 0], [0, 0, 0, 1200, 0, 0], [0, 0, 0, 1200, 0, 0]]
test accuracy :  0.166666666667
class_total [400.0, 400.0, 400.0, 400.0, 400.0, 400.0]
class_correct [0.0, 0.0, 0.0, 400.0, 0.0, 0.0]
confusion_matrix [[0, 0, 0, 400, 0, 0], [0, 0, 0, 400, 0, 0], [0, 0, 0, 400, 0, 0], [0, 0, 0, 400, 0, 0], [0, 0, 0, 400, 0, 0], [0, 0, 0, 400, 0, 0]]
traning started for  99 epoch
epoch 99 loss: 1.79203152657
validation accuracy :  0.166666666667
validation class_total [1200.0, 1200.0, 1200.0, 1200.0, 1200.0, 1200.0]
validation class_correct [0.0, 0.0, 0.0, 1200.0, 0.0, 0.0]
validation confusion_matrix [[0, 0, 0, 1200, 0, 0], [0, 0, 0, 1200, 0, 0], [0, 0, 0, 1200, 0, 0], [0, 0, 0, 1200, 0, 0], [0, 0, 0, 1200, 0, 0], [0, 0, 0, 1200, 0, 0]]
test accuracy :  0.166666666667
class_total [400.0, 400.0, 400.0, 400.0, 400.0, 400.0]
class_correct [0.0, 0.0, 0.0, 400.0, 0.0, 0.0]
confusion_matrix [[0, 0, 0, 400, 0, 0], [0, 0, 0, 400, 0, 0], [0, 0, 0, 400, 0, 0], [0, 0, 0, 400, 0, 0], [0, 0, 0, 400, 0, 0], [0, 0, 0, 400, 0, 0]]
traning started for  100 epoch
epoch 100 loss: 1.79203152657
validation accuracy :  0.166666666667
validation class_total [1200.0, 1200.0, 1200.0, 1200.0, 1200.0, 1200.0]
validation class_correct [0.0, 0.0, 0.0, 1200.0, 0.0, 0.0]
validation confusion_matrix [[0, 0, 0, 1200, 0, 0], [0, 0, 0, 1200, 0, 0], [0, 0, 0, 1200, 0, 0], [0, 0, 0, 1200, 0, 0], [0, 0, 0, 1200, 0, 0], [0, 0, 0, 1200, 0, 0]]
test accuracy :  0.166666666667
class_total [400.0, 400.0, 400.0, 400.0, 400.0, 400.0]
class_correct [0.0, 0.0, 0.0, 400.0, 0.0, 0.0]
confusion_matrix [[0, 0, 0, 400, 0, 0], [0, 0, 0, 400, 0, 0], [0, 0, 0, 400, 0, 0], [0, 0, 0, 400, 0, 0], [0, 0, 0, 400, 0, 0], [0, 0, 0, 400, 0, 0]]
traning started for  101 epoch
epoch 101 loss: 1.79203152657
validation accuracy :  0.166666666667
validation class_total [1200.0, 1200.0, 1200.0, 1200.0, 1200.0, 1200.0]
validation class_correct [0.0, 0.0, 0.0, 1200.0, 0.0, 0.0]
validation confusion_matrix [[0, 0, 0, 1200, 0, 0], [0, 0, 0, 1200, 0, 0], [0, 0, 0, 1200, 0, 0], [0, 0, 0, 1200, 0, 0], [0, 0, 0, 1200, 0, 0], [0, 0, 0, 1200, 0, 0]]
test accuracy :  0.166666666667
class_total [400.0, 400.0, 400.0, 400.0, 400.0, 400.0]
class_correct [0.0, 0.0, 0.0, 400.0, 0.0, 0.0]
confusion_matrix [[0, 0, 0, 400, 0, 0], [0, 0, 0, 400, 0, 0], [0, 0, 0, 400, 0, 0], [0, 0, 0, 400, 0, 0], [0, 0, 0, 400, 0, 0], [0, 0, 0, 400, 0, 0]]
traning started for  102 epoch
epoch 102 loss: 1.79203152657
validation accuracy :  0.166666666667
validation class_total [1200.0, 1200.0, 1200.0, 1200.0, 1200.0, 1200.0]
validation class_correct [0.0, 0.0, 0.0, 1200.0, 0.0, 0.0]
validation confusion_matrix [[0, 0, 0, 1200, 0, 0], [0, 0, 0, 1200, 0, 0], [0, 0, 0, 1200, 0, 0], [0, 0, 0, 1200, 0, 0], [0, 0, 0, 1200, 0, 0], [0, 0, 0, 1200, 0, 0]]
test accuracy :  0.166666666667
class_total [400.0, 400.0, 400.0, 400.0, 400.0, 400.0]
class_correct [0.0, 0.0, 0.0, 400.0, 0.0, 0.0]
confusion_matrix [[0, 0, 0, 400, 0, 0], [0, 0, 0, 400, 0, 0], [0, 0, 0, 400, 0, 0], [0, 0, 0, 400, 0, 0], [0, 0, 0, 400, 0, 0], [0, 0, 0, 400, 0, 0]]
traning started for  103 epoch
epoch 103 loss: 1.79203152657
validation accuracy :  0.166666666667
validation class_total [1200.0, 1200.0, 1200.0, 1200.0, 1200.0, 1200.0]
validation class_correct [0.0, 0.0, 0.0, 1200.0, 0.0, 0.0]
validation confusion_matrix [[0, 0, 0, 1200, 0, 0], [0, 0, 0, 1200, 0, 0], [0, 0, 0, 1200, 0, 0], [0, 0, 0, 1200, 0, 0], [0, 0, 0, 1200, 0, 0], [0, 0, 0, 1200, 0, 0]]
test accuracy :  0.166666666667
class_total [400.0, 400.0, 400.0, 400.0, 400.0, 400.0]
class_correct [0.0, 0.0, 0.0, 400.0, 0.0, 0.0]
confusion_matrix [[0, 0, 0, 400, 0, 0], [0, 0, 0, 400, 0, 0], [0, 0, 0, 400, 0, 0], [0, 0, 0, 400, 0, 0], [0, 0, 0, 400, 0, 0], [0, 0, 0, 400, 0, 0]]
traning started for  104 epoch
epoch 104 loss: 1.79203152657
validation accuracy :  0.166666666667
validation class_total [1200.0, 1200.0, 1200.0, 1200.0, 1200.0, 1200.0]
validation class_correct [0.0, 0.0, 0.0, 1200.0, 0.0, 0.0]
validation confusion_matrix [[0, 0, 0, 1200, 0, 0], [0, 0, 0, 1200, 0, 0], [0, 0, 0, 1200, 0, 0], [0, 0, 0, 1200, 0, 0], [0, 0, 0, 1200, 0, 0], [0, 0, 0, 1200, 0, 0]]
test accuracy :  0.166666666667
class_total [400.0, 400.0, 400.0, 400.0, 400.0, 400.0]
class_correct [0.0, 0.0, 0.0, 400.0, 0.0, 0.0]
confusion_matrix [[0, 0, 0, 400, 0, 0], [0, 0, 0, 400, 0, 0], [0, 0, 0, 400, 0, 0], [0, 0, 0, 400, 0, 0], [0, 0, 0, 400, 0, 0], [0, 0, 0, 400, 0, 0]]
traning started for  105 epoch
epoch 105 loss: 1.79203152657
validation accuracy :  0.166666666667
validation class_total [1200.0, 1200.0, 1200.0, 1200.0, 1200.0, 1200.0]
validation class_correct [0.0, 0.0, 0.0, 1200.0, 0.0, 0.0]
validation confusion_matrix [[0, 0, 0, 1200, 0, 0], [0, 0, 0, 1200, 0, 0], [0, 0, 0, 1200, 0, 0], [0, 0, 0, 1200, 0, 0], [0, 0, 0, 1200, 0, 0], [0, 0, 0, 1200, 0, 0]]
test accuracy :  0.166666666667
class_total [400.0, 400.0, 400.0, 400.0, 400.0, 400.0]
class_correct [0.0, 0.0, 0.0, 400.0, 0.0, 0.0]
confusion_matrix [[0, 0, 0, 400, 0, 0], [0, 0, 0, 400, 0, 0], [0, 0, 0, 400, 0, 0], [0, 0, 0, 400, 0, 0], [0, 0, 0, 400, 0, 0], [0, 0, 0, 400, 0, 0]]
traning started for  106 epoch
epoch 106 loss: 1.79203152657
validation accuracy :  0.166666666667
validation class_total [1200.0, 1200.0, 1200.0, 1200.0, 1200.0, 1200.0]
validation class_correct [0.0, 0.0, 0.0, 1200.0, 0.0, 0.0]
validation confusion_matrix [[0, 0, 0, 1200, 0, 0], [0, 0, 0, 1200, 0, 0], [0, 0, 0, 1200, 0, 0], [0, 0, 0, 1200, 0, 0], [0, 0, 0, 1200, 0, 0], [0, 0, 0, 1200, 0, 0]]
test accuracy :  0.166666666667
class_total [400.0, 400.0, 400.0, 400.0, 400.0, 400.0]
class_correct [0.0, 0.0, 0.0, 400.0, 0.0, 0.0]
confusion_matrix [[0, 0, 0, 400, 0, 0], [0, 0, 0, 400, 0, 0], [0, 0, 0, 400, 0, 0], [0, 0, 0, 400, 0, 0], [0, 0, 0, 400, 0, 0], [0, 0, 0, 400, 0, 0]]
traning started for  107 epoch
epoch 107 loss: 1.79203152657
validation accuracy :  0.166666666667
validation class_total [1200.0, 1200.0, 1200.0, 1200.0, 1200.0, 1200.0]
validation class_correct [0.0, 0.0, 0.0, 1200.0, 0.0, 0.0]
validation confusion_matrix [[0, 0, 0, 1200, 0, 0], [0, 0, 0, 1200, 0, 0], [0, 0, 0, 1200, 0, 0], [0, 0, 0, 1200, 0, 0], [0, 0, 0, 1200, 0, 0], [0, 0, 0, 1200, 0, 0]]
test accuracy :  0.166666666667
class_total [400.0, 400.0, 400.0, 400.0, 400.0, 400.0]
class_correct [0.0, 0.0, 0.0, 400.0, 0.0, 0.0]
confusion_matrix [[0, 0, 0, 400, 0, 0], [0, 0, 0, 400, 0, 0], [0, 0, 0, 400, 0, 0], [0, 0, 0, 400, 0, 0], [0, 0, 0, 400, 0, 0], [0, 0, 0, 400, 0, 0]]
traning started for  108 epoch
epoch 108 loss: 1.79203152657
validation accuracy :  0.166666666667
validation class_total [1200.0, 1200.0, 1200.0, 1200.0, 1200.0, 1200.0]
validation class_correct [0.0, 0.0, 0.0, 1200.0, 0.0, 0.0]
validation confusion_matrix [[0, 0, 0, 1200, 0, 0], [0, 0, 0, 1200, 0, 0], [0, 0, 0, 1200, 0, 0], [0, 0, 0, 1200, 0, 0], [0, 0, 0, 1200, 0, 0], [0, 0, 0, 1200, 0, 0]]
test accuracy :  0.166666666667
class_total [400.0, 400.0, 400.0, 400.0, 400.0, 400.0]
class_correct [0.0, 0.0, 0.0, 400.0, 0.0, 0.0]
confusion_matrix [[0, 0, 0, 400, 0, 0], [0, 0, 0, 400, 0, 0], [0, 0, 0, 400, 0, 0], [0, 0, 0, 400, 0, 0], [0, 0, 0, 400, 0, 0], [0, 0, 0, 400, 0, 0]]
traning started for  109 epoch
epoch 109 loss: 1.79203152657
validation accuracy :  0.166666666667
validation class_total [1200.0, 1200.0, 1200.0, 1200.0, 1200.0, 1200.0]
validation class_correct [0.0, 0.0, 0.0, 1200.0, 0.0, 0.0]
validation confusion_matrix [[0, 0, 0, 1200, 0, 0], [0, 0, 0, 1200, 0, 0], [0, 0, 0, 1200, 0, 0], [0, 0, 0, 1200, 0, 0], [0, 0, 0, 1200, 0, 0], [0, 0, 0, 1200, 0, 0]]
test accuracy :  0.166666666667
class_total [400.0, 400.0, 400.0, 400.0, 400.0, 400.0]
class_correct [0.0, 0.0, 0.0, 400.0, 0.0, 0.0]
confusion_matrix [[0, 0, 0, 400, 0, 0], [0, 0, 0, 400, 0, 0], [0, 0, 0, 400, 0, 0], [0, 0, 0, 400, 0, 0], [0, 0, 0, 400, 0, 0], [0, 0, 0, 400, 0, 0]]
traning started for  110 epoch
epoch 110 loss: 1.79203152657
validation accuracy :  0.166666666667
validation class_total [1200.0, 1200.0, 1200.0, 1200.0, 1200.0, 1200.0]
validation class_correct [0.0, 0.0, 0.0, 1200.0, 0.0, 0.0]
validation confusion_matrix [[0, 0, 0, 1200, 0, 0], [0, 0, 0, 1200, 0, 0], [0, 0, 0, 1200, 0, 0], [0, 0, 0, 1200, 0, 0], [0, 0, 0, 1200, 0, 0], [0, 0, 0, 1200, 0, 0]]
test accuracy :  0.166666666667
class_total [400.0, 400.0, 400.0, 400.0, 400.0, 400.0]
class_correct [0.0, 0.0, 0.0, 400.0, 0.0, 0.0]
confusion_matrix [[0, 0, 0, 400, 0, 0], [0, 0, 0, 400, 0, 0], [0, 0, 0, 400, 0, 0], [0, 0, 0, 400, 0, 0], [0, 0, 0, 400, 0, 0], [0, 0, 0, 400, 0, 0]]
traning started for  111 epoch
epoch 111 loss: 1.79203152657
validation accuracy :  0.166666666667
validation class_total [1200.0, 1200.0, 1200.0, 1200.0, 1200.0, 1200.0]
validation class_correct [0.0, 0.0, 0.0, 1200.0, 0.0, 0.0]
validation confusion_matrix [[0, 0, 0, 1200, 0, 0], [0, 0, 0, 1200, 0, 0], [0, 0, 0, 1200, 0, 0], [0, 0, 0, 1200, 0, 0], [0, 0, 0, 1200, 0, 0], [0, 0, 0, 1200, 0, 0]]
test accuracy :  0.166666666667
class_total [400.0, 400.0, 400.0, 400.0, 400.0, 400.0]
class_correct [0.0, 0.0, 0.0, 400.0, 0.0, 0.0]
confusion_matrix [[0, 0, 0, 400, 0, 0], [0, 0, 0, 400, 0, 0], [0, 0, 0, 400, 0, 0], [0, 0, 0, 400, 0, 0], [0, 0, 0, 400, 0, 0], [0, 0, 0, 400, 0, 0]]
traning started for  112 epoch
epoch 112 loss: 1.79203152657
validation accuracy :  0.166666666667
validation class_total [1200.0, 1200.0, 1200.0, 1200.0, 1200.0, 1200.0]
validation class_correct [0.0, 0.0, 0.0, 1200.0, 0.0, 0.0]
validation confusion_matrix [[0, 0, 0, 1200, 0, 0], [0, 0, 0, 1200, 0, 0], [0, 0, 0, 1200, 0, 0], [0, 0, 0, 1200, 0, 0], [0, 0, 0, 1200, 0, 0], [0, 0, 0, 1200, 0, 0]]
test accuracy :  0.166666666667
class_total [400.0, 400.0, 400.0, 400.0, 400.0, 400.0]
class_correct [0.0, 0.0, 0.0, 400.0, 0.0, 0.0]
confusion_matrix [[0, 0, 0, 400, 0, 0], [0, 0, 0, 400, 0, 0], [0, 0, 0, 400, 0, 0], [0, 0, 0, 400, 0, 0], [0, 0, 0, 400, 0, 0], [0, 0, 0, 400, 0, 0]]
traning started for  113 epoch
epoch 113 loss: 1.79203152657
validation accuracy :  0.166666666667
validation class_total [1200.0, 1200.0, 1200.0, 1200.0, 1200.0, 1200.0]
validation class_correct [0.0, 0.0, 0.0, 1200.0, 0.0, 0.0]
validation confusion_matrix [[0, 0, 0, 1200, 0, 0], [0, 0, 0, 1200, 0, 0], [0, 0, 0, 1200, 0, 0], [0, 0, 0, 1200, 0, 0], [0, 0, 0, 1200, 0, 0], [0, 0, 0, 1200, 0, 0]]
test accuracy :  0.166666666667
class_total [400.0, 400.0, 400.0, 400.0, 400.0, 400.0]
class_correct [0.0, 0.0, 0.0, 400.0, 0.0, 0.0]
confusion_matrix [[0, 0, 0, 400, 0, 0], [0, 0, 0, 400, 0, 0], [0, 0, 0, 400, 0, 0], [0, 0, 0, 400, 0, 0], [0, 0, 0, 400, 0, 0], [0, 0, 0, 400, 0, 0]]
traning started for  114 epoch
epoch 114 loss: 1.79203152657
validation accuracy :  0.166666666667
validation class_total [1200.0, 1200.0, 1200.0, 1200.0, 1200.0, 1200.0]
validation class_correct [0.0, 0.0, 0.0, 1200.0, 0.0, 0.0]
validation confusion_matrix [[0, 0, 0, 1200, 0, 0], [0, 0, 0, 1200, 0, 0], [0, 0, 0, 1200, 0, 0], [0, 0, 0, 1200, 0, 0], [0, 0, 0, 1200, 0, 0], [0, 0, 0, 1200, 0, 0]]
test accuracy :  0.166666666667
class_total [400.0, 400.0, 400.0, 400.0, 400.0, 400.0]
class_correct [0.0, 0.0, 0.0, 400.0, 0.0, 0.0]
confusion_matrix [[0, 0, 0, 400, 0, 0], [0, 0, 0, 400, 0, 0], [0, 0, 0, 400, 0, 0], [0, 0, 0, 400, 0, 0], [0, 0, 0, 400, 0, 0], [0, 0, 0, 400, 0, 0]]
traning started for  115 epoch
epoch 115 loss: 1.79203152657
validation accuracy :  0.166666666667
validation class_total [1200.0, 1200.0, 1200.0, 1200.0, 1200.0, 1200.0]
validation class_correct [0.0, 0.0, 0.0, 1200.0, 0.0, 0.0]
validation confusion_matrix [[0, 0, 0, 1200, 0, 0], [0, 0, 0, 1200, 0, 0], [0, 0, 0, 1200, 0, 0], [0, 0, 0, 1200, 0, 0], [0, 0, 0, 1200, 0, 0], [0, 0, 0, 1200, 0, 0]]
test accuracy :  0.166666666667
class_total [400.0, 400.0, 400.0, 400.0, 400.0, 400.0]
class_correct [0.0, 0.0, 0.0, 400.0, 0.0, 0.0]
confusion_matrix [[0, 0, 0, 400, 0, 0], [0, 0, 0, 400, 0, 0], [0, 0, 0, 400, 0, 0], [0, 0, 0, 400, 0, 0], [0, 0, 0, 400, 0, 0], [0, 0, 0, 400, 0, 0]]
traning started for  116 epoch
epoch 116 loss: 1.79203152657
validation accuracy :  0.166666666667
validation class_total [1200.0, 1200.0, 1200.0, 1200.0, 1200.0, 1200.0]
validation class_correct [0.0, 0.0, 0.0, 1200.0, 0.0, 0.0]
validation confusion_matrix [[0, 0, 0, 1200, 0, 0], [0, 0, 0, 1200, 0, 0], [0, 0, 0, 1200, 0, 0], [0, 0, 0, 1200, 0, 0], [0, 0, 0, 1200, 0, 0], [0, 0, 0, 1200, 0, 0]]
test accuracy :  0.166666666667
class_total [400.0, 400.0, 400.0, 400.0, 400.0, 400.0]
class_correct [0.0, 0.0, 0.0, 400.0, 0.0, 0.0]
confusion_matrix [[0, 0, 0, 400, 0, 0], [0, 0, 0, 400, 0, 0], [0, 0, 0, 400, 0, 0], [0, 0, 0, 400, 0, 0], [0, 0, 0, 400, 0, 0], [0, 0, 0, 400, 0, 0]]
traning started for  117 epoch
epoch 117 loss: 1.79203152657
validation accuracy :  0.166666666667
validation class_total [1200.0, 1200.0, 1200.0, 1200.0, 1200.0, 1200.0]
validation class_correct [0.0, 0.0, 0.0, 1200.0, 0.0, 0.0]
validation confusion_matrix [[0, 0, 0, 1200, 0, 0], [0, 0, 0, 1200, 0, 0], [0, 0, 0, 1200, 0, 0], [0, 0, 0, 1200, 0, 0], [0, 0, 0, 1200, 0, 0], [0, 0, 0, 1200, 0, 0]]
test accuracy :  0.166666666667
class_total [400.0, 400.0, 400.0, 400.0, 400.0, 400.0]
class_correct [0.0, 0.0, 0.0, 400.0, 0.0, 0.0]
confusion_matrix [[0, 0, 0, 400, 0, 0], [0, 0, 0, 400, 0, 0], [0, 0, 0, 400, 0, 0], [0, 0, 0, 400, 0, 0], [0, 0, 0, 400, 0, 0], [0, 0, 0, 400, 0, 0]]
traning started for  118 epoch
epoch 118 loss: 1.79203152657
validation accuracy :  0.166666666667
validation class_total [1200.0, 1200.0, 1200.0, 1200.0, 1200.0, 1200.0]
validation class_correct [0.0, 0.0, 0.0, 1200.0, 0.0, 0.0]
validation confusion_matrix [[0, 0, 0, 1200, 0, 0], [0, 0, 0, 1200, 0, 0], [0, 0, 0, 1200, 0, 0], [0, 0, 0, 1200, 0, 0], [0, 0, 0, 1200, 0, 0], [0, 0, 0, 1200, 0, 0]]
test accuracy :  0.166666666667
class_total [400.0, 400.0, 400.0, 400.0, 400.0, 400.0]
class_correct [0.0, 0.0, 0.0, 400.0, 0.0, 0.0]
confusion_matrix [[0, 0, 0, 400, 0, 0], [0, 0, 0, 400, 0, 0], [0, 0, 0, 400, 0, 0], [0, 0, 0, 400, 0, 0], [0, 0, 0, 400, 0, 0], [0, 0, 0, 400, 0, 0]]
traning started for  119 epoch
epoch 119 loss: 1.79203152657
validation accuracy :  0.166666666667
validation class_total [1200.0, 1200.0, 1200.0, 1200.0, 1200.0, 1200.0]
validation class_correct [0.0, 0.0, 0.0, 1200.0, 0.0, 0.0]
validation confusion_matrix [[0, 0, 0, 1200, 0, 0], [0, 0, 0, 1200, 0, 0], [0, 0, 0, 1200, 0, 0], [0, 0, 0, 1200, 0, 0], [0, 0, 0, 1200, 0, 0], [0, 0, 0, 1200, 0, 0]]
test accuracy :  0.166666666667
class_total [400.0, 400.0, 400.0, 400.0, 400.0, 400.0]
class_correct [0.0, 0.0, 0.0, 400.0, 0.0, 0.0]
confusion_matrix [[0, 0, 0, 400, 0, 0], [0, 0, 0, 400, 0, 0], [0, 0, 0, 400, 0, 0], [0, 0, 0, 400, 0, 0], [0, 0, 0, 400, 0, 0], [0, 0, 0, 400, 0, 0]]
traning started for  120 epoch
epoch 120 loss: 1.79203152657
validation accuracy :  0.166666666667
validation class_total [1200.0, 1200.0, 1200.0, 1200.0, 1200.0, 1200.0]
validation class_correct [0.0, 0.0, 0.0, 1200.0, 0.0, 0.0]
validation confusion_matrix [[0, 0, 0, 1200, 0, 0], [0, 0, 0, 1200, 0, 0], [0, 0, 0, 1200, 0, 0], [0, 0, 0, 1200, 0, 0], [0, 0, 0, 1200, 0, 0], [0, 0, 0, 1200, 0, 0]]
test accuracy :  0.166666666667
class_total [400.0, 400.0, 400.0, 400.0, 400.0, 400.0]
class_correct [0.0, 0.0, 0.0, 400.0, 0.0, 0.0]
confusion_matrix [[0, 0, 0, 400, 0, 0], [0, 0, 0, 400, 0, 0], [0, 0, 0, 400, 0, 0], [0, 0, 0, 400, 0, 0], [0, 0, 0, 400, 0, 0], [0, 0, 0, 400, 0, 0]]
traning started for  121 epoch
epoch 121 loss: 1.79203152657
validation accuracy :  0.166666666667
validation class_total [1200.0, 1200.0, 1200.0, 1200.0, 1200.0, 1200.0]
validation class_correct [0.0, 0.0, 0.0, 1200.0, 0.0, 0.0]
validation confusion_matrix [[0, 0, 0, 1200, 0, 0], [0, 0, 0, 1200, 0, 0], [0, 0, 0, 1200, 0, 0], [0, 0, 0, 1200, 0, 0], [0, 0, 0, 1200, 0, 0], [0, 0, 0, 1200, 0, 0]]
test accuracy :  0.166666666667
class_total [400.0, 400.0, 400.0, 400.0, 400.0, 400.0]
class_correct [0.0, 0.0, 0.0, 400.0, 0.0, 0.0]
confusion_matrix [[0, 0, 0, 400, 0, 0], [0, 0, 0, 400, 0, 0], [0, 0, 0, 400, 0, 0], [0, 0, 0, 400, 0, 0], [0, 0, 0, 400, 0, 0], [0, 0, 0, 400, 0, 0]]
traning started for  122 epoch
epoch 122 loss: 1.79203152657
validation accuracy :  0.166666666667
validation class_total [1200.0, 1200.0, 1200.0, 1200.0, 1200.0, 1200.0]
validation class_correct [0.0, 0.0, 0.0, 1200.0, 0.0, 0.0]
validation confusion_matrix [[0, 0, 0, 1200, 0, 0], [0, 0, 0, 1200, 0, 0], [0, 0, 0, 1200, 0, 0], [0, 0, 0, 1200, 0, 0], [0, 0, 0, 1200, 0, 0], [0, 0, 0, 1200, 0, 0]]
test accuracy :  0.166666666667
class_total [400.0, 400.0, 400.0, 400.0, 400.0, 400.0]
class_correct [0.0, 0.0, 0.0, 400.0, 0.0, 0.0]
confusion_matrix [[0, 0, 0, 400, 0, 0], [0, 0, 0, 400, 0, 0], [0, 0, 0, 400, 0, 0], [0, 0, 0, 400, 0, 0], [0, 0, 0, 400, 0, 0], [0, 0, 0, 400, 0, 0]]
traning started for  123 epoch
epoch 123 loss: 1.79203152657
validation accuracy :  0.166666666667
validation class_total [1200.0, 1200.0, 1200.0, 1200.0, 1200.0, 1200.0]
validation class_correct [0.0, 0.0, 0.0, 1200.0, 0.0, 0.0]
validation confusion_matrix [[0, 0, 0, 1200, 0, 0], [0, 0, 0, 1200, 0, 0], [0, 0, 0, 1200, 0, 0], [0, 0, 0, 1200, 0, 0], [0, 0, 0, 1200, 0, 0], [0, 0, 0, 1200, 0, 0]]
test accuracy :  0.166666666667
class_total [400.0, 400.0, 400.0, 400.0, 400.0, 400.0]
class_correct [0.0, 0.0, 0.0, 400.0, 0.0, 0.0]
confusion_matrix [[0, 0, 0, 400, 0, 0], [0, 0, 0, 400, 0, 0], [0, 0, 0, 400, 0, 0], [0, 0, 0, 400, 0, 0], [0, 0, 0, 400, 0, 0], [0, 0, 0, 400, 0, 0]]
traning started for  124 epoch
epoch 124 loss: 1.79203152657
validation accuracy :  0.166666666667
validation class_total [1200.0, 1200.0, 1200.0, 1200.0, 1200.0, 1200.0]
validation class_correct [0.0, 0.0, 0.0, 1200.0, 0.0, 0.0]
validation confusion_matrix [[0, 0, 0, 1200, 0, 0], [0, 0, 0, 1200, 0, 0], [0, 0, 0, 1200, 0, 0], [0, 0, 0, 1200, 0, 0], [0, 0, 0, 1200, 0, 0], [0, 0, 0, 1200, 0, 0]]
test accuracy :  0.166666666667
class_total [400.0, 400.0, 400.0, 400.0, 400.0, 400.0]
class_correct [0.0, 0.0, 0.0, 400.0, 0.0, 0.0]
confusion_matrix [[0, 0, 0, 400, 0, 0], [0, 0, 0, 400, 0, 0], [0, 0, 0, 400, 0, 0], [0, 0, 0, 400, 0, 0], [0, 0, 0, 400, 0, 0], [0, 0, 0, 400, 0, 0]]
traning started for  125 epoch
