cuda
Training started
traning started for  1 epoch
epoch 1 loss: 0.499142408371
validation accuracy :  0.732638888889
validation class_total [1200.0, 1200.0, 1200.0, 1200.0, 1200.0, 1200.0]
validation class_correct [514.0, 1079.0, 1092.0, 569.0, 1088.0, 933.0]
validation confusion_matrix [[514, 0, 0, 305, 283, 98], [0, 1079, 11, 0, 3, 107], [0, 24, 1092, 0, 55, 29], [504, 0, 0, 569, 94, 33], [11, 0, 43, 2, 1088, 56], [23, 44, 4, 19, 177, 933]]
test accuracy :  0.215416666667
class_total [400.0, 400.0, 400.0, 400.0, 400.0, 400.0]
class_correct [3.0, 0.0, 196.0, 17.0, 283.0, 18.0]
confusion_matrix [[3, 66, 35, 2, 57, 237], [46, 0, 0, 11, 306, 37], [0, 80, 196, 0, 28, 96], [37, 0, 6, 17, 280, 60], [1, 0, 92, 1, 283, 23], [8, 0, 15, 5, 354, 18]]
traning started for  2 epoch
epoch 2 loss: 0.0050253868103
validation accuracy :  0.934305555556
validation class_total [1200.0, 1200.0, 1200.0, 1200.0, 1200.0, 1200.0]
validation class_correct [989.0, 1189.0, 1183.0, 1103.0, 1107.0, 1156.0]
validation confusion_matrix [[989, 3, 1, 19, 187, 1], [0, 1189, 5, 1, 2, 3], [0, 16, 1183, 0, 1, 0], [32, 2, 0, 1103, 1, 62], [15, 0, 65, 0, 1107, 13], [0, 26, 13, 2, 3, 1156]]
test accuracy :  0.16625
class_total [400.0, 400.0, 400.0, 400.0, 400.0, 400.0]
class_correct [0.0, 0.0, 213.0, 15.0, 96.0, 75.0]
confusion_matrix [[0, 142, 71, 4, 17, 166], [65, 0, 0, 18, 55, 262], [0, 148, 213, 0, 0, 39], [73, 0, 11, 15, 130, 171], [7, 1, 106, 2, 96, 188], [26, 2, 46, 2, 249, 75]]
traning started for  3 epoch
epoch 3 loss: 0.033486366272
validation accuracy :  0.927638888889
validation class_total [1200.0, 1200.0, 1200.0, 1200.0, 1200.0, 1200.0]
validation class_correct [1022.0, 1198.0, 1191.0, 1068.0, 1079.0, 1121.0]
validation confusion_matrix [[1022, 4, 1, 14, 154, 5], [0, 1198, 2, 0, 0, 0], [0, 7, 1191, 0, 0, 2], [3, 21, 0, 1068, 0, 108], [1, 0, 102, 0, 1079, 18], [0, 35, 44, 0, 0, 1121]]
test accuracy :  0.138333333333
class_total [400.0, 400.0, 400.0, 400.0, 400.0, 400.0]
class_correct [0.0, 0.0, 265.0, 7.0, 2.0, 58.0]
confusion_matrix [[0, 255, 23, 7, 11, 104], [6, 0, 27, 1, 73, 293], [0, 108, 265, 0, 0, 27], [13, 1, 26, 7, 54, 299], [0, 1, 303, 0, 2, 94], [2, 6, 131, 2, 201, 58]]
traning started for  4 epoch
epoch 4 loss: 0.000537872314453
validation accuracy :  0.987916666667
validation class_total [1200.0, 1200.0, 1200.0, 1200.0, 1200.0, 1200.0]
validation class_correct [1173.0, 1196.0, 1195.0, 1179.0, 1187.0, 1183.0]
validation confusion_matrix [[1173, 0, 0, 2, 25, 0], [0, 1196, 4, 0, 0, 0], [0, 2, 1195, 0, 1, 2], [10, 4, 0, 1179, 1, 6], [4, 0, 8, 0, 1187, 1], [0, 10, 1, 2, 4, 1183]]
test accuracy :  0.151666666667
class_total [400.0, 400.0, 400.0, 400.0, 400.0, 400.0]
class_correct [15.0, 0.0, 266.0, 11.0, 15.0, 57.0]
confusion_matrix [[15, 178, 16, 55, 50, 86], [5, 0, 0, 4, 128, 263], [0, 54, 266, 0, 1, 79], [19, 1, 5, 11, 196, 168], [0, 0, 209, 0, 15, 176], [48, 1, 18, 12, 264, 57]]
traning started for  5 epoch
epoch 5 loss: 0.251946926117
validation accuracy :  0.985138888889
validation class_total [1200.0, 1200.0, 1200.0, 1200.0, 1200.0, 1200.0]
validation class_correct [1185.0, 1194.0, 1197.0, 1181.0, 1178.0, 1158.0]
validation confusion_matrix [[1185, 0, 0, 1, 14, 0], [0, 1194, 5, 0, 1, 0], [0, 0, 1197, 0, 1, 2], [17, 1, 0, 1181, 0, 1], [13, 0, 9, 0, 1178, 0], [5, 2, 24, 6, 5, 1158]]
test accuracy :  0.163333333333
class_total [400.0, 400.0, 400.0, 400.0, 400.0, 400.0]
class_correct [18.0, 0.0, 325.0, 6.0, 18.0, 25.0]
confusion_matrix [[18, 154, 55, 67, 21, 85], [38, 0, 3, 5, 168, 186], [0, 32, 325, 0, 1, 42], [30, 0, 10, 6, 232, 122], [0, 0, 204, 3, 18, 175], [159, 7, 17, 41, 151, 25]]
traning started for  6 epoch
epoch 6 loss: 0.00360679626465
validation accuracy :  0.991944444444
validation class_total [1200.0, 1200.0, 1200.0, 1200.0, 1200.0, 1200.0]
validation class_correct [1182.0, 1199.0, 1195.0, 1183.0, 1196.0, 1187.0]
validation confusion_matrix [[1182, 0, 0, 3, 14, 1], [0, 1199, 0, 1, 0, 0], [0, 0, 1195, 0, 2, 3], [7, 2, 0, 1183, 0, 8], [1, 0, 2, 0, 1196, 1], [1, 0, 0, 0, 12, 1187]]
test accuracy :  0.138333333333
class_total [400.0, 400.0, 400.0, 400.0, 400.0, 400.0]
class_correct [9.0, 0.0, 281.0, 9.0, 15.0, 18.0]
confusion_matrix [[9, 163, 10, 34, 22, 162], [6, 0, 1, 5, 106, 282], [0, 40, 281, 0, 3, 76], [18, 1, 2, 9, 135, 235], [0, 0, 128, 0, 15, 257], [87, 2, 8, 8, 277, 18]]
traning started for  7 epoch
epoch 7 loss: 0.000247955322266
validation accuracy :  0.982083333333
validation class_total [1200.0, 1200.0, 1200.0, 1200.0, 1200.0, 1200.0]
validation class_correct [1182.0, 1181.0, 1197.0, 1154.0, 1189.0, 1168.0]
validation confusion_matrix [[1182, 0, 0, 0, 17, 1], [4, 1181, 4, 1, 7, 3], [0, 0, 1197, 0, 0, 3], [17, 0, 0, 1154, 0, 29], [2, 0, 5, 0, 1189, 4], [4, 6, 0, 2, 20, 1168]]
test accuracy :  0.174166666667
class_total [400.0, 400.0, 400.0, 400.0, 400.0, 400.0]
class_correct [7.0, 0.0, 301.0, 7.0, 1.0, 102.0]
confusion_matrix [[7, 94, 44, 15, 47, 193], [1, 0, 1, 2, 41, 355], [0, 32, 301, 0, 2, 65], [1, 1, 5, 7, 69, 317], [0, 0, 67, 0, 1, 332], [73, 0, 21, 29, 175, 102]]
traning started for  8 epoch
epoch 8 loss: 0.019082069397
validation accuracy :  0.997916666667
validation class_total [1200.0, 1200.0, 1200.0, 1200.0, 1200.0, 1200.0]
validation class_correct [1199.0, 1200.0, 1196.0, 1197.0, 1197.0, 1196.0]
validation confusion_matrix [[1199, 0, 0, 1, 0, 0], [0, 1200, 0, 0, 0, 0], [0, 2, 1196, 0, 1, 1], [2, 0, 0, 1197, 0, 1], [3, 0, 0, 0, 1197, 0], [2, 0, 0, 2, 0, 1196]]
test accuracy :  0.145416666667
class_total [400.0, 400.0, 400.0, 400.0, 400.0, 400.0]
class_correct [45.0, 0.0, 204.0, 32.0, 10.0, 58.0]
confusion_matrix [[45, 120, 6, 186, 13, 30], [44, 0, 0, 29, 78, 249], [0, 71, 204, 1, 4, 120], [51, 0, 0, 32, 122, 195], [1, 1, 100, 21, 10, 267], [82, 1, 19, 29, 211, 58]]
traning started for  9 epoch
epoch 9 loss: 0.000638961791992
validation accuracy :  0.998472222222
validation class_total [1200.0, 1200.0, 1200.0, 1200.0, 1200.0, 1200.0]
validation class_correct [1199.0, 1200.0, 1198.0, 1196.0, 1198.0, 1198.0]
validation confusion_matrix [[1199, 0, 0, 1, 0, 0], [0, 1200, 0, 0, 0, 0], [0, 0, 1198, 0, 1, 1], [1, 2, 0, 1196, 0, 1], [2, 0, 0, 0, 1198, 0], [1, 0, 0, 0, 1, 1198]]
test accuracy :  0.109583333333
class_total [400.0, 400.0, 400.0, 400.0, 400.0, 400.0]
class_correct [21.0, 0.0, 163.0, 15.0, 16.0, 48.0]
confusion_matrix [[21, 106, 10, 63, 38, 162], [18, 0, 0, 14, 74, 294], [0, 90, 163, 0, 3, 144], [34, 1, 4, 15, 132, 214], [0, 0, 60, 3, 16, 321], [33, 1, 19, 5, 294, 48]]
traning started for  10 epoch
epoch 10 loss: 0.000801086425781
validation accuracy :  0.996944444444
validation class_total [1200.0, 1200.0, 1200.0, 1200.0, 1200.0, 1200.0]
validation class_correct [1200.0, 1196.0, 1197.0, 1193.0, 1195.0, 1197.0]
validation confusion_matrix [[1200, 0, 0, 0, 0, 0], [0, 1196, 1, 0, 1, 2], [0, 0, 1197, 0, 3, 0], [7, 0, 0, 1193, 0, 0], [5, 0, 0, 0, 1195, 0], [0, 0, 0, 0, 3, 1197]]
test accuracy :  0.16
class_total [400.0, 400.0, 400.0, 400.0, 400.0, 400.0]
class_correct [50.0, 0.0, 166.0, 13.0, 94.0, 61.0]
confusion_matrix [[50, 86, 4, 180, 25, 55], [47, 0, 0, 10, 192, 151], [0, 82, 166, 1, 32, 119], [62, 0, 0, 13, 189, 136], [4, 0, 120, 5, 94, 177], [64, 0, 13, 19, 243, 61]]
traning started for  11 epoch
epoch 11 loss: 4.76837158203e-06
validation accuracy :  0.998055555556
validation class_total [1200.0, 1200.0, 1200.0, 1200.0, 1200.0, 1200.0]
validation class_correct [1199.0, 1199.0, 1197.0, 1200.0, 1197.0, 1194.0]
validation confusion_matrix [[1199, 0, 0, 1, 0, 0], [0, 1199, 0, 0, 0, 1], [0, 0, 1197, 0, 3, 0], [0, 0, 0, 1200, 0, 0], [3, 0, 0, 0, 1197, 0], [0, 0, 0, 3, 3, 1194]]
test accuracy :  0.144583333333
class_total [400.0, 400.0, 400.0, 400.0, 400.0, 400.0]
class_correct [21.0, 0.0, 186.0, 32.0, 50.0, 58.0]
confusion_matrix [[21, 98, 6, 232, 17, 26], [56, 0, 0, 21, 164, 159], [0, 118, 186, 3, 14, 79], [67, 0, 0, 32, 178, 123], [4, 1, 90, 46, 50, 209], [78, 2, 14, 43, 205, 58]]
traning started for  12 epoch
epoch 12 loss: 0.00469970703125
validation accuracy :  0.980972222222
validation class_total [1200.0, 1200.0, 1200.0, 1200.0, 1200.0, 1200.0]
validation class_correct [1199.0, 1194.0, 1153.0, 1196.0, 1159.0, 1162.0]
validation confusion_matrix [[1199, 0, 0, 1, 0, 0], [1, 1194, 0, 5, 0, 0], [0, 16, 1153, 0, 27, 4], [4, 0, 0, 1196, 0, 0], [34, 0, 4, 1, 1159, 2], [6, 0, 0, 31, 1, 1162]]
test accuracy :  0.0866666666667
class_total [400.0, 400.0, 400.0, 400.0, 400.0, 400.0]
class_correct [15.0, 0.0, 76.0, 97.0, 7.0, 13.0]
confusion_matrix [[15, 80, 2, 292, 3, 8], [91, 0, 1, 51, 54, 203], [0, 141, 76, 7, 5, 171], [91, 0, 0, 97, 62, 150], [1, 0, 28, 27, 7, 337], [226, 1, 2, 18, 140, 13]]
traning started for  13 epoch
epoch 13 loss: 0.000333786010742
validation accuracy :  0.999722222222
validation class_total [1200.0, 1200.0, 1200.0, 1200.0, 1200.0, 1200.0]
validation class_correct [1199.0, 1200.0, 1200.0, 1200.0, 1199.0, 1200.0]
validation confusion_matrix [[1199, 0, 0, 0, 1, 0], [0, 1200, 0, 0, 0, 0], [0, 0, 1200, 0, 0, 0], [0, 0, 0, 1200, 0, 0], [1, 0, 0, 0, 1199, 0], [0, 0, 0, 0, 0, 1200]]
test accuracy :  0.119583333333
class_total [400.0, 400.0, 400.0, 400.0, 400.0, 400.0]
class_correct [10.0, 0.0, 153.0, 24.0, 41.0, 59.0]
confusion_matrix [[10, 191, 8, 71, 24, 96], [12, 0, 1, 11, 113, 263], [0, 144, 153, 1, 22, 80], [33, 1, 0, 24, 135, 207], [0, 2, 60, 15, 41, 282], [27, 0, 21, 19, 274, 59]]
traning started for  14 epoch
epoch 14 loss: 0.00105285644531
validation accuracy :  0.999722222222
validation class_total [1200.0, 1200.0, 1200.0, 1200.0, 1200.0, 1200.0]
validation class_correct [1200.0, 1200.0, 1198.0, 1200.0, 1200.0, 1200.0]
validation confusion_matrix [[1200, 0, 0, 0, 0, 0], [0, 1200, 0, 0, 0, 0], [0, 2, 1198, 0, 0, 0], [0, 0, 0, 1200, 0, 0], [0, 0, 0, 0, 1200, 0], [0, 0, 0, 0, 0, 1200]]
test accuracy :  0.128333333333
class_total [400.0, 400.0, 400.0, 400.0, 400.0, 400.0]
class_correct [5.0, 0.0, 160.0, 17.0, 58.0, 68.0]
confusion_matrix [[5, 255, 6, 61, 2, 71], [7, 0, 0, 8, 113, 272], [0, 187, 160, 1, 11, 41], [28, 0, 1, 17, 150, 204], [1, 3, 154, 4, 58, 180], [16, 2, 33, 25, 256, 68]]
traning started for  15 epoch
epoch 15 loss: 0.000469207763672
validation accuracy :  0.999861111111
validation class_total [1200.0, 1200.0, 1200.0, 1200.0, 1200.0, 1200.0]
validation class_correct [1200.0, 1200.0, 1200.0, 1199.0, 1200.0, 1200.0]
validation confusion_matrix [[1200, 0, 0, 0, 0, 0], [0, 1200, 0, 0, 0, 0], [0, 0, 1200, 0, 0, 0], [0, 1, 0, 1199, 0, 0], [0, 0, 0, 0, 1200, 0], [0, 0, 0, 0, 0, 1200]]
test accuracy :  0.149166666667
class_total [400.0, 400.0, 400.0, 400.0, 400.0, 400.0]
class_correct [11.0, 0.0, 236.0, 5.0, 55.0, 51.0]
confusion_matrix [[11, 162, 14, 170, 16, 27], [20, 0, 1, 22, 178, 179], [0, 119, 236, 1, 12, 32], [9, 0, 1, 5, 212, 173], [1, 0, 161, 19, 55, 164], [28, 2, 35, 50, 234, 51]]
traning started for  16 epoch
epoch 16 loss: 0.00037670135498
validation accuracy :  0.99625
validation class_total [1200.0, 1200.0, 1200.0, 1200.0, 1200.0, 1200.0]
validation class_correct [1191.0, 1200.0, 1191.0, 1195.0, 1198.0, 1198.0]
validation confusion_matrix [[1191, 0, 0, 0, 9, 0], [0, 1200, 0, 0, 0, 0], [0, 7, 1191, 0, 1, 1], [5, 0, 0, 1195, 0, 0], [1, 0, 0, 0, 1198, 1], [0, 0, 0, 0, 2, 1198]]
test accuracy :  0.1125
class_total [400.0, 400.0, 400.0, 400.0, 400.0, 400.0]
class_correct [2.0, 0.0, 166.0, 7.0, 16.0, 79.0]
confusion_matrix [[2, 153, 4, 139, 4, 98], [10, 0, 1, 8, 109, 272], [0, 86, 166, 2, 4, 142], [10, 1, 1, 7, 189, 192], [0, 2, 186, 2, 16, 194], [69, 3, 12, 48, 189, 79]]
traning started for  17 epoch
epoch 17 loss: 0.0182409286499
validation accuracy :  0.997777777778
validation class_total [1200.0, 1200.0, 1200.0, 1200.0, 1200.0, 1200.0]
validation class_correct [1200.0, 1200.0, 1199.0, 1199.0, 1190.0, 1196.0]
validation confusion_matrix [[1200, 0, 0, 0, 0, 0], [0, 1200, 0, 0, 0, 0], [0, 0, 1199, 0, 1, 0], [0, 0, 0, 1199, 0, 1], [8, 0, 2, 0, 1190, 0], [0, 2, 0, 2, 0, 1196]]
test accuracy :  0.126666666667
class_total [400.0, 400.0, 400.0, 400.0, 400.0, 400.0]
class_correct [11.0, 0.0, 211.0, 6.0, 14.0, 62.0]
confusion_matrix [[11, 199, 7, 121, 2, 60], [14, 0, 2, 2, 108, 274], [0, 89, 211, 0, 0, 100], [30, 1, 2, 6, 143, 218], [0, 0, 154, 1, 14, 231], [124, 0, 9, 65, 140, 62]]
traning started for  18 epoch
epoch 18 loss: 0.00330448150635
validation accuracy :  0.999583333333
validation class_total [1200.0, 1200.0, 1200.0, 1200.0, 1200.0, 1200.0]
validation class_correct [1199.0, 1200.0, 1200.0, 1198.0, 1200.0, 1200.0]
validation confusion_matrix [[1199, 0, 0, 0, 1, 0], [0, 1200, 0, 0, 0, 0], [0, 0, 1200, 0, 0, 0], [2, 0, 0, 1198, 0, 0], [0, 0, 0, 0, 1200, 0], [0, 0, 0, 0, 0, 1200]]
test accuracy :  0.1425
class_total [400.0, 400.0, 400.0, 400.0, 400.0, 400.0]
class_correct [23.0, 0.0, 238.0, 9.0, 12.0, 60.0]
confusion_matrix [[23, 200, 11, 93, 32, 41], [20, 0, 0, 11, 133, 236], [0, 69, 238, 0, 5, 88], [17, 0, 1, 9, 172, 201], [0, 1, 151, 2, 12, 234], [59, 1, 16, 82, 182, 60]]
traning started for  19 epoch
epoch 19 loss: 2.67028808594e-05
validation accuracy :  0.998333333333
validation class_total [1200.0, 1200.0, 1200.0, 1200.0, 1200.0, 1200.0]
validation class_correct [1190.0, 1200.0, 1199.0, 1200.0, 1199.0, 1200.0]
validation confusion_matrix [[1190, 0, 0, 10, 0, 0], [0, 1200, 0, 0, 0, 0], [0, 0, 1199, 0, 1, 0], [0, 0, 0, 1200, 0, 0], [1, 0, 0, 0, 1199, 0], [0, 0, 0, 0, 0, 1200]]
test accuracy :  0.118333333333
class_total [400.0, 400.0, 400.0, 400.0, 400.0, 400.0]
class_correct [20.0, 0.0, 173.0, 14.0, 13.0, 64.0]
confusion_matrix [[20, 178, 9, 115, 18, 60], [24, 0, 0, 20, 102, 254], [0, 89, 173, 0, 3, 135], [23, 0, 0, 14, 138, 225], [0, 1, 90, 6, 13, 290], [63, 0, 11, 52, 210, 64]]
traning started for  20 epoch
epoch 20 loss: 0.00177764892578
validation accuracy :  0.994861111111
validation class_total [1200.0, 1200.0, 1200.0, 1200.0, 1200.0, 1200.0]
validation class_correct [1200.0, 1200.0, 1164.0, 1200.0, 1199.0, 1200.0]
validation confusion_matrix [[1200, 0, 0, 0, 0, 0], [0, 1200, 0, 0, 0, 0], [0, 35, 1164, 0, 0, 1], [0, 0, 0, 1200, 0, 0], [1, 0, 0, 0, 1199, 0], [0, 0, 0, 0, 0, 1200]]
test accuracy :  0.0766666666667
class_total [400.0, 400.0, 400.0, 400.0, 400.0, 400.0]
class_correct [19.0, 1.0, 38.0, 24.0, 6.0, 96.0]
confusion_matrix [[19, 194, 0, 170, 8, 9], [44, 1, 1, 38, 68, 248], [0, 246, 38, 1, 7, 108], [54, 0, 0, 24, 118, 204], [1, 11, 51, 35, 6, 296], [42, 8, 13, 86, 155, 96]]
traning started for  21 epoch
epoch 21 loss: 0.000125885009766
validation accuracy :  0.999861111111
validation class_total [1200.0, 1200.0, 1200.0, 1200.0, 1200.0, 1200.0]
validation class_correct [1200.0, 1200.0, 1200.0, 1199.0, 1200.0, 1200.0]
validation confusion_matrix [[1200, 0, 0, 0, 0, 0], [0, 1200, 0, 0, 0, 0], [0, 0, 1200, 0, 0, 0], [1, 0, 0, 1199, 0, 0], [0, 0, 0, 0, 1200, 0], [0, 0, 0, 0, 0, 1200]]
test accuracy :  0.140833333333
class_total [400.0, 400.0, 400.0, 400.0, 400.0, 400.0]
class_correct [6.0, 0.0, 265.0, 4.0, 7.0, 56.0]
confusion_matrix [[6, 195, 8, 176, 4, 11], [18, 0, 4, 5, 137, 236], [0, 113, 265, 0, 1, 21], [17, 0, 2, 4, 213, 164], [1, 2, 188, 11, 7, 191], [13, 0, 53, 13, 265, 56]]
traning started for  22 epoch
epoch 22 loss: 5.43594360352e-05
validation accuracy :  0.999861111111
validation class_total [1200.0, 1200.0, 1200.0, 1200.0, 1200.0, 1200.0]
validation class_correct [1200.0, 1200.0, 1200.0, 1200.0, 1199.0, 1200.0]
validation confusion_matrix [[1200, 0, 0, 0, 0, 0], [0, 1200, 0, 0, 0, 0], [0, 0, 1200, 0, 0, 0], [0, 0, 0, 1200, 0, 0], [0, 0, 1, 0, 1199, 0], [0, 0, 0, 0, 0, 1200]]
test accuracy :  0.136666666667
class_total [400.0, 400.0, 400.0, 400.0, 400.0, 400.0]
class_correct [8.0, 0.0, 224.0, 4.0, 8.0, 84.0]
confusion_matrix [[8, 168, 3, 185, 4, 32], [17, 0, 1, 7, 110, 265], [0, 112, 224, 0, 2, 62], [14, 0, 1, 4, 188, 193], [0, 2, 153, 8, 8, 229], [21, 0, 42, 20, 233, 84]]
traning started for  23 epoch
epoch 23 loss: 7.15255737305e-05
validation accuracy :  0.999722222222
validation class_total [1200.0, 1200.0, 1200.0, 1200.0, 1200.0, 1200.0]
validation class_correct [1200.0, 1200.0, 1200.0, 1200.0, 1198.0, 1200.0]
validation confusion_matrix [[1200, 0, 0, 0, 0, 0], [0, 1200, 0, 0, 0, 0], [0, 0, 1200, 0, 0, 0], [0, 0, 0, 1200, 0, 0], [0, 0, 2, 0, 1198, 0], [0, 0, 0, 0, 0, 1200]]
test accuracy :  0.130416666667
class_total [400.0, 400.0, 400.0, 400.0, 400.0, 400.0]
class_correct [6.0, 1.0, 197.0, 2.0, 3.0, 104.0]
confusion_matrix [[6, 212, 3, 132, 0, 47], [4, 1, 2, 1, 56, 336], [0, 121, 197, 0, 0, 82], [4, 0, 1, 2, 117, 276], [0, 1, 147, 1, 3, 248], [11, 0, 64, 9, 212, 104]]
traning started for  24 epoch
epoch 24 loss: 0.000181198120117
validation accuracy :  1.0
validation class_total [1200.0, 1200.0, 1200.0, 1200.0, 1200.0, 1200.0]
validation class_correct [1200.0, 1200.0, 1200.0, 1200.0, 1200.0, 1200.0]
validation confusion_matrix [[1200, 0, 0, 0, 0, 0], [0, 1200, 0, 0, 0, 0], [0, 0, 1200, 0, 0, 0], [0, 0, 0, 1200, 0, 0], [0, 0, 0, 0, 1200, 0], [0, 0, 0, 0, 0, 1200]]
test accuracy :  0.152916666667
class_total [400.0, 400.0, 400.0, 400.0, 400.0, 400.0]
class_correct [5.0, 0.0, 205.0, 3.0, 32.0, 122.0]
confusion_matrix [[5, 153, 2, 201, 3, 36], [18, 0, 1, 2, 137, 242], [0, 79, 205, 1, 6, 109], [18, 0, 0, 3, 193, 186], [0, 0, 122, 3, 32, 243], [15, 0, 18, 18, 227, 122]]
traning started for  25 epoch
epoch 25 loss: 0.00037670135498
validation accuracy :  1.0
validation class_total [1200.0, 1200.0, 1200.0, 1200.0, 1200.0, 1200.0]
validation class_correct [1200.0, 1200.0, 1200.0, 1200.0, 1200.0, 1200.0]
validation confusion_matrix [[1200, 0, 0, 0, 0, 0], [0, 1200, 0, 0, 0, 0], [0, 0, 1200, 0, 0, 0], [0, 0, 0, 1200, 0, 0], [0, 0, 0, 0, 1200, 0], [0, 0, 0, 0, 0, 1200]]
test accuracy :  0.152083333333
class_total [400.0, 400.0, 400.0, 400.0, 400.0, 400.0]
class_correct [2.0, 0.0, 237.0, 2.0, 32.0, 92.0]
confusion_matrix [[2, 148, 3, 199, 3, 45], [9, 0, 1, 3, 123, 264], [0, 64, 237, 0, 4, 95], [14, 0, 1, 2, 182, 201], [0, 0, 154, 3, 32, 211], [18, 2, 29, 24, 235, 92]]
traning started for  26 epoch
epoch 26 loss: 0.000398635864258
validation accuracy :  1.0
validation class_total [1200.0, 1200.0, 1200.0, 1200.0, 1200.0, 1200.0]
validation class_correct [1200.0, 1200.0, 1200.0, 1200.0, 1200.0, 1200.0]
validation confusion_matrix [[1200, 0, 0, 0, 0, 0], [0, 1200, 0, 0, 0, 0], [0, 0, 1200, 0, 0, 0], [0, 0, 0, 1200, 0, 0], [0, 0, 0, 0, 1200, 0], [0, 0, 0, 0, 0, 1200]]
test accuracy :  0.16125
class_total [400.0, 400.0, 400.0, 400.0, 400.0, 400.0]
class_correct [7.0, 0.0, 264.0, 3.0, 25.0, 88.0]
confusion_matrix [[7, 136, 3, 212, 4, 38], [11, 0, 1, 4, 144, 240], [0, 72, 264, 1, 3, 60], [13, 0, 3, 3, 211, 170], [0, 1, 160, 4, 25, 210], [41, 0, 19, 41, 211, 88]]
traning started for  27 epoch
epoch 27 loss: 0.0
validation accuracy :  1.0
validation class_total [1200.0, 1200.0, 1200.0, 1200.0, 1200.0, 1200.0]
validation class_correct [1200.0, 1200.0, 1200.0, 1200.0, 1200.0, 1200.0]
validation confusion_matrix [[1200, 0, 0, 0, 0, 0], [0, 1200, 0, 0, 0, 0], [0, 0, 1200, 0, 0, 0], [0, 0, 0, 1200, 0, 0], [0, 0, 0, 0, 1200, 0], [0, 0, 0, 0, 0, 1200]]
test accuracy :  0.162916666667
class_total [400.0, 400.0, 400.0, 400.0, 400.0, 400.0]
class_correct [1.0, 0.0, 276.0, 2.0, 20.0, 92.0]
confusion_matrix [[1, 154, 5, 183, 1, 56], [5, 0, 1, 4, 81, 309], [0, 56, 276, 0, 3, 65], [11, 0, 1, 2, 195, 191], [0, 0, 139, 5, 20, 236], [40, 0, 20, 36, 212, 92]]
traning started for  28 epoch
epoch 28 loss: 0.0
validation accuracy :  1.0
validation class_total [1200.0, 1200.0, 1200.0, 1200.0, 1200.0, 1200.0]
validation class_correct [1200.0, 1200.0, 1200.0, 1200.0, 1200.0, 1200.0]
validation confusion_matrix [[1200, 0, 0, 0, 0, 0], [0, 1200, 0, 0, 0, 0], [0, 0, 1200, 0, 0, 0], [0, 0, 0, 1200, 0, 0], [0, 0, 0, 0, 1200, 0], [0, 0, 0, 0, 0, 1200]]
test accuracy :  0.153333333333
class_total [400.0, 400.0, 400.0, 400.0, 400.0, 400.0]
class_correct [1.0, 0.0, 254.0, 4.0, 19.0, 90.0]
confusion_matrix [[1, 154, 5, 203, 0, 37], [6, 0, 0, 7, 76, 311], [0, 73, 254, 1, 3, 69], [10, 0, 1, 4, 180, 205], [0, 1, 123, 12, 19, 245], [33, 1, 25, 40, 211, 90]]
traning started for  29 epoch
epoch 29 loss: 0.00010871887207
validation accuracy :  1.0
validation class_total [1200.0, 1200.0, 1200.0, 1200.0, 1200.0, 1200.0]
validation class_correct [1200.0, 1200.0, 1200.0, 1200.0, 1200.0, 1200.0]
validation confusion_matrix [[1200, 0, 0, 0, 0, 0], [0, 1200, 0, 0, 0, 0], [0, 0, 1200, 0, 0, 0], [0, 0, 0, 1200, 0, 0], [0, 0, 0, 0, 1200, 0], [0, 0, 0, 0, 0, 1200]]
test accuracy :  0.15375
class_total [400.0, 400.0, 400.0, 400.0, 400.0, 400.0]
class_correct [1.0, 1.0, 252.0, 5.0, 18.0, 92.0]
confusion_matrix [[1, 176, 3, 185, 1, 34], [4, 1, 1, 6, 86, 302], [0, 87, 252, 1, 5, 55], [11, 0, 2, 5, 198, 184], [0, 1, 143, 10, 18, 228], [42, 0, 26, 47, 193, 92]]
traning started for  30 epoch
epoch 30 loss: 0.000190734863281
validation accuracy :  1.0
validation class_total [1200.0, 1200.0, 1200.0, 1200.0, 1200.0, 1200.0]
validation class_correct [1200.0, 1200.0, 1200.0, 1200.0, 1200.0, 1200.0]
validation confusion_matrix [[1200, 0, 0, 0, 0, 0], [0, 1200, 0, 0, 0, 0], [0, 0, 1200, 0, 0, 0], [0, 0, 0, 1200, 0, 0], [0, 0, 0, 0, 1200, 0], [0, 0, 0, 0, 0, 1200]]
test accuracy :  0.152083333333
class_total [400.0, 400.0, 400.0, 400.0, 400.0, 400.0]
class_correct [1.0, 0.0, 252.0, 4.0, 13.0, 95.0]
confusion_matrix [[1, 185, 3, 172, 0, 39], [4, 0, 1, 4, 76, 315], [0, 91, 252, 1, 2, 54], [6, 0, 1, 4, 177, 212], [0, 1, 145, 4, 13, 237], [23, 1, 31, 32, 218, 95]]
traning started for  31 epoch
epoch 31 loss: 1.90734863281e-06
validation accuracy :  1.0
validation class_total [1200.0, 1200.0, 1200.0, 1200.0, 1200.0, 1200.0]
validation class_correct [1200.0, 1200.0, 1200.0, 1200.0, 1200.0, 1200.0]
validation confusion_matrix [[1200, 0, 0, 0, 0, 0], [0, 1200, 0, 0, 0, 0], [0, 0, 1200, 0, 0, 0], [0, 0, 0, 1200, 0, 0], [0, 0, 0, 0, 1200, 0], [0, 0, 0, 0, 0, 1200]]
test accuracy :  0.15
class_total [400.0, 400.0, 400.0, 400.0, 400.0, 400.0]
class_correct [2.0, 1.0, 247.0, 5.0, 19.0, 86.0]
confusion_matrix [[2, 164, 3, 188, 1, 42], [5, 1, 0, 4, 91, 299], [0, 82, 247, 0, 4, 67], [9, 0, 1, 5, 203, 182], [0, 0, 129, 4, 19, 248], [30, 0, 22, 37, 225, 86]]
traning started for  32 epoch
epoch 32 loss: 5.72204589844e-06
validation accuracy :  0.999861111111
validation class_total [1200.0, 1200.0, 1200.0, 1200.0, 1200.0, 1200.0]
validation class_correct [1200.0, 1199.0, 1200.0, 1200.0, 1200.0, 1200.0]
validation confusion_matrix [[1200, 0, 0, 0, 0, 0], [0, 1199, 1, 0, 0, 0], [0, 0, 1200, 0, 0, 0], [0, 0, 0, 1200, 0, 0], [0, 0, 0, 0, 1200, 0], [0, 0, 0, 0, 0, 1200]]
test accuracy :  0.146666666667
class_total [400.0, 400.0, 400.0, 400.0, 400.0, 400.0]
class_correct [4.0, 0.0, 195.0, 7.0, 23.0, 123.0]
confusion_matrix [[4, 213, 13, 93, 5, 72], [22, 0, 0, 19, 102, 257], [0, 109, 195, 1, 6, 89], [21, 0, 0, 7, 179, 193], [0, 2, 54, 23, 23, 298], [27, 1, 12, 35, 202, 123]]
traning started for  33 epoch
epoch 33 loss: 2.86102294922e-06
validation accuracy :  0.999583333333
validation class_total [1200.0, 1200.0, 1200.0, 1200.0, 1200.0, 1200.0]
validation class_correct [1200.0, 1199.0, 1200.0, 1199.0, 1200.0, 1199.0]
validation confusion_matrix [[1200, 0, 0, 0, 0, 0], [0, 1199, 1, 0, 0, 0], [0, 0, 1200, 0, 0, 0], [1, 0, 0, 1199, 0, 0], [0, 0, 0, 0, 1200, 0], [0, 0, 0, 0, 1, 1199]]
test accuracy :  0.141666666667
class_total [400.0, 400.0, 400.0, 400.0, 400.0, 400.0]
class_correct [31.0, 0.0, 193.0, 6.0, 23.0, 87.0]
confusion_matrix [[31, 195, 3, 92, 19, 60], [18, 0, 0, 5, 125, 252], [0, 86, 193, 0, 7, 114], [12, 0, 0, 6, 186, 196], [0, 1, 71, 2, 23, 303], [21, 0, 10, 9, 273, 87]]
traning started for  34 epoch
epoch 34 loss: 2.86102294922e-06
validation accuracy :  0.999861111111
validation class_total [1200.0, 1200.0, 1200.0, 1200.0, 1200.0, 1200.0]
validation class_correct [1200.0, 1200.0, 1200.0, 1200.0, 1199.0, 1200.0]
validation confusion_matrix [[1200, 0, 0, 0, 0, 0], [0, 1200, 0, 0, 0, 0], [0, 0, 1200, 0, 0, 0], [0, 0, 0, 1200, 0, 0], [0, 0, 0, 0, 1199, 1], [0, 0, 0, 0, 0, 1200]]
test accuracy :  0.162083333333
class_total [400.0, 400.0, 400.0, 400.0, 400.0, 400.0]
class_correct [2.0, 0.0, 282.0, 6.0, 5.0, 94.0]
confusion_matrix [[2, 219, 26, 86, 3, 64], [8, 0, 1, 9, 57, 325], [0, 85, 282, 0, 0, 33], [7, 0, 6, 6, 118, 263], [0, 0, 164, 3, 5, 228], [31, 0, 34, 17, 224, 94]]
traning started for  35 epoch
epoch 35 loss: 5.05447387695e-05
validation accuracy :  1.0
validation class_total [1200.0, 1200.0, 1200.0, 1200.0, 1200.0, 1200.0]
validation class_correct [1200.0, 1200.0, 1200.0, 1200.0, 1200.0, 1200.0]
validation confusion_matrix [[1200, 0, 0, 0, 0, 0], [0, 1200, 0, 0, 0, 0], [0, 0, 1200, 0, 0, 0], [0, 0, 0, 1200, 0, 0], [0, 0, 0, 0, 1200, 0], [0, 0, 0, 0, 0, 1200]]
test accuracy :  0.14125
class_total [400.0, 400.0, 400.0, 400.0, 400.0, 400.0]
class_correct [14.0, 0.0, 241.0, 5.0, 14.0, 65.0]
confusion_matrix [[14, 203, 14, 107, 11, 51], [15, 0, 0, 8, 112, 265], [0, 100, 241, 1, 4, 54], [21, 0, 1, 5, 162, 211], [0, 0, 141, 3, 14, 242], [31, 0, 23, 22, 259, 65]]
traning started for  36 epoch
epoch 36 loss: 2.00271606445e-05
validation accuracy :  0.999861111111
validation class_total [1200.0, 1200.0, 1200.0, 1200.0, 1200.0, 1200.0]
validation class_correct [1199.0, 1200.0, 1200.0, 1200.0, 1200.0, 1200.0]
validation confusion_matrix [[1199, 0, 0, 0, 1, 0], [0, 1200, 0, 0, 0, 0], [0, 0, 1200, 0, 0, 0], [0, 0, 0, 1200, 0, 0], [0, 0, 0, 0, 1200, 0], [0, 0, 0, 0, 0, 1200]]
test accuracy :  0.135
class_total [400.0, 400.0, 400.0, 400.0, 400.0, 400.0]
class_correct [9.0, 0.0, 218.0, 5.0, 14.0, 78.0]
confusion_matrix [[9, 208, 14, 110, 6, 53], [14, 0, 0, 8, 77, 301], [0, 103, 218, 2, 2, 75], [14, 0, 1, 5, 144, 236], [0, 0, 123, 4, 14, 259], [34, 1, 21, 24, 242, 78]]
traning started for  37 epoch
epoch 37 loss: 1.43051147461e-05
validation accuracy :  0.999861111111
validation class_total [1200.0, 1200.0, 1200.0, 1200.0, 1200.0, 1200.0]
validation class_correct [1199.0, 1200.0, 1200.0, 1200.0, 1200.0, 1200.0]
validation confusion_matrix [[1199, 0, 0, 0, 1, 0], [0, 1200, 0, 0, 0, 0], [0, 0, 1200, 0, 0, 0], [0, 0, 0, 1200, 0, 0], [0, 0, 0, 0, 1200, 0], [0, 0, 0, 0, 0, 1200]]
test accuracy :  0.15125
class_total [400.0, 400.0, 400.0, 400.0, 400.0, 400.0]
class_correct [8.0, 0.0, 254.0, 5.0, 18.0, 78.0]
confusion_matrix [[8, 205, 16, 111, 8, 52], [13, 0, 0, 10, 88, 289], [0, 87, 254, 1, 5, 53], [18, 0, 1, 5, 164, 212], [0, 0, 133, 5, 18, 244], [37, 0, 22, 24, 239, 78]]
traning started for  38 epoch
epoch 38 loss: 5.72204589844e-05
validation accuracy :  1.0
validation class_total [1200.0, 1200.0, 1200.0, 1200.0, 1200.0, 1200.0]
validation class_correct [1200.0, 1200.0, 1200.0, 1200.0, 1200.0, 1200.0]
validation confusion_matrix [[1200, 0, 0, 0, 0, 0], [0, 1200, 0, 0, 0, 0], [0, 0, 1200, 0, 0, 0], [0, 0, 0, 1200, 0, 0], [0, 0, 0, 0, 1200, 0], [0, 0, 0, 0, 0, 1200]]
test accuracy :  0.14
class_total [400.0, 400.0, 400.0, 400.0, 400.0, 400.0]
class_correct [7.0, 0.0, 233.0, 6.0, 17.0, 73.0]
confusion_matrix [[7, 211, 13, 111, 6, 52], [13, 0, 0, 10, 81, 296], [0, 100, 233, 1, 4, 62], [17, 0, 0, 6, 147, 230], [0, 0, 120, 4, 17, 259], [35, 0, 24, 22, 246, 73]]
traning started for  39 epoch
epoch 39 loss: 2.86102294922e-06
validation accuracy :  1.0
validation class_total [1200.0, 1200.0, 1200.0, 1200.0, 1200.0, 1200.0]
validation class_correct [1200.0, 1200.0, 1200.0, 1200.0, 1200.0, 1200.0]
validation confusion_matrix [[1200, 0, 0, 0, 0, 0], [0, 1200, 0, 0, 0, 0], [0, 0, 1200, 0, 0, 0], [0, 0, 0, 1200, 0, 0], [0, 0, 0, 0, 1200, 0], [0, 0, 0, 0, 0, 1200]]
test accuracy :  0.15
class_total [400.0, 400.0, 400.0, 400.0, 400.0, 400.0]
class_correct [9.0, 0.0, 258.0, 3.0, 20.0, 70.0]
confusion_matrix [[9, 196, 18, 117, 6, 54], [7, 0, 1, 12, 91, 289], [0, 83, 258, 1, 4, 54], [18, 0, 3, 3, 160, 216], [0, 0, 133, 4, 20, 243], [31, 0, 20, 25, 254, 70]]
traning started for  40 epoch
epoch 40 loss: 0.0
validation accuracy :  1.0
validation class_total [1200.0, 1200.0, 1200.0, 1200.0, 1200.0, 1200.0]
validation class_correct [1200.0, 1200.0, 1200.0, 1200.0, 1200.0, 1200.0]
validation confusion_matrix [[1200, 0, 0, 0, 0, 0], [0, 1200, 0, 0, 0, 0], [0, 0, 1200, 0, 0, 0], [0, 0, 0, 1200, 0, 0], [0, 0, 0, 0, 1200, 0], [0, 0, 0, 0, 0, 1200]]
test accuracy :  0.1475
class_total [400.0, 400.0, 400.0, 400.0, 400.0, 400.0]
class_correct [15.0, 0.0, 233.0, 6.0, 7.0, 93.0]
confusion_matrix [[15, 228, 14, 96, 10, 37], [9, 0, 0, 8, 105, 278], [0, 116, 233, 0, 2, 49], [16, 0, 3, 6, 189, 186], [0, 0, 148, 3, 7, 242], [33, 1, 37, 30, 206, 93]]
traning started for  41 epoch
epoch 41 loss: 0.0317749977112
validation accuracy :  1.0
validation class_total [1200.0, 1200.0, 1200.0, 1200.0, 1200.0, 1200.0]
validation class_correct [1200.0, 1200.0, 1200.0, 1200.0, 1200.0, 1200.0]
validation confusion_matrix [[1200, 0, 0, 0, 0, 0], [0, 1200, 0, 0, 0, 0], [0, 0, 1200, 0, 0, 0], [0, 0, 0, 1200, 0, 0], [0, 0, 0, 0, 1200, 0], [0, 0, 0, 0, 0, 1200]]
test accuracy :  0.128333333333
class_total [400.0, 400.0, 400.0, 400.0, 400.0, 400.0]
class_correct [10.0, 0.0, 175.0, 11.0, 7.0, 105.0]
confusion_matrix [[10, 196, 4, 148, 9, 33], [16, 0, 0, 10, 85, 289], [0, 129, 175, 2, 5, 89], [29, 0, 1, 11, 140, 219], [0, 0, 78, 4, 7, 311], [32, 1, 19, 28, 215, 105]]
traning started for  42 epoch
epoch 42 loss: 0.000156402587891
validation accuracy :  1.0
validation class_total [1200.0, 1200.0, 1200.0, 1200.0, 1200.0, 1200.0]
validation class_correct [1200.0, 1200.0, 1200.0, 1200.0, 1200.0, 1200.0]
validation confusion_matrix [[1200, 0, 0, 0, 0, 0], [0, 1200, 0, 0, 0, 0], [0, 0, 1200, 0, 0, 0], [0, 0, 0, 1200, 0, 0], [0, 0, 0, 0, 1200, 0], [0, 0, 0, 0, 0, 1200]]
test accuracy :  0.13
class_total [400.0, 400.0, 400.0, 400.0, 400.0, 400.0]
class_correct [12.0, 0.0, 190.0, 10.0, 15.0, 85.0]
confusion_matrix [[12, 198, 10, 132, 9, 39], [16, 0, 0, 10, 111, 263], [0, 135, 190, 1, 5, 69], [29, 0, 0, 10, 173, 188], [0, 0, 110, 7, 15, 268], [26, 0, 28, 23, 238, 85]]
traning started for  43 epoch
epoch 43 loss: 2.86102294922e-06
validation accuracy :  1.0
validation class_total [1200.0, 1200.0, 1200.0, 1200.0, 1200.0, 1200.0]
validation class_correct [1200.0, 1200.0, 1200.0, 1200.0, 1200.0, 1200.0]
validation confusion_matrix [[1200, 0, 0, 0, 0, 0], [0, 1200, 0, 0, 0, 0], [0, 0, 1200, 0, 0, 0], [0, 0, 0, 1200, 0, 0], [0, 0, 0, 0, 1200, 0], [0, 0, 0, 0, 0, 1200]]
test accuracy :  0.139166666667
class_total [400.0, 400.0, 400.0, 400.0, 400.0, 400.0]
class_correct [14.0, 0.0, 212.0, 6.0, 14.0, 88.0]
confusion_matrix [[14, 199, 9, 123, 11, 44], [17, 0, 0, 8, 119, 256], [0, 117, 212, 1, 5, 65], [20, 0, 1, 6, 188, 185], [0, 0, 108, 6, 14, 272], [21, 0, 25, 18, 248, 88]]
traning started for  44 epoch
epoch 44 loss: 0.0
validation accuracy :  1.0
validation class_total [1200.0, 1200.0, 1200.0, 1200.0, 1200.0, 1200.0]
validation class_correct [1200.0, 1200.0, 1200.0, 1200.0, 1200.0, 1200.0]
validation confusion_matrix [[1200, 0, 0, 0, 0, 0], [0, 1200, 0, 0, 0, 0], [0, 0, 1200, 0, 0, 0], [0, 0, 0, 1200, 0, 0], [0, 0, 0, 0, 1200, 0], [0, 0, 0, 0, 0, 1200]]
test accuracy :  0.1425
class_total [400.0, 400.0, 400.0, 400.0, 400.0, 400.0]
class_correct [8.0, 0.0, 217.0, 7.0, 13.0, 97.0]
confusion_matrix [[8, 197, 10, 135, 7, 43], [14, 0, 0, 8, 104, 274], [0, 111, 217, 1, 4, 67], [24, 0, 0, 7, 166, 203], [0, 0, 112, 3, 13, 272], [23, 0, 25, 19, 236, 97]]
traning started for  45 epoch
epoch 45 loss: 9.53674316406e-07
validation accuracy :  1.0
validation class_total [1200.0, 1200.0, 1200.0, 1200.0, 1200.0, 1200.0]
validation class_correct [1200.0, 1200.0, 1200.0, 1200.0, 1200.0, 1200.0]
validation confusion_matrix [[1200, 0, 0, 0, 0, 0], [0, 1200, 0, 0, 0, 0], [0, 0, 1200, 0, 0, 0], [0, 0, 0, 1200, 0, 0], [0, 0, 0, 0, 1200, 0], [0, 0, 0, 0, 0, 1200]]
test accuracy :  0.14625
class_total [400.0, 400.0, 400.0, 400.0, 400.0, 400.0]
class_correct [12.0, 0.0, 226.0, 5.0, 12.0, 96.0]
confusion_matrix [[12, 189, 10, 124, 12, 53], [16, 0, 0, 7, 105, 272], [0, 95, 226, 2, 3, 74], [23, 0, 0, 5, 178, 194], [0, 1, 100, 2, 12, 285], [28, 0, 27, 17, 232, 96]]
traning started for  46 epoch
epoch 46 loss: 1.90734863281e-06
validation accuracy :  1.0
validation class_total [1200.0, 1200.0, 1200.0, 1200.0, 1200.0, 1200.0]
validation class_correct [1200.0, 1200.0, 1200.0, 1200.0, 1200.0, 1200.0]
validation confusion_matrix [[1200, 0, 0, 0, 0, 0], [0, 1200, 0, 0, 0, 0], [0, 0, 1200, 0, 0, 0], [0, 0, 0, 1200, 0, 0], [0, 0, 0, 0, 1200, 0], [0, 0, 0, 0, 0, 1200]]
test accuracy :  0.145416666667
class_total [400.0, 400.0, 400.0, 400.0, 400.0, 400.0]
class_correct [13.0, 0.0, 230.0, 6.0, 14.0, 86.0]
confusion_matrix [[13, 196, 12, 120, 12, 47], [15, 0, 0, 9, 110, 266], [0, 102, 230, 1, 4, 63], [25, 0, 0, 6, 177, 192], [0, 0, 115, 4, 14, 267], [27, 0, 26, 23, 238, 86]]
traning started for  47 epoch
epoch 47 loss: 0.0
validation accuracy :  1.0
validation class_total [1200.0, 1200.0, 1200.0, 1200.0, 1200.0, 1200.0]
validation class_correct [1200.0, 1200.0, 1200.0, 1200.0, 1200.0, 1200.0]
validation confusion_matrix [[1200, 0, 0, 0, 0, 0], [0, 1200, 0, 0, 0, 0], [0, 0, 1200, 0, 0, 0], [0, 0, 0, 1200, 0, 0], [0, 0, 0, 0, 1200, 0], [0, 0, 0, 0, 0, 1200]]
test accuracy :  0.1575
class_total [400.0, 400.0, 400.0, 400.0, 400.0, 400.0]
class_correct [6.0, 0.0, 193.0, 8.0, 7.0, 164.0]
confusion_matrix [[6, 132, 8, 176, 5, 73], [11, 0, 0, 6, 73, 310], [0, 71, 193, 2, 3, 131], [11, 0, 0, 8, 152, 229], [0, 0, 55, 6, 7, 332], [16, 0, 31, 29, 160, 164]]
traning started for  48 epoch
epoch 48 loss: 0.0
validation accuracy :  1.0
validation class_total [1200.0, 1200.0, 1200.0, 1200.0, 1200.0, 1200.0]
validation class_correct [1200.0, 1200.0, 1200.0, 1200.0, 1200.0, 1200.0]
validation confusion_matrix [[1200, 0, 0, 0, 0, 0], [0, 1200, 0, 0, 0, 0], [0, 0, 1200, 0, 0, 0], [0, 0, 0, 1200, 0, 0], [0, 0, 0, 0, 1200, 0], [0, 0, 0, 0, 0, 1200]]
test accuracy :  0.15875
class_total [400.0, 400.0, 400.0, 400.0, 400.0, 400.0]
class_correct [10.0, 0.0, 240.0, 6.0, 11.0, 114.0]
confusion_matrix [[10, 166, 12, 154, 11, 47], [11, 0, 0, 6, 109, 274], [0, 82, 240, 2, 5, 71], [21, 0, 0, 6, 176, 197], [0, 0, 90, 8, 11, 291], [27, 0, 32, 23, 204, 114]]
traning started for  49 epoch
epoch 49 loss: 4.76837158203e-06
validation accuracy :  1.0
validation class_total [1200.0, 1200.0, 1200.0, 1200.0, 1200.0, 1200.0]
validation class_correct [1200.0, 1200.0, 1200.0, 1200.0, 1200.0, 1200.0]
validation confusion_matrix [[1200, 0, 0, 0, 0, 0], [0, 1200, 0, 0, 0, 0], [0, 0, 1200, 0, 0, 0], [0, 0, 0, 1200, 0, 0], [0, 0, 0, 0, 1200, 0], [0, 0, 0, 0, 0, 1200]]
test accuracy :  0.156666666667
class_total [400.0, 400.0, 400.0, 400.0, 400.0, 400.0]
class_correct [9.0, 0.0, 226.0, 4.0, 9.0, 128.0]
confusion_matrix [[9, 182, 6, 152, 11, 40], [11, 0, 0, 6, 102, 281], [0, 101, 226, 0, 3, 70], [12, 0, 1, 4, 179, 204], [0, 1, 95, 6, 9, 289], [16, 1, 38, 29, 188, 128]]
traning started for  50 epoch
epoch 50 loss: 1.52587890625e-05
validation accuracy :  1.0
validation class_total [1200.0, 1200.0, 1200.0, 1200.0, 1200.0, 1200.0]
validation class_correct [1200.0, 1200.0, 1200.0, 1200.0, 1200.0, 1200.0]
validation confusion_matrix [[1200, 0, 0, 0, 0, 0], [0, 1200, 0, 0, 0, 0], [0, 0, 1200, 0, 0, 0], [0, 0, 0, 1200, 0, 0], [0, 0, 0, 0, 1200, 0], [0, 0, 0, 0, 0, 1200]]
test accuracy :  0.156666666667
class_total [400.0, 400.0, 400.0, 400.0, 400.0, 400.0]
class_correct [7.0, 0.0, 240.0, 2.0, 10.0, 117.0]
confusion_matrix [[7, 186, 11, 135, 12, 49], [12, 0, 0, 6, 99, 283], [0, 103, 240, 1, 1, 55], [14, 0, 0, 2, 179, 205], [0, 0, 106, 5, 10, 279], [17, 0, 37, 25, 204, 117]]
traning started for  51 epoch
epoch 51 loss: 9.53674316406e-07
validation accuracy :  1.0
validation class_total [1200.0, 1200.0, 1200.0, 1200.0, 1200.0, 1200.0]
validation class_correct [1200.0, 1200.0, 1200.0, 1200.0, 1200.0, 1200.0]
validation confusion_matrix [[1200, 0, 0, 0, 0, 0], [0, 1200, 0, 0, 0, 0], [0, 0, 1200, 0, 0, 0], [0, 0, 0, 1200, 0, 0], [0, 0, 0, 0, 1200, 0], [0, 0, 0, 0, 0, 1200]]
test accuracy :  0.13125
class_total [400.0, 400.0, 400.0, 400.0, 400.0, 400.0]
class_correct [3.0, 0.0, 168.0, 11.0, 5.0, 128.0]
confusion_matrix [[3, 184, 5, 159, 6, 43], [8, 0, 0, 8, 82, 302], [0, 129, 168, 2, 3, 98], [15, 0, 0, 11, 148, 226], [0, 1, 71, 11, 5, 312], [18, 0, 28, 36, 190, 128]]
traning started for  52 epoch
epoch 52 loss: 9.53674316406e-07
validation accuracy :  1.0
validation class_total [1200.0, 1200.0, 1200.0, 1200.0, 1200.0, 1200.0]
validation class_correct [1200.0, 1200.0, 1200.0, 1200.0, 1200.0, 1200.0]
validation confusion_matrix [[1200, 0, 0, 0, 0, 0], [0, 1200, 0, 0, 0, 0], [0, 0, 1200, 0, 0, 0], [0, 0, 0, 1200, 0, 0], [0, 0, 0, 0, 1200, 0], [0, 0, 0, 0, 0, 1200]]
test accuracy :  0.135833333333
class_total [400.0, 400.0, 400.0, 400.0, 400.0, 400.0]
class_correct [4.0, 0.0, 194.0, 10.0, 11.0, 107.0]
confusion_matrix [[4, 165, 4, 184, 10, 33], [16, 0, 0, 15, 99, 270], [0, 115, 194, 2, 3, 86], [25, 0, 0, 10, 149, 216], [0, 0, 75, 13, 11, 301], [24, 0, 24, 26, 219, 107]]
traning started for  53 epoch
epoch 53 loss: 9.53674316406e-07
validation accuracy :  1.0
validation class_total [1200.0, 1200.0, 1200.0, 1200.0, 1200.0, 1200.0]
validation class_correct [1200.0, 1200.0, 1200.0, 1200.0, 1200.0, 1200.0]
validation confusion_matrix [[1200, 0, 0, 0, 0, 0], [0, 1200, 0, 0, 0, 0], [0, 0, 1200, 0, 0, 0], [0, 0, 0, 1200, 0, 0], [0, 0, 0, 0, 1200, 0], [0, 0, 0, 0, 0, 1200]]
test accuracy :  0.14875
class_total [400.0, 400.0, 400.0, 400.0, 400.0, 400.0]
class_correct [5.0, 0.0, 234.0, 8.0, 8.0, 102.0]
confusion_matrix [[5, 187, 7, 162, 6, 33], [12, 0, 2, 10, 89, 287], [0, 103, 234, 1, 3, 59], [17, 0, 0, 8, 154, 221], [0, 1, 94, 6, 8, 291], [20, 0, 28, 26, 224, 102]]
traning started for  54 epoch
epoch 54 loss: 0.0
validation accuracy :  1.0
validation class_total [1200.0, 1200.0, 1200.0, 1200.0, 1200.0, 1200.0]
validation class_correct [1200.0, 1200.0, 1200.0, 1200.0, 1200.0, 1200.0]
validation confusion_matrix [[1200, 0, 0, 0, 0, 0], [0, 1200, 0, 0, 0, 0], [0, 0, 1200, 0, 0, 0], [0, 0, 0, 1200, 0, 0], [0, 0, 0, 0, 1200, 0], [0, 0, 0, 0, 0, 1200]]
test accuracy :  0.14
class_total [400.0, 400.0, 400.0, 400.0, 400.0, 400.0]
class_correct [6.0, 0.0, 218.0, 7.0, 9.0, 96.0]
confusion_matrix [[6, 185, 6, 158, 5, 40], [8, 0, 1, 10, 97, 284], [0, 107, 218, 2, 5, 68], [16, 0, 0, 7, 154, 223], [0, 0, 95, 7, 9, 289], [22, 0, 36, 24, 222, 96]]
traning started for  55 epoch
epoch 55 loss: 2.19345092773e-05
validation accuracy :  0.999861111111
validation class_total [1200.0, 1200.0, 1200.0, 1200.0, 1200.0, 1200.0]
validation class_correct [1200.0, 1199.0, 1200.0, 1200.0, 1200.0, 1200.0]
validation confusion_matrix [[1200, 0, 0, 0, 0, 0], [0, 1199, 0, 1, 0, 0], [0, 0, 1200, 0, 0, 0], [0, 0, 0, 1200, 0, 0], [0, 0, 0, 0, 1200, 0], [0, 0, 0, 0, 0, 1200]]
test accuracy :  0.150833333333
class_total [400.0, 400.0, 400.0, 400.0, 400.0, 400.0]
class_correct [1.0, 0.0, 216.0, 10.0, 15.0, 120.0]
confusion_matrix [[1, 135, 5, 220, 4, 35], [6, 0, 2, 9, 99, 284], [0, 101, 216, 1, 2, 80], [15, 0, 1, 10, 172, 202], [1, 0, 120, 29, 15, 235], [18, 0, 29, 57, 176, 120]]
traning started for  56 epoch
epoch 56 loss: 1.90734863281e-06
validation accuracy :  0.999861111111
validation class_total [1200.0, 1200.0, 1200.0, 1200.0, 1200.0, 1200.0]
validation class_correct [1200.0, 1200.0, 1199.0, 1200.0, 1200.0, 1200.0]
validation confusion_matrix [[1200, 0, 0, 0, 0, 0], [0, 1200, 0, 0, 0, 0], [0, 1, 1199, 0, 0, 0], [0, 0, 0, 1200, 0, 0], [0, 0, 0, 0, 1200, 0], [0, 0, 0, 0, 0, 1200]]
test accuracy :  0.11875
class_total [400.0, 400.0, 400.0, 400.0, 400.0, 400.0]
class_correct [0.0, 1.0, 188.0, 9.0, 6.0, 81.0]
confusion_matrix [[0, 217, 3, 153, 0, 27], [1, 1, 2, 5, 60, 331], [0, 160, 188, 1, 0, 51], [6, 0, 4, 9, 122, 259], [0, 3, 176, 16, 6, 199], [17, 0, 41, 36, 225, 81]]
traning started for  57 epoch
epoch 57 loss: 0.0
validation accuracy :  1.0
validation class_total [1200.0, 1200.0, 1200.0, 1200.0, 1200.0, 1200.0]
validation class_correct [1200.0, 1200.0, 1200.0, 1200.0, 1200.0, 1200.0]
validation confusion_matrix [[1200, 0, 0, 0, 0, 0], [0, 1200, 0, 0, 0, 0], [0, 0, 1200, 0, 0, 0], [0, 0, 0, 1200, 0, 0], [0, 0, 0, 0, 1200, 0], [0, 0, 0, 0, 0, 1200]]
test accuracy :  0.138333333333
class_total [400.0, 400.0, 400.0, 400.0, 400.0, 400.0]
class_correct [1.0, 0.0, 207.0, 5.0, 8.0, 111.0]
confusion_matrix [[1, 201, 3, 165, 2, 28], [4, 0, 1, 7, 94, 294], [0, 120, 207, 1, 1, 71], [15, 0, 4, 5, 153, 223], [0, 1, 187, 5, 8, 199], [30, 0, 24, 48, 187, 111]]
traning started for  58 epoch
epoch 58 loss: 2.86102294922e-06
validation accuracy :  1.0
validation class_total [1200.0, 1200.0, 1200.0, 1200.0, 1200.0, 1200.0]
validation class_correct [1200.0, 1200.0, 1200.0, 1200.0, 1200.0, 1200.0]
validation confusion_matrix [[1200, 0, 0, 0, 0, 0], [0, 1200, 0, 0, 0, 0], [0, 0, 1200, 0, 0, 0], [0, 0, 0, 1200, 0, 0], [0, 0, 0, 0, 1200, 0], [0, 0, 0, 0, 0, 1200]]
test accuracy :  0.14875
class_total [400.0, 400.0, 400.0, 400.0, 400.0, 400.0]
class_correct [4.0, 0.0, 224.0, 8.0, 7.0, 114.0]
confusion_matrix [[4, 182, 3, 167, 1, 43], [5, 0, 2, 2, 80, 311], [0, 95, 224, 1, 2, 78], [9, 0, 3, 8, 161, 219], [0, 1, 176, 8, 7, 208], [30, 0, 28, 43, 185, 114]]
traning started for  59 epoch
epoch 59 loss: 9.53674316406e-07
validation accuracy :  1.0
validation class_total [1200.0, 1200.0, 1200.0, 1200.0, 1200.0, 1200.0]
validation class_correct [1200.0, 1200.0, 1200.0, 1200.0, 1200.0, 1200.0]
validation confusion_matrix [[1200, 0, 0, 0, 0, 0], [0, 1200, 0, 0, 0, 0], [0, 0, 1200, 0, 0, 0], [0, 0, 0, 1200, 0, 0], [0, 0, 0, 0, 1200, 0], [0, 0, 0, 0, 0, 1200]]
test accuracy :  0.13875
class_total [400.0, 400.0, 400.0, 400.0, 400.0, 400.0]
class_correct [2.0, 0.0, 207.0, 4.0, 4.0, 116.0]
confusion_matrix [[2, 179, 3, 184, 1, 31], [5, 0, 1, 6, 80, 308], [0, 111, 207, 1, 0, 81], [15, 0, 1, 4, 155, 225], [0, 1, 177, 8, 4, 210], [19, 0, 30, 50, 185, 116]]
traning started for  60 epoch
epoch 60 loss: 0.0
validation accuracy :  1.0
validation class_total [1200.0, 1200.0, 1200.0, 1200.0, 1200.0, 1200.0]
validation class_correct [1200.0, 1200.0, 1200.0, 1200.0, 1200.0, 1200.0]
validation confusion_matrix [[1200, 0, 0, 0, 0, 0], [0, 1200, 0, 0, 0, 0], [0, 0, 1200, 0, 0, 0], [0, 0, 0, 1200, 0, 0], [0, 0, 0, 0, 1200, 0], [0, 0, 0, 0, 0, 1200]]
test accuracy :  0.139583333333
class_total [400.0, 400.0, 400.0, 400.0, 400.0, 400.0]
class_correct [3.0, 0.0, 218.0, 8.0, 8.0, 98.0]
confusion_matrix [[3, 179, 3, 187, 1, 27], [6, 0, 0, 4, 99, 291], [0, 108, 218, 1, 1, 72], [13, 0, 1, 8, 178, 200], [0, 1, 165, 7, 8, 219], [32, 0, 28, 56, 186, 98]]
traning started for  61 epoch
epoch 61 loss: 2.09808349609e-05
validation accuracy :  1.0
validation class_total [1200.0, 1200.0, 1200.0, 1200.0, 1200.0, 1200.0]
validation class_correct [1200.0, 1200.0, 1200.0, 1200.0, 1200.0, 1200.0]
validation confusion_matrix [[1200, 0, 0, 0, 0, 0], [0, 1200, 0, 0, 0, 0], [0, 0, 1200, 0, 0, 0], [0, 0, 0, 1200, 0, 0], [0, 0, 0, 0, 1200, 0], [0, 0, 0, 0, 0, 1200]]
test accuracy :  0.140416666667
class_total [400.0, 400.0, 400.0, 400.0, 400.0, 400.0]
class_correct [1.0, 0.0, 237.0, 2.0, 5.0, 92.0]
confusion_matrix [[1, 207, 3, 140, 1, 48], [7, 0, 0, 4, 90, 299], [0, 97, 237, 0, 0, 66], [6, 0, 2, 2, 159, 231], [0, 0, 190, 2, 5, 203], [22, 0, 31, 37, 218, 92]]
traning started for  62 epoch
epoch 62 loss: 9.53674316406e-07
validation accuracy :  1.0
validation class_total [1200.0, 1200.0, 1200.0, 1200.0, 1200.0, 1200.0]
validation class_correct [1200.0, 1200.0, 1200.0, 1200.0, 1200.0, 1200.0]
validation confusion_matrix [[1200, 0, 0, 0, 0, 0], [0, 1200, 0, 0, 0, 0], [0, 0, 1200, 0, 0, 0], [0, 0, 0, 1200, 0, 0], [0, 0, 0, 0, 1200, 0], [0, 0, 0, 0, 0, 1200]]
test accuracy :  0.141666666667
class_total [400.0, 400.0, 400.0, 400.0, 400.0, 400.0]
class_correct [4.0, 0.0, 221.0, 4.0, 6.0, 105.0]
confusion_matrix [[4, 196, 3, 161, 2, 34], [6, 0, 1, 4, 88, 301], [0, 100, 221, 1, 0, 78], [12, 0, 3, 4, 154, 227], [0, 2, 157, 3, 6, 232], [21, 0, 30, 34, 210, 105]]
traning started for  63 epoch
epoch 63 loss: 4.76837158203e-06
validation accuracy :  1.0
validation class_total [1200.0, 1200.0, 1200.0, 1200.0, 1200.0, 1200.0]
validation class_correct [1200.0, 1200.0, 1200.0, 1200.0, 1200.0, 1200.0]
validation confusion_matrix [[1200, 0, 0, 0, 0, 0], [0, 1200, 0, 0, 0, 0], [0, 0, 1200, 0, 0, 0], [0, 0, 0, 1200, 0, 0], [0, 0, 0, 0, 1200, 0], [0, 0, 0, 0, 0, 1200]]
test accuracy :  0.150833333333
class_total [400.0, 400.0, 400.0, 400.0, 400.0, 400.0]
class_correct [2.0, 0.0, 247.0, 9.0, 8.0, 96.0]
confusion_matrix [[2, 163, 3, 202, 0, 30], [5, 0, 3, 5, 78, 309], [0, 81, 247, 1, 0, 71], [8, 0, 3, 9, 176, 204], [0, 1, 180, 8, 8, 203], [21, 0, 42, 36, 205, 96]]
traning started for  64 epoch
epoch 64 loss: 0.0
validation accuracy :  1.0
validation class_total [1200.0, 1200.0, 1200.0, 1200.0, 1200.0, 1200.0]
validation class_correct [1200.0, 1200.0, 1200.0, 1200.0, 1200.0, 1200.0]
validation confusion_matrix [[1200, 0, 0, 0, 0, 0], [0, 1200, 0, 0, 0, 0], [0, 0, 1200, 0, 0, 0], [0, 0, 0, 1200, 0, 0], [0, 0, 0, 0, 1200, 0], [0, 0, 0, 0, 0, 1200]]
test accuracy :  0.165416666667
class_total [400.0, 400.0, 400.0, 400.0, 400.0, 400.0]
class_correct [5.0, 0.0, 235.0, 6.0, 11.0, 140.0]
confusion_matrix [[5, 171, 5, 188, 2, 29], [5, 0, 4, 2, 103, 286], [0, 120, 235, 1, 0, 44], [12, 0, 6, 6, 210, 166], [0, 0, 180, 10, 11, 199], [23, 0, 41, 45, 151, 140]]
traning started for  65 epoch
epoch 65 loss: 0.0
validation accuracy :  1.0
validation class_total [1200.0, 1200.0, 1200.0, 1200.0, 1200.0, 1200.0]
validation class_correct [1200.0, 1200.0, 1200.0, 1200.0, 1200.0, 1200.0]
validation confusion_matrix [[1200, 0, 0, 0, 0, 0], [0, 1200, 0, 0, 0, 0], [0, 0, 1200, 0, 0, 0], [0, 0, 0, 1200, 0, 0], [0, 0, 0, 0, 1200, 0], [0, 0, 0, 0, 0, 1200]]
test accuracy :  0.165
class_total [400.0, 400.0, 400.0, 400.0, 400.0, 400.0]
class_correct [4.0, 0.0, 281.0, 3.0, 6.0, 102.0]
confusion_matrix [[4, 166, 4, 189, 2, 35], [4, 0, 5, 2, 120, 269], [0, 76, 281, 1, 1, 41], [9, 0, 6, 3, 218, 164], [1, 0, 191, 5, 6, 197], [26, 0, 36, 37, 199, 102]]
traning started for  66 epoch
