cuda
Training started
traning started for  1 epoch
epoch 1 loss: 0.842881441116
validation accuracy :  0.845138888889
validation class_total [1200.0, 1200.0, 1200.0, 1200.0, 1200.0, 1200.0]
validation class_correct [726.0, 1168.0, 1125.0, 1015.0, 1082.0, 969.0]
validation confusion_matrix [[726, 1, 0, 272, 127, 74], [0, 1168, 6, 1, 0, 25], [0, 51, 1125, 0, 8, 16], [109, 0, 0, 1015, 14, 62], [7, 2, 53, 0, 1082, 56], [5, 114, 27, 44, 41, 969]]
test accuracy :  0.274166666667
class_total [400.0, 400.0, 400.0, 400.0, 400.0, 400.0]
class_correct [0.0, 0.0, 348.0, 24.0, 194.0, 92.0]
confusion_matrix [[0, 205, 16, 2, 6, 171], [38, 0, 4, 5, 255, 98], [0, 47, 348, 0, 1, 4], [49, 0, 2, 24, 214, 111], [0, 0, 97, 0, 194, 109], [27, 3, 28, 14, 236, 92]]
traning started for  2 epoch
epoch 2 loss: 0.748684644699
validation accuracy :  0.92875
validation class_total [1200.0, 1200.0, 1200.0, 1200.0, 1200.0, 1200.0]
validation class_correct [1027.0, 1155.0, 1186.0, 1083.0, 1061.0, 1175.0]
validation confusion_matrix [[1027, 0, 0, 80, 53, 40], [0, 1155, 32, 0, 0, 13], [0, 3, 1186, 0, 0, 11], [3, 0, 0, 1083, 3, 111], [8, 0, 81, 0, 1061, 50], [0, 3, 15, 4, 3, 1175]]
test accuracy :  0.293333333333
class_total [400.0, 400.0, 400.0, 400.0, 400.0, 400.0]
class_correct [1.0, 0.0, 365.0, 5.0, 83.0, 250.0]
confusion_matrix [[1, 88, 55, 2, 2, 252], [0, 0, 4, 0, 73, 323], [0, 27, 365, 0, 0, 8], [3, 0, 12, 5, 114, 266], [0, 1, 177, 0, 83, 139], [0, 0, 29, 8, 113, 250]]
traning started for  3 epoch
epoch 3 loss: 0.269602298737
validation accuracy :  0.96125
validation class_total [1200.0, 1200.0, 1200.0, 1200.0, 1200.0, 1200.0]
validation class_correct [1098.0, 1175.0, 1187.0, 1145.0, 1147.0, 1169.0]
validation confusion_matrix [[1098, 0, 0, 24, 63, 15], [0, 1175, 14, 4, 0, 7], [0, 7, 1187, 0, 2, 4], [5, 0, 0, 1145, 0, 50], [5, 1, 24, 0, 1147, 23], [0, 9, 5, 0, 17, 1169]]
test accuracy :  0.3175
class_total [400.0, 400.0, 400.0, 400.0, 400.0, 400.0]
class_correct [7.0, 0.0, 290.0, 1.0, 202.0, 262.0]
confusion_matrix [[7, 165, 12, 50, 14, 152], [3, 0, 1, 1, 120, 275], [0, 96, 290, 0, 1, 13], [3, 0, 5, 1, 239, 152], [1, 0, 54, 0, 202, 143], [7, 0, 36, 4, 91, 262]]
traning started for  4 epoch
epoch 4 loss: 0.014328956604
validation accuracy :  0.978611111111
validation class_total [1200.0, 1200.0, 1200.0, 1200.0, 1200.0, 1200.0]
validation class_correct [1152.0, 1168.0, 1192.0, 1188.0, 1186.0, 1160.0]
validation confusion_matrix [[1152, 0, 0, 11, 37, 0], [1, 1168, 24, 0, 7, 0], [0, 1, 1192, 0, 3, 4], [5, 1, 0, 1188, 0, 6], [4, 0, 7, 0, 1186, 3], [5, 0, 1, 6, 28, 1160]]
test accuracy :  0.275416666667
class_total [400.0, 400.0, 400.0, 400.0, 400.0, 400.0]
class_correct [35.0, 0.0, 279.0, 6.0, 194.0, 147.0]
confusion_matrix [[35, 205, 20, 76, 20, 44], [58, 0, 0, 7, 181, 154], [0, 114, 279, 0, 1, 6], [16, 0, 5, 6, 230, 143], [1, 0, 59, 0, 194, 146], [34, 1, 22, 38, 158, 147]]
traning started for  5 epoch
epoch 5 loss: 0.143048286438
validation accuracy :  0.985416666667
validation class_total [1200.0, 1200.0, 1200.0, 1200.0, 1200.0, 1200.0]
validation class_correct [1148.0, 1188.0, 1194.0, 1180.0, 1192.0, 1193.0]
validation confusion_matrix [[1148, 0, 0, 11, 41, 0], [0, 1188, 8, 3, 1, 0], [0, 2, 1194, 0, 0, 4], [9, 0, 0, 1180, 1, 10], [0, 0, 5, 0, 1192, 3], [0, 0, 0, 1, 6, 1193]]
test accuracy :  0.264583333333
class_total [400.0, 400.0, 400.0, 400.0, 400.0, 400.0]
class_correct [14.0, 0.0, 283.0, 1.0, 229.0, 108.0]
confusion_matrix [[14, 232, 2, 127, 10, 15], [17, 0, 0, 5, 183, 195], [0, 67, 283, 0, 1, 49], [17, 0, 3, 1, 211, 168], [0, 0, 31, 0, 229, 140], [20, 1, 34, 10, 227, 108]]
traning started for  6 epoch
epoch 6 loss: 0.407777070999
validation accuracy :  0.967083333333
validation class_total [1200.0, 1200.0, 1200.0, 1200.0, 1200.0, 1200.0]
validation class_correct [1143.0, 1119.0, 1188.0, 1159.0, 1183.0, 1171.0]
validation confusion_matrix [[1143, 1, 0, 19, 37, 0], [0, 1119, 57, 5, 4, 15], [0, 1, 1188, 0, 4, 7], [33, 0, 0, 1159, 5, 3], [11, 0, 2, 0, 1183, 4], [5, 0, 0, 2, 22, 1171]]
test accuracy :  0.3125
class_total [400.0, 400.0, 400.0, 400.0, 400.0, 400.0]
class_correct [50.0, 0.0, 339.0, 4.0, 242.0, 115.0]
confusion_matrix [[50, 103, 4, 193, 18, 32], [83, 0, 0, 6, 205, 106], [0, 12, 339, 0, 12, 37], [51, 0, 0, 4, 267, 78], [1, 0, 26, 0, 242, 131], [12, 0, 16, 7, 250, 115]]
traning started for  7 epoch
epoch 7 loss: 0.10345864296
validation accuracy :  0.980277777778
validation class_total [1200.0, 1200.0, 1200.0, 1200.0, 1200.0, 1200.0]
validation class_correct [1160.0, 1155.0, 1198.0, 1175.0, 1186.0, 1184.0]
validation confusion_matrix [[1160, 0, 0, 8, 32, 0], [0, 1155, 40, 1, 4, 0], [0, 0, 1198, 0, 1, 1], [19, 2, 1, 1175, 0, 3], [5, 0, 5, 0, 1186, 4], [3, 0, 1, 4, 8, 1184]]
test accuracy :  0.238333333333
class_total [400.0, 400.0, 400.0, 400.0, 400.0, 400.0]
class_correct [84.0, 0.0, 338.0, 3.0, 105.0, 42.0]
confusion_matrix [[84, 128, 20, 108, 28, 32], [58, 0, 0, 7, 101, 234], [0, 48, 338, 0, 1, 13], [22, 0, 3, 3, 177, 195], [2, 0, 32, 0, 105, 261], [21, 0, 25, 6, 306, 42]]
traning started for  8 epoch
epoch 8 loss: 0.0144195556641
validation accuracy :  0.966805555556
validation class_total [1200.0, 1200.0, 1200.0, 1200.0, 1200.0, 1200.0]
validation class_correct [1027.0, 1181.0, 1184.0, 1190.0, 1193.0, 1186.0]
validation confusion_matrix [[1027, 0, 0, 61, 112, 0], [0, 1181, 13, 1, 4, 1], [0, 5, 1184, 0, 1, 10], [5, 1, 0, 1190, 2, 2], [2, 0, 0, 0, 1193, 5], [3, 2, 0, 5, 4, 1186]]
test accuracy :  0.157083333333
class_total [400.0, 400.0, 400.0, 400.0, 400.0, 400.0]
class_correct [3.0, 0.0, 203.0, 6.0, 34.0, 131.0]
confusion_matrix [[3, 128, 1, 245, 0, 23], [44, 0, 0, 30, 99, 227], [0, 88, 203, 0, 0, 109], [8, 0, 4, 6, 128, 254], [0, 0, 46, 0, 34, 320], [21, 0, 13, 32, 203, 131]]
traning started for  9 epoch
epoch 9 loss: 0.0352387428284
validation accuracy :  0.925972222222
validation class_total [1200.0, 1200.0, 1200.0, 1200.0, 1200.0, 1200.0]
validation class_correct [1089.0, 985.0, 1143.0, 1086.0, 1167.0, 1197.0]
validation confusion_matrix [[1089, 0, 0, 18, 82, 11], [0, 985, 71, 4, 10, 130], [0, 0, 1143, 0, 3, 54], [26, 1, 0, 1086, 0, 87], [6, 0, 0, 0, 1167, 27], [1, 0, 0, 0, 2, 1197]]
test accuracy :  0.179583333333
class_total [400.0, 400.0, 400.0, 400.0, 400.0, 400.0]
class_correct [35.0, 0.0, 180.0, 0.0, 42.0, 174.0]
confusion_matrix [[35, 28, 4, 75, 28, 230], [14, 0, 0, 2, 50, 334], [0, 2, 180, 0, 3, 215], [54, 0, 0, 0, 93, 253], [0, 0, 8, 0, 42, 350], [2, 0, 13, 9, 202, 174]]
traning started for  10 epoch
epoch 10 loss: 0.0747170448303
validation accuracy :  0.956527777778
validation class_total [1200.0, 1200.0, 1200.0, 1200.0, 1200.0, 1200.0]
validation class_correct [1103.0, 1146.0, 1195.0, 1062.0, 1184.0, 1197.0]
validation confusion_matrix [[1103, 2, 0, 27, 68, 0], [0, 1146, 31, 0, 2, 21], [0, 0, 1195, 0, 4, 1], [37, 1, 0, 1062, 4, 96], [7, 0, 6, 0, 1184, 3], [1, 0, 0, 0, 2, 1197]]
test accuracy :  0.210833333333
class_total [400.0, 400.0, 400.0, 400.0, 400.0, 400.0]
class_correct [43.0, 0.0, 289.0, 0.0, 97.0, 77.0]
confusion_matrix [[43, 99, 46, 63, 34, 115], [10, 0, 1, 0, 144, 245], [0, 6, 289, 0, 1, 104], [18, 0, 0, 0, 123, 259], [2, 0, 21, 0, 97, 280], [5, 0, 30, 3, 285, 77]]
traning started for  11 epoch
epoch 11 loss: 0.0204668045044
validation accuracy :  0.955694444444
validation class_total [1200.0, 1200.0, 1200.0, 1200.0, 1200.0, 1200.0]
validation class_correct [972.0, 1187.0, 1189.0, 1166.0, 1168.0, 1199.0]
validation confusion_matrix [[972, 2, 0, 139, 81, 6], [0, 1187, 7, 4, 0, 2], [0, 2, 1189, 0, 1, 8], [0, 9, 0, 1166, 0, 25], [2, 0, 7, 0, 1168, 23], [0, 0, 0, 0, 1, 1199]]
test accuracy :  0.1825
class_total [400.0, 400.0, 400.0, 400.0, 400.0, 400.0]
class_correct [0.0, 0.0, 202.0, 7.0, 21.0, 208.0]
confusion_matrix [[0, 280, 19, 42, 2, 57], [1, 0, 7, 2, 77, 313], [0, 70, 202, 0, 0, 128], [0, 1, 4, 7, 120, 268], [0, 0, 58, 0, 21, 321], [0, 0, 65, 10, 117, 208]]
traning started for  12 epoch
epoch 12 loss: 0.13898229599
validation accuracy :  0.954722222222
validation class_total [1200.0, 1200.0, 1200.0, 1200.0, 1200.0, 1200.0]
validation class_correct [1046.0, 1199.0, 1183.0, 1173.0, 1105.0, 1168.0]
validation confusion_matrix [[1046, 15, 0, 61, 77, 1], [0, 1199, 0, 1, 0, 0], [0, 17, 1183, 0, 0, 0], [3, 22, 0, 1173, 0, 2], [7, 4, 74, 1, 1105, 9], [0, 29, 1, 2, 0, 1168]]
test accuracy :  0.1175
class_total [400.0, 400.0, 400.0, 400.0, 400.0, 400.0]
class_correct [0.0, 2.0, 136.0, 10.0, 11.0, 123.0]
confusion_matrix [[0, 354, 4, 42, 0, 0], [0, 2, 45, 5, 90, 258], [0, 256, 136, 0, 0, 8], [5, 1, 21, 10, 105, 258], [0, 2, 122, 0, 11, 265], [1, 7, 106, 31, 132, 123]]
traning started for  13 epoch
epoch 13 loss: 0.19452548027
validation accuracy :  0.992361111111
validation class_total [1200.0, 1200.0, 1200.0, 1200.0, 1200.0, 1200.0]
validation class_correct [1185.0, 1188.0, 1199.0, 1190.0, 1190.0, 1193.0]
validation confusion_matrix [[1185, 0, 0, 4, 11, 0], [2, 1188, 5, 1, 3, 1], [0, 1, 1199, 0, 0, 0], [4, 1, 0, 1190, 1, 4], [2, 0, 5, 0, 1190, 3], [0, 0, 2, 0, 5, 1193]]
test accuracy :  0.166666666667
class_total [400.0, 400.0, 400.0, 400.0, 400.0, 400.0]
class_correct [40.0, 0.0, 242.0, 7.0, 60.0, 51.0]
confusion_matrix [[40, 153, 7, 165, 12, 23], [10, 0, 19, 2, 194, 175], [0, 91, 242, 0, 2, 65], [36, 0, 5, 7, 129, 223], [1, 0, 111, 0, 60, 228], [4, 0, 58, 4, 283, 51]]
traning started for  14 epoch
epoch 14 loss: 0.00758934020996
validation accuracy :  0.992083333333
validation class_total [1200.0, 1200.0, 1200.0, 1200.0, 1200.0, 1200.0]
validation class_correct [1178.0, 1199.0, 1198.0, 1182.0, 1190.0, 1196.0]
validation confusion_matrix [[1178, 0, 0, 9, 12, 1], [0, 1199, 0, 1, 0, 0], [0, 2, 1198, 0, 0, 0], [8, 6, 1, 1182, 1, 2], [2, 0, 5, 0, 1190, 3], [0, 0, 2, 1, 1, 1196]]
test accuracy :  0.18625
class_total [400.0, 400.0, 400.0, 400.0, 400.0, 400.0]
class_correct [8.0, 0.0, 226.0, 9.0, 139.0, 65.0]
confusion_matrix [[8, 251, 11, 106, 12, 12], [8, 0, 32, 2, 180, 178], [0, 157, 226, 0, 0, 17], [23, 2, 3, 9, 96, 267], [1, 0, 101, 1, 139, 158], [4, 1, 49, 5, 276, 65]]
traning started for  15 epoch
epoch 15 loss: 0.0164861679077
validation accuracy :  0.958333333333
validation class_total [1200.0, 1200.0, 1200.0, 1200.0, 1200.0, 1200.0]
validation class_correct [1110.0, 1123.0, 1198.0, 1089.0, 1183.0, 1197.0]
validation confusion_matrix [[1110, 0, 0, 10, 79, 1], [0, 1123, 41, 0, 7, 29], [0, 0, 1198, 0, 0, 2], [8, 0, 2, 1089, 4, 97], [0, 0, 8, 0, 1183, 9], [0, 0, 2, 0, 1, 1197]]
test accuracy :  0.254166666667
class_total [400.0, 400.0, 400.0, 400.0, 400.0, 400.0]
class_correct [18.0, 0.0, 254.0, 2.0, 90.0, 246.0]
confusion_matrix [[18, 85, 42, 73, 28, 154], [3, 0, 44, 0, 221, 132], [0, 16, 254, 0, 1, 129], [3, 0, 1, 2, 148, 246], [0, 0, 236, 0, 90, 74], [3, 1, 57, 3, 90, 246]]
traning started for  16 epoch
epoch 16 loss: 0.0866270065308
validation accuracy :  0.978333333333
validation class_total [1200.0, 1200.0, 1200.0, 1200.0, 1200.0, 1200.0]
validation class_correct [1190.0, 1196.0, 1192.0, 1197.0, 1073.0, 1196.0]
validation confusion_matrix [[1190, 1, 0, 6, 2, 1], [0, 1196, 0, 4, 0, 0], [0, 4, 1192, 0, 3, 1], [1, 1, 0, 1197, 0, 1], [81, 6, 5, 11, 1073, 24], [0, 0, 1, 2, 1, 1196]]
test accuracy :  0.134583333333
class_total [400.0, 400.0, 400.0, 400.0, 400.0, 400.0]
class_correct [8.0, 1.0, 133.0, 3.0, 52.0, 126.0]
confusion_matrix [[8, 167, 2, 220, 0, 3], [5, 1, 15, 2, 127, 250], [0, 171, 133, 1, 0, 95], [13, 0, 3, 3, 136, 245], [1, 1, 38, 1, 52, 307], [2, 0, 35, 13, 224, 126]]
traning started for  17 epoch
epoch 17 loss: 0.055627822876
validation accuracy :  0.930555555556
validation class_total [1200.0, 1200.0, 1200.0, 1200.0, 1200.0, 1200.0]
validation class_correct [1147.0, 1191.0, 1097.0, 1197.0, 892.0, 1176.0]
validation confusion_matrix [[1147, 1, 0, 25, 26, 1], [0, 1191, 0, 9, 0, 0], [0, 72, 1097, 2, 4, 25], [0, 3, 0, 1197, 0, 0], [112, 14, 16, 20, 892, 146], [3, 2, 0, 19, 0, 1176]]
test accuracy :  0.163333333333
class_total [400.0, 400.0, 400.0, 400.0, 400.0, 400.0]
class_correct [1.0, 0.0, 15.0, 66.0, 4.0, 306.0]
confusion_matrix [[1, 108, 0, 285, 0, 6], [22, 0, 2, 46, 11, 319], [0, 168, 15, 8, 0, 209], [46, 0, 0, 66, 6, 282], [25, 0, 0, 28, 4, 343], [1, 7, 10, 61, 15, 306]]
traning started for  18 epoch
epoch 18 loss: 0.0676467418671
validation accuracy :  0.966111111111
validation class_total [1200.0, 1200.0, 1200.0, 1200.0, 1200.0, 1200.0]
validation class_correct [1073.0, 1164.0, 1200.0, 1135.0, 1192.0, 1192.0]
validation confusion_matrix [[1073, 0, 0, 4, 118, 5], [0, 1164, 31, 0, 4, 1], [0, 0, 1200, 0, 0, 0], [16, 1, 1, 1135, 20, 27], [1, 0, 6, 0, 1192, 1], [0, 0, 2, 0, 6, 1192]]
test accuracy :  0.154166666667
class_total [400.0, 400.0, 400.0, 400.0, 400.0, 400.0]
class_correct [40.0, 0.0, 239.0, 0.0, 43.0, 48.0]
confusion_matrix [[40, 119, 68, 39, 97, 37], [0, 0, 46, 0, 266, 88], [0, 75, 239, 0, 0, 86], [0, 0, 10, 0, 145, 245], [0, 0, 121, 0, 43, 236], [0, 0, 99, 2, 251, 48]]
traning started for  19 epoch
epoch 19 loss: 0.12676024437
validation accuracy :  0.969027777778
validation class_total [1200.0, 1200.0, 1200.0, 1200.0, 1200.0, 1200.0]
validation class_correct [1111.0, 1157.0, 1196.0, 1134.0, 1193.0, 1186.0]
validation confusion_matrix [[1111, 1, 0, 9, 72, 7], [0, 1157, 34, 1, 3, 5], [0, 2, 1196, 0, 2, 0], [11, 1, 1, 1134, 4, 49], [1, 0, 2, 0, 1193, 4], [0, 0, 4, 0, 10, 1186]]
test accuracy :  0.211666666667
class_total [400.0, 400.0, 400.0, 400.0, 400.0, 400.0]
class_correct [24.0, 0.0, 297.0, 2.0, 138.0, 47.0]
confusion_matrix [[24, 113, 20, 90, 35, 118], [0, 0, 13, 0, 198, 189], [0, 5, 297, 0, 2, 96], [0, 0, 5, 2, 200, 193], [1, 0, 111, 0, 138, 150], [1, 2, 58, 19, 273, 47]]
traning started for  20 epoch
epoch 20 loss: 0.0430951118469
validation accuracy :  0.969444444444
validation class_total [1200.0, 1200.0, 1200.0, 1200.0, 1200.0, 1200.0]
validation class_correct [1040.0, 1181.0, 1192.0, 1180.0, 1193.0, 1194.0]
validation confusion_matrix [[1040, 0, 0, 12, 146, 2], [0, 1181, 15, 1, 3, 0], [0, 5, 1192, 0, 2, 1], [2, 0, 1, 1180, 3, 14], [0, 0, 2, 0, 1193, 5], [0, 0, 1, 0, 5, 1194]]
test accuracy :  0.19625
class_total [400.0, 400.0, 400.0, 400.0, 400.0, 400.0]
class_correct [1.0, 0.0, 242.0, 4.0, 107.0, 117.0]
confusion_matrix [[1, 183, 12, 156, 15, 33], [1, 0, 13, 0, 197, 189], [0, 83, 242, 0, 7, 68], [2, 0, 2, 4, 127, 265], [0, 0, 63, 0, 107, 230], [5, 0, 35, 20, 223, 117]]
traning started for  21 epoch
epoch 21 loss: 0.0353636741638
validation accuracy :  0.9825
validation class_total [1200.0, 1200.0, 1200.0, 1200.0, 1200.0, 1200.0]
validation class_correct [1136.0, 1194.0, 1198.0, 1195.0, 1157.0, 1194.0]
validation confusion_matrix [[1136, 0, 0, 23, 40, 1], [0, 1194, 3, 2, 1, 0], [0, 2, 1198, 0, 0, 0], [1, 1, 1, 1195, 0, 2], [0, 0, 23, 0, 1157, 20], [0, 0, 1, 2, 3, 1194]]
test accuracy :  0.172083333333
class_total [400.0, 400.0, 400.0, 400.0, 400.0, 400.0]
class_correct [3.0, 0.0, 167.0, 18.0, 13.0, 212.0]
confusion_matrix [[3, 204, 8, 164, 5, 16], [1, 0, 11, 1, 36, 351], [0, 145, 167, 1, 0, 87], [7, 2, 1, 18, 53, 319], [0, 0, 42, 6, 13, 339], [0, 0, 90, 11, 87, 212]]
traning started for  22 epoch
epoch 22 loss: 0.0227446556091
validation accuracy :  0.975555555556
validation class_total [1200.0, 1200.0, 1200.0, 1200.0, 1200.0, 1200.0]
validation class_correct [1122.0, 1180.0, 1195.0, 1154.0, 1189.0, 1184.0]
validation confusion_matrix [[1122, 1, 0, 5, 71, 1], [0, 1180, 16, 0, 3, 1], [0, 4, 1195, 0, 0, 1], [8, 17, 2, 1154, 5, 14], [0, 0, 7, 0, 1189, 4], [0, 3, 2, 0, 11, 1184]]
test accuracy :  0.1575
class_total [400.0, 400.0, 400.0, 400.0, 400.0, 400.0]
class_correct [20.0, 0.0, 184.0, 1.0, 47.0, 126.0]
confusion_matrix [[20, 206, 12, 108, 18, 36], [2, 0, 10, 0, 213, 175], [0, 85, 184, 0, 0, 131], [7, 0, 3, 1, 171, 218], [0, 0, 106, 0, 47, 247], [1, 0, 91, 6, 176, 126]]
traning started for  23 epoch
epoch 23 loss: 0.0284104347229
validation accuracy :  0.938055555556
validation class_total [1200.0, 1200.0, 1200.0, 1200.0, 1200.0, 1200.0]
validation class_correct [1017.0, 1144.0, 1200.0, 1043.0, 1157.0, 1193.0]
validation confusion_matrix [[1017, 0, 2, 1, 174, 6], [0, 1144, 48, 0, 3, 5], [0, 0, 1200, 0, 0, 0], [2, 7, 1, 1043, 8, 139], [0, 0, 26, 0, 1157, 17], [0, 0, 4, 0, 3, 1193]]
test accuracy :  0.18875
class_total [400.0, 400.0, 400.0, 400.0, 400.0, 400.0]
class_correct [2.0, 0.0, 232.0, 0.0, 72.0, 147.0]
confusion_matrix [[2, 109, 115, 31, 76, 67], [1, 0, 45, 0, 197, 157], [0, 3, 232, 0, 1, 164], [0, 0, 3, 0, 81, 316], [0, 0, 140, 0, 72, 188], [0, 3, 84, 13, 153, 147]]
traning started for  24 epoch
epoch 24 loss: 0.0971436500549
validation accuracy :  0.924861111111
validation class_total [1200.0, 1200.0, 1200.0, 1200.0, 1200.0, 1200.0]
validation class_correct [1156.0, 1177.0, 1186.0, 1058.0, 1038.0, 1044.0]
validation confusion_matrix [[1156, 2, 0, 3, 39, 0], [0, 1177, 21, 2, 0, 0], [0, 13, 1186, 0, 1, 0], [35, 83, 6, 1058, 5, 13], [11, 8, 130, 1, 1038, 12], [1, 8, 143, 0, 4, 1044]]
test accuracy :  0.229583333333
class_total [400.0, 400.0, 400.0, 400.0, 400.0, 400.0]
class_correct [22.0, 1.0, 382.0, 2.0, 118.0, 26.0]
confusion_matrix [[22, 322, 26, 24, 5, 1], [0, 1, 176, 0, 190, 33], [0, 17, 382, 0, 1, 0], [8, 2, 84, 2, 131, 173], [1, 0, 261, 0, 118, 20], [1, 21, 309, 9, 34, 26]]
traning started for  25 epoch
epoch 25 loss: 0.18022608757
validation accuracy :  0.981388888889
validation class_total [1200.0, 1200.0, 1200.0, 1200.0, 1200.0, 1200.0]
validation class_correct [1114.0, 1188.0, 1195.0, 1190.0, 1193.0, 1186.0]
validation confusion_matrix [[1114, 0, 0, 63, 22, 1], [0, 1188, 6, 4, 2, 0], [0, 1, 1195, 0, 2, 2], [4, 0, 1, 1190, 0, 5], [2, 0, 3, 0, 1193, 2], [0, 0, 1, 2, 11, 1186]]
test accuracy :  0.237083333333
class_total [400.0, 400.0, 400.0, 400.0, 400.0, 400.0]
class_correct [31.0, 0.0, 223.0, 1.0, 59.0, 255.0]
confusion_matrix [[31, 63, 8, 278, 12, 8], [2, 0, 49, 0, 210, 139], [0, 70, 223, 0, 1, 106], [5, 0, 7, 1, 182, 205], [0, 0, 148, 0, 59, 193], [0, 2, 32, 36, 75, 255]]
traning started for  26 epoch
