cuda
Training started
traning started for  1 epoch
epoch 1 loss: 0.0526466369629
validation accuracy :  0.886666666667
validation class_total [1200.0, 1200.0, 1200.0, 1200.0, 1200.0, 1200.0]
validation class_correct [896.0, 921.0, 1199.0, 1179.0, 1106.0, 1083.0]
validation confusion_matrix [[896, 0, 0, 91, 175, 38], [0, 921, 106, 0, 5, 168], [0, 0, 1199, 0, 0, 1], [0, 0, 0, 1179, 10, 11], [0, 0, 75, 1, 1106, 18], [2, 0, 36, 74, 5, 1083]]
test accuracy :  0.195416666667
class_total [400.0, 400.0, 400.0, 400.0, 400.0, 400.0]
class_correct [2.0, 0.0, 375.0, 28.0, 22.0, 42.0]
confusion_matrix [[2, 0, 28, 24, 8, 338], [4, 0, 7, 49, 108, 232], [0, 0, 375, 0, 3, 22], [5, 0, 5, 28, 185, 177], [0, 0, 153, 1, 22, 224], [0, 0, 125, 33, 200, 42]]
traning started for  2 epoch
epoch 2 loss: 0.0148248672485
validation accuracy :  0.900138888889
validation class_total [1200.0, 1200.0, 1200.0, 1200.0, 1200.0, 1200.0]
validation class_correct [1056.0, 655.0, 1198.0, 1183.0, 1196.0, 1193.0]
validation confusion_matrix [[1056, 0, 0, 19, 118, 7], [0, 655, 83, 0, 17, 445], [0, 0, 1198, 0, 2, 0], [0, 0, 0, 1183, 8, 9], [0, 0, 2, 0, 1196, 2], [0, 0, 2, 1, 4, 1193]]
test accuracy :  0.1525
class_total [400.0, 400.0, 400.0, 400.0, 400.0, 400.0]
class_correct [1.0, 0.0, 286.0, 10.0, 59.0, 10.0]
confusion_matrix [[1, 0, 4, 17, 2, 376], [0, 0, 5, 11, 178, 206], [0, 0, 286, 0, 11, 103], [0, 0, 3, 10, 217, 170], [0, 0, 192, 1, 59, 148], [0, 0, 41, 24, 325, 10]]
traning started for  3 epoch
epoch 3 loss: 0.000213623046875
validation accuracy :  0.996666666667
validation class_total [1200.0, 1200.0, 1200.0, 1200.0, 1200.0, 1200.0]
validation class_correct [1192.0, 1197.0, 1199.0, 1195.0, 1199.0, 1194.0]
validation confusion_matrix [[1192, 0, 0, 1, 7, 0], [1, 1197, 1, 0, 1, 0], [0, 0, 1199, 0, 0, 1], [0, 0, 0, 1195, 4, 1], [1, 0, 0, 0, 1199, 0], [1, 0, 0, 0, 5, 1194]]
test accuracy :  0.171666666667
class_total [400.0, 400.0, 400.0, 400.0, 400.0, 400.0]
class_correct [32.0, 0.0, 320.0, 22.0, 18.0, 20.0]
confusion_matrix [[32, 14, 10, 42, 13, 289], [23, 0, 0, 24, 80, 273], [0, 10, 320, 0, 2, 68], [14, 0, 1, 22, 250, 113], [0, 0, 88, 1, 18, 293], [2, 0, 24, 30, 324, 20]]
traning started for  4 epoch
epoch 4 loss: 0.00233268737793
validation accuracy :  0.998888888889
validation class_total [1200.0, 1200.0, 1200.0, 1200.0, 1200.0, 1200.0]
validation class_correct [1198.0, 1200.0, 1199.0, 1199.0, 1198.0, 1198.0]
validation confusion_matrix [[1198, 0, 0, 1, 0, 1], [0, 1200, 0, 0, 0, 0], [0, 1, 1199, 0, 0, 0], [1, 0, 0, 1199, 0, 0], [0, 1, 0, 0, 1198, 1], [1, 0, 0, 0, 1, 1198]]
test accuracy :  0.205833333333
class_total [400.0, 400.0, 400.0, 400.0, 400.0, 400.0]
class_correct [39.0, 0.0, 321.0, 15.0, 105.0, 14.0]
confusion_matrix [[39, 49, 6, 29, 2, 275], [32, 0, 1, 53, 84, 230], [0, 36, 321, 0, 7, 36], [22, 0, 1, 15, 188, 174], [1, 0, 147, 27, 105, 120], [2, 0, 32, 126, 226, 14]]
traning started for  5 epoch
epoch 5 loss: 0.000614166259766
validation accuracy :  0.989861111111
validation class_total [1200.0, 1200.0, 1200.0, 1200.0, 1200.0, 1200.0]
validation class_correct [1165.0, 1198.0, 1200.0, 1168.0, 1196.0, 1200.0]
validation confusion_matrix [[1165, 1, 0, 4, 13, 17], [0, 1198, 0, 0, 1, 1], [0, 0, 1200, 0, 0, 0], [0, 0, 0, 1168, 1, 31], [0, 0, 2, 0, 1196, 2], [0, 0, 0, 0, 0, 1200]]
test accuracy :  0.17375
class_total [400.0, 400.0, 400.0, 400.0, 400.0, 400.0]
class_correct [3.0, 0.0, 257.0, 2.0, 74.0, 81.0]
confusion_matrix [[3, 52, 9, 10, 0, 326], [16, 0, 0, 5, 90, 289], [0, 13, 257, 0, 13, 117], [4, 0, 1, 2, 197, 196], [0, 1, 56, 0, 74, 269], [2, 0, 62, 26, 229, 81]]
traning started for  6 epoch
epoch 6 loss: 0.00973892211914
validation accuracy :  0.999444444444
validation class_total [1200.0, 1200.0, 1200.0, 1200.0, 1200.0, 1200.0]
validation class_correct [1198.0, 1200.0, 1200.0, 1198.0, 1200.0, 1200.0]
validation confusion_matrix [[1198, 0, 0, 1, 1, 0], [0, 1200, 0, 0, 0, 0], [0, 0, 1200, 0, 0, 0], [0, 0, 0, 1198, 0, 2], [0, 0, 0, 0, 1200, 0], [0, 0, 0, 0, 0, 1200]]
test accuracy :  0.2325
class_total [400.0, 400.0, 400.0, 400.0, 400.0, 400.0]
class_correct [21.0, 0.0, 339.0, 6.0, 172.0, 20.0]
confusion_matrix [[21, 13, 6, 39, 4, 317], [12, 0, 0, 12, 162, 214], [0, 27, 339, 0, 9, 25], [5, 0, 0, 6, 236, 153], [2, 0, 61, 6, 172, 159], [0, 0, 39, 37, 304, 20]]
traning started for  7 epoch
epoch 7 loss: 0.000767707824707
validation accuracy :  1.0
validation class_total [1200.0, 1200.0, 1200.0, 1200.0, 1200.0, 1200.0]
validation class_correct [1200.0, 1200.0, 1200.0, 1200.0, 1200.0, 1200.0]
validation confusion_matrix [[1200, 0, 0, 0, 0, 0], [0, 1200, 0, 0, 0, 0], [0, 0, 1200, 0, 0, 0], [0, 0, 0, 1200, 0, 0], [0, 0, 0, 0, 1200, 0], [0, 0, 0, 0, 0, 1200]]
test accuracy :  0.224166666667
class_total [400.0, 400.0, 400.0, 400.0, 400.0, 400.0]
class_correct [42.0, 0.0, 357.0, 11.0, 110.0, 18.0]
confusion_matrix [[42, 36, 8, 113, 4, 197], [13, 0, 0, 42, 143, 202], [0, 19, 357, 0, 3, 21], [7, 0, 4, 11, 212, 166], [1, 0, 103, 8, 110, 178], [0, 0, 63, 81, 238, 18]]
traning started for  8 epoch
epoch 8 loss: 0.00052547454834
validation accuracy :  1.0
validation class_total [1200.0, 1200.0, 1200.0, 1200.0, 1200.0, 1200.0]
validation class_correct [1200.0, 1200.0, 1200.0, 1200.0, 1200.0, 1200.0]
validation confusion_matrix [[1200, 0, 0, 0, 0, 0], [0, 1200, 0, 0, 0, 0], [0, 0, 1200, 0, 0, 0], [0, 0, 0, 1200, 0, 0], [0, 0, 0, 0, 1200, 0], [0, 0, 0, 0, 0, 1200]]
test accuracy :  0.222083333333
class_total [400.0, 400.0, 400.0, 400.0, 400.0, 400.0]
class_correct [38.0, 0.0, 353.0, 11.0, 108.0, 23.0]
confusion_matrix [[38, 41, 7, 119, 5, 190], [18, 0, 0, 51, 121, 210], [0, 19, 353, 0, 5, 23], [14, 0, 2, 11, 202, 171], [2, 0, 82, 11, 108, 197], [0, 0, 60, 78, 239, 23]]
traning started for  9 epoch
epoch 9 loss: 0.00037670135498
validation accuracy :  1.0
validation class_total [1200.0, 1200.0, 1200.0, 1200.0, 1200.0, 1200.0]
validation class_correct [1200.0, 1200.0, 1200.0, 1200.0, 1200.0, 1200.0]
validation confusion_matrix [[1200, 0, 0, 0, 0, 0], [0, 1200, 0, 0, 0, 0], [0, 0, 1200, 0, 0, 0], [0, 0, 0, 1200, 0, 0], [0, 0, 0, 0, 1200, 0], [0, 0, 0, 0, 0, 1200]]
test accuracy :  0.219583333333
class_total [400.0, 400.0, 400.0, 400.0, 400.0, 400.0]
class_correct [35.0, 0.0, 357.0, 11.0, 101.0, 23.0]
confusion_matrix [[35, 42, 8, 121, 5, 189], [19, 0, 0, 52, 117, 212], [0, 16, 357, 0, 5, 22], [14, 0, 2, 11, 200, 173], [2, 0, 81, 12, 101, 204], [0, 0, 56, 80, 241, 23]]
traning started for  10 epoch
epoch 10 loss: 0.000300407409668
validation accuracy :  1.0
validation class_total [1200.0, 1200.0, 1200.0, 1200.0, 1200.0, 1200.0]
validation class_correct [1200.0, 1200.0, 1200.0, 1200.0, 1200.0, 1200.0]
validation confusion_matrix [[1200, 0, 0, 0, 0, 0], [0, 1200, 0, 0, 0, 0], [0, 0, 1200, 0, 0, 0], [0, 0, 0, 1200, 0, 0], [0, 0, 0, 0, 1200, 0], [0, 0, 0, 0, 0, 1200]]
test accuracy :  0.219583333333
class_total [400.0, 400.0, 400.0, 400.0, 400.0, 400.0]
class_correct [35.0, 0.0, 357.0, 12.0, 99.0, 24.0]
confusion_matrix [[35, 44, 10, 123, 4, 184], [19, 0, 0, 53, 113, 215], [0, 16, 357, 0, 5, 22], [14, 0, 2, 12, 199, 173], [2, 0, 80, 12, 99, 207], [1, 0, 55, 79, 241, 24]]
traning started for  11 epoch
epoch 11 loss: 0.000247955322266
validation accuracy :  1.0
validation class_total [1200.0, 1200.0, 1200.0, 1200.0, 1200.0, 1200.0]
validation class_correct [1200.0, 1200.0, 1200.0, 1200.0, 1200.0, 1200.0]
validation confusion_matrix [[1200, 0, 0, 0, 0, 0], [0, 1200, 0, 0, 0, 0], [0, 0, 1200, 0, 0, 0], [0, 0, 0, 1200, 0, 0], [0, 0, 0, 0, 1200, 0], [0, 0, 0, 0, 0, 1200]]
test accuracy :  0.21875
class_total [400.0, 400.0, 400.0, 400.0, 400.0, 400.0]
class_correct [34.0, 0.0, 357.0, 12.0, 97.0, 25.0]
confusion_matrix [[34, 45, 11, 123, 4, 183], [19, 0, 0, 53, 111, 217], [0, 16, 357, 0, 5, 22], [14, 0, 2, 12, 198, 174], [2, 0, 78, 12, 97, 211], [1, 0, 54, 79, 241, 25]]
traning started for  12 epoch
epoch 12 loss: 0.000210762023926
validation accuracy :  1.0
validation class_total [1200.0, 1200.0, 1200.0, 1200.0, 1200.0, 1200.0]
validation class_correct [1200.0, 1200.0, 1200.0, 1200.0, 1200.0, 1200.0]
validation confusion_matrix [[1200, 0, 0, 0, 0, 0], [0, 1200, 0, 0, 0, 0], [0, 0, 1200, 0, 0, 0], [0, 0, 0, 1200, 0, 0], [0, 0, 0, 0, 1200, 0], [0, 0, 0, 0, 0, 1200]]
test accuracy :  0.218333333333
class_total [400.0, 400.0, 400.0, 400.0, 400.0, 400.0]
class_correct [34.0, 0.0, 357.0, 12.0, 96.0, 25.0]
confusion_matrix [[34, 47, 11, 123, 4, 181], [19, 0, 0, 53, 110, 218], [0, 16, 357, 0, 5, 22], [14, 0, 2, 12, 198, 174], [2, 0, 78, 12, 96, 212], [1, 0, 53, 80, 241, 25]]
traning started for  13 epoch
epoch 13 loss: 0.000184059143066
validation accuracy :  1.0
validation class_total [1200.0, 1200.0, 1200.0, 1200.0, 1200.0, 1200.0]
validation class_correct [1200.0, 1200.0, 1200.0, 1200.0, 1200.0, 1200.0]
validation confusion_matrix [[1200, 0, 0, 0, 0, 0], [0, 1200, 0, 0, 0, 0], [0, 0, 1200, 0, 0, 0], [0, 0, 0, 1200, 0, 0], [0, 0, 0, 0, 1200, 0], [0, 0, 0, 0, 0, 1200]]
test accuracy :  0.218333333333
class_total [400.0, 400.0, 400.0, 400.0, 400.0, 400.0]
class_correct [34.0, 0.0, 358.0, 12.0, 95.0, 25.0]
confusion_matrix [[34, 47, 12, 123, 4, 180], [19, 0, 0, 54, 109, 218], [0, 16, 358, 0, 5, 21], [14, 0, 2, 12, 198, 174], [2, 0, 78, 12, 95, 213], [1, 0, 53, 81, 240, 25]]
traning started for  14 epoch
epoch 14 loss: 0.000163078308105
validation accuracy :  1.0
validation class_total [1200.0, 1200.0, 1200.0, 1200.0, 1200.0, 1200.0]
validation class_correct [1200.0, 1200.0, 1200.0, 1200.0, 1200.0, 1200.0]
validation confusion_matrix [[1200, 0, 0, 0, 0, 0], [0, 1200, 0, 0, 0, 0], [0, 0, 1200, 0, 0, 0], [0, 0, 0, 1200, 0, 0], [0, 0, 0, 0, 1200, 0], [0, 0, 0, 0, 0, 1200]]
test accuracy :  0.216666666667
class_total [400.0, 400.0, 400.0, 400.0, 400.0, 400.0]
class_correct [34.0, 0.0, 358.0, 12.0, 91.0, 25.0]
confusion_matrix [[34, 48, 12, 123, 4, 179], [19, 0, 0, 54, 108, 219], [0, 16, 358, 0, 4, 22], [14, 0, 2, 12, 198, 174], [2, 0, 77, 12, 91, 218], [1, 0, 52, 81, 241, 25]]
traning started for  15 epoch
epoch 15 loss: 0.00014591217041
validation accuracy :  1.0
validation class_total [1200.0, 1200.0, 1200.0, 1200.0, 1200.0, 1200.0]
validation class_correct [1200.0, 1200.0, 1200.0, 1200.0, 1200.0, 1200.0]
validation confusion_matrix [[1200, 0, 0, 0, 0, 0], [0, 1200, 0, 0, 0, 0], [0, 0, 1200, 0, 0, 0], [0, 0, 0, 1200, 0, 0], [0, 0, 0, 0, 1200, 0], [0, 0, 0, 0, 0, 1200]]
test accuracy :  0.215416666667
class_total [400.0, 400.0, 400.0, 400.0, 400.0, 400.0]
class_correct [33.0, 0.0, 357.0, 12.0, 90.0, 25.0]
confusion_matrix [[33, 48, 12, 124, 4, 179], [18, 0, 0, 54, 108, 220], [0, 17, 357, 0, 4, 22], [14, 0, 2, 12, 197, 175], [2, 0, 76, 12, 90, 220], [1, 0, 52, 80, 242, 25]]
traning started for  16 epoch
epoch 16 loss: 0.00013256072998
validation accuracy :  1.0
validation class_total [1200.0, 1200.0, 1200.0, 1200.0, 1200.0, 1200.0]
validation class_correct [1200.0, 1200.0, 1200.0, 1200.0, 1200.0, 1200.0]
validation confusion_matrix [[1200, 0, 0, 0, 0, 0], [0, 1200, 0, 0, 0, 0], [0, 0, 1200, 0, 0, 0], [0, 0, 0, 1200, 0, 0], [0, 0, 0, 0, 1200, 0], [0, 0, 0, 0, 0, 1200]]
test accuracy :  0.215416666667
class_total [400.0, 400.0, 400.0, 400.0, 400.0, 400.0]
class_correct [33.0, 0.0, 357.0, 12.0, 90.0, 25.0]
confusion_matrix [[33, 48, 12, 125, 4, 178], [18, 0, 0, 54, 107, 221], [0, 17, 357, 0, 4, 22], [14, 0, 2, 12, 198, 174], [2, 0, 76, 13, 90, 219], [1, 0, 52, 80, 242, 25]]
traning started for  17 epoch
epoch 17 loss: 0.000121116638184
validation accuracy :  1.0
validation class_total [1200.0, 1200.0, 1200.0, 1200.0, 1200.0, 1200.0]
validation class_correct [1200.0, 1200.0, 1200.0, 1200.0, 1200.0, 1200.0]
validation confusion_matrix [[1200, 0, 0, 0, 0, 0], [0, 1200, 0, 0, 0, 0], [0, 0, 1200, 0, 0, 0], [0, 0, 0, 1200, 0, 0], [0, 0, 0, 0, 1200, 0], [0, 0, 0, 0, 0, 1200]]
test accuracy :  0.215416666667
class_total [400.0, 400.0, 400.0, 400.0, 400.0, 400.0]
class_correct [33.0, 0.0, 357.0, 12.0, 90.0, 25.0]
confusion_matrix [[33, 48, 12, 125, 4, 178], [18, 0, 0, 54, 107, 221], [0, 17, 357, 0, 4, 22], [14, 0, 2, 12, 198, 174], [2, 0, 76, 13, 90, 219], [1, 0, 52, 80, 242, 25]]
traning started for  18 epoch
epoch 18 loss: 0.00011157989502
validation accuracy :  1.0
validation class_total [1200.0, 1200.0, 1200.0, 1200.0, 1200.0, 1200.0]
validation class_correct [1200.0, 1200.0, 1200.0, 1200.0, 1200.0, 1200.0]
validation confusion_matrix [[1200, 0, 0, 0, 0, 0], [0, 1200, 0, 0, 0, 0], [0, 0, 1200, 0, 0, 0], [0, 0, 0, 1200, 0, 0], [0, 0, 0, 0, 1200, 0], [0, 0, 0, 0, 0, 1200]]
test accuracy :  0.215
class_total [400.0, 400.0, 400.0, 400.0, 400.0, 400.0]
class_correct [33.0, 0.0, 357.0, 12.0, 89.0, 25.0]
confusion_matrix [[33, 49, 12, 125, 4, 177], [18, 0, 0, 54, 106, 222], [0, 17, 357, 0, 4, 22], [14, 0, 2, 12, 198, 174], [2, 0, 76, 13, 89, 220], [1, 0, 52, 80, 242, 25]]
traning started for  19 epoch
epoch 19 loss: 0.000102996826172
validation accuracy :  1.0
validation class_total [1200.0, 1200.0, 1200.0, 1200.0, 1200.0, 1200.0]
validation class_correct [1200.0, 1200.0, 1200.0, 1200.0, 1200.0, 1200.0]
validation confusion_matrix [[1200, 0, 0, 0, 0, 0], [0, 1200, 0, 0, 0, 0], [0, 0, 1200, 0, 0, 0], [0, 0, 0, 1200, 0, 0], [0, 0, 0, 0, 1200, 0], [0, 0, 0, 0, 0, 1200]]
test accuracy :  0.214166666667
class_total [400.0, 400.0, 400.0, 400.0, 400.0, 400.0]
class_correct [33.0, 0.0, 357.0, 12.0, 87.0, 25.0]
confusion_matrix [[33, 49, 12, 125, 4, 177], [18, 0, 0, 53, 106, 223], [0, 17, 357, 0, 4, 22], [14, 0, 2, 12, 198, 174], [2, 0, 76, 13, 87, 222], [1, 0, 53, 80, 241, 25]]
traning started for  20 epoch
epoch 20 loss: 9.6321105957e-05
validation accuracy :  1.0
validation class_total [1200.0, 1200.0, 1200.0, 1200.0, 1200.0, 1200.0]
validation class_correct [1200.0, 1200.0, 1200.0, 1200.0, 1200.0, 1200.0]
validation confusion_matrix [[1200, 0, 0, 0, 0, 0], [0, 1200, 0, 0, 0, 0], [0, 0, 1200, 0, 0, 0], [0, 0, 0, 1200, 0, 0], [0, 0, 0, 0, 1200, 0], [0, 0, 0, 0, 0, 1200]]
test accuracy :  0.213333333333
class_total [400.0, 400.0, 400.0, 400.0, 400.0, 400.0]
class_correct [33.0, 0.0, 356.0, 12.0, 87.0, 24.0]
confusion_matrix [[33, 49, 12, 125, 4, 177], [18, 0, 0, 53, 106, 223], [0, 17, 356, 0, 4, 23], [14, 0, 2, 12, 198, 174], [2, 0, 77, 13, 87, 221], [1, 0, 53, 80, 242, 24]]
traning started for  21 epoch
epoch 21 loss: 8.96453857422e-05
validation accuracy :  1.0
validation class_total [1200.0, 1200.0, 1200.0, 1200.0, 1200.0, 1200.0]
validation class_correct [1200.0, 1200.0, 1200.0, 1200.0, 1200.0, 1200.0]
validation confusion_matrix [[1200, 0, 0, 0, 0, 0], [0, 1200, 0, 0, 0, 0], [0, 0, 1200, 0, 0, 0], [0, 0, 0, 1200, 0, 0], [0, 0, 0, 0, 1200, 0], [0, 0, 0, 0, 0, 1200]]
test accuracy :  0.212916666667
class_total [400.0, 400.0, 400.0, 400.0, 400.0, 400.0]
class_correct [33.0, 0.0, 356.0, 12.0, 86.0, 24.0]
confusion_matrix [[33, 49, 12, 125, 4, 177], [18, 0, 0, 53, 106, 223], [0, 17, 356, 0, 4, 23], [14, 0, 2, 12, 198, 174], [2, 0, 77, 13, 86, 222], [1, 0, 53, 80, 242, 24]]
traning started for  22 epoch
epoch 22 loss: 8.48770141602e-05
validation accuracy :  1.0
validation class_total [1200.0, 1200.0, 1200.0, 1200.0, 1200.0, 1200.0]
validation class_correct [1200.0, 1200.0, 1200.0, 1200.0, 1200.0, 1200.0]
validation confusion_matrix [[1200, 0, 0, 0, 0, 0], [0, 1200, 0, 0, 0, 0], [0, 0, 1200, 0, 0, 0], [0, 0, 0, 1200, 0, 0], [0, 0, 0, 0, 1200, 0], [0, 0, 0, 0, 0, 1200]]
test accuracy :  0.2125
class_total [400.0, 400.0, 400.0, 400.0, 400.0, 400.0]
class_correct [33.0, 0.0, 355.0, 12.0, 86.0, 24.0]
confusion_matrix [[33, 49, 12, 126, 4, 176], [18, 0, 0, 53, 105, 224], [0, 18, 355, 0, 4, 23], [14, 0, 2, 12, 198, 174], [2, 0, 77, 13, 86, 222], [1, 0, 53, 80, 242, 24]]
traning started for  23 epoch
epoch 23 loss: 8.01086425781e-05
validation accuracy :  1.0
validation class_total [1200.0, 1200.0, 1200.0, 1200.0, 1200.0, 1200.0]
validation class_correct [1200.0, 1200.0, 1200.0, 1200.0, 1200.0, 1200.0]
validation confusion_matrix [[1200, 0, 0, 0, 0, 0], [0, 1200, 0, 0, 0, 0], [0, 0, 1200, 0, 0, 0], [0, 0, 0, 1200, 0, 0], [0, 0, 0, 0, 1200, 0], [0, 0, 0, 0, 0, 1200]]
test accuracy :  0.211666666667
class_total [400.0, 400.0, 400.0, 400.0, 400.0, 400.0]
class_correct [33.0, 0.0, 355.0, 12.0, 84.0, 24.0]
confusion_matrix [[33, 49, 12, 126, 4, 176], [18, 0, 0, 53, 105, 224], [0, 18, 355, 0, 4, 23], [14, 0, 2, 12, 198, 174], [2, 0, 77, 13, 84, 224], [1, 0, 53, 80, 242, 24]]
traning started for  24 epoch
epoch 24 loss: 7.53402709961e-05
validation accuracy :  1.0
validation class_total [1200.0, 1200.0, 1200.0, 1200.0, 1200.0, 1200.0]
validation class_correct [1200.0, 1200.0, 1200.0, 1200.0, 1200.0, 1200.0]
validation confusion_matrix [[1200, 0, 0, 0, 0, 0], [0, 1200, 0, 0, 0, 0], [0, 0, 1200, 0, 0, 0], [0, 0, 0, 1200, 0, 0], [0, 0, 0, 0, 1200, 0], [0, 0, 0, 0, 0, 1200]]
test accuracy :  0.211666666667
class_total [400.0, 400.0, 400.0, 400.0, 400.0, 400.0]
class_correct [33.0, 0.0, 355.0, 12.0, 84.0, 24.0]
confusion_matrix [[33, 49, 12, 126, 4, 176], [17, 0, 0, 54, 104, 225], [0, 18, 355, 0, 4, 23], [14, 0, 2, 12, 199, 173], [2, 0, 77, 13, 84, 224], [1, 0, 53, 80, 242, 24]]
traning started for  25 epoch
epoch 25 loss: 7.15255737305e-05
validation accuracy :  1.0
validation class_total [1200.0, 1200.0, 1200.0, 1200.0, 1200.0, 1200.0]
validation class_correct [1200.0, 1200.0, 1200.0, 1200.0, 1200.0, 1200.0]
validation confusion_matrix [[1200, 0, 0, 0, 0, 0], [0, 1200, 0, 0, 0, 0], [0, 0, 1200, 0, 0, 0], [0, 0, 0, 1200, 0, 0], [0, 0, 0, 0, 1200, 0], [0, 0, 0, 0, 0, 1200]]
test accuracy :  0.21125
class_total [400.0, 400.0, 400.0, 400.0, 400.0, 400.0]
class_correct [33.0, 0.0, 355.0, 12.0, 83.0, 24.0]
confusion_matrix [[33, 49, 12, 126, 4, 176], [17, 0, 0, 54, 104, 225], [0, 18, 355, 0, 4, 23], [14, 0, 2, 12, 199, 173], [2, 0, 77, 13, 83, 225], [1, 0, 53, 80, 242, 24]]
traning started for  26 epoch
epoch 26 loss: 6.77108764648e-05
validation accuracy :  1.0
validation class_total [1200.0, 1200.0, 1200.0, 1200.0, 1200.0, 1200.0]
validation class_correct [1200.0, 1200.0, 1200.0, 1200.0, 1200.0, 1200.0]
validation confusion_matrix [[1200, 0, 0, 0, 0, 0], [0, 1200, 0, 0, 0, 0], [0, 0, 1200, 0, 0, 0], [0, 0, 0, 1200, 0, 0], [0, 0, 0, 0, 1200, 0], [0, 0, 0, 0, 0, 1200]]
test accuracy :  0.21125
class_total [400.0, 400.0, 400.0, 400.0, 400.0, 400.0]
class_correct [33.0, 0.0, 355.0, 12.0, 83.0, 24.0]
confusion_matrix [[33, 49, 12, 126, 4, 176], [16, 0, 0, 54, 104, 226], [0, 18, 355, 0, 4, 23], [14, 0, 2, 12, 199, 173], [2, 0, 77, 13, 83, 225], [1, 0, 53, 81, 241, 24]]
traning started for  27 epoch
epoch 27 loss: 6.48498535156e-05
validation accuracy :  1.0
validation class_total [1200.0, 1200.0, 1200.0, 1200.0, 1200.0, 1200.0]
validation class_correct [1200.0, 1200.0, 1200.0, 1200.0, 1200.0, 1200.0]
validation confusion_matrix [[1200, 0, 0, 0, 0, 0], [0, 1200, 0, 0, 0, 0], [0, 0, 1200, 0, 0, 0], [0, 0, 0, 1200, 0, 0], [0, 0, 0, 0, 1200, 0], [0, 0, 0, 0, 0, 1200]]
test accuracy :  0.210833333333
class_total [400.0, 400.0, 400.0, 400.0, 400.0, 400.0]
class_correct [33.0, 0.0, 354.0, 12.0, 83.0, 24.0]
confusion_matrix [[33, 49, 12, 126, 4, 176], [16, 0, 0, 54, 104, 226], [0, 18, 354, 0, 5, 23], [14, 0, 2, 12, 198, 174], [2, 0, 77, 13, 83, 225], [1, 0, 53, 81, 241, 24]]
traning started for  28 epoch
epoch 28 loss: 6.19888305664e-05
validation accuracy :  1.0
validation class_total [1200.0, 1200.0, 1200.0, 1200.0, 1200.0, 1200.0]
validation class_correct [1200.0, 1200.0, 1200.0, 1200.0, 1200.0, 1200.0]
validation confusion_matrix [[1200, 0, 0, 0, 0, 0], [0, 1200, 0, 0, 0, 0], [0, 0, 1200, 0, 0, 0], [0, 0, 0, 1200, 0, 0], [0, 0, 0, 0, 1200, 0], [0, 0, 0, 0, 0, 1200]]
test accuracy :  0.210833333333
class_total [400.0, 400.0, 400.0, 400.0, 400.0, 400.0]
class_correct [33.0, 0.0, 354.0, 12.0, 83.0, 24.0]
confusion_matrix [[33, 50, 12, 125, 4, 176], [16, 0, 0, 54, 104, 226], [0, 18, 354, 0, 5, 23], [14, 0, 2, 12, 198, 174], [2, 0, 77, 13, 83, 225], [1, 0, 53, 81, 241, 24]]
traning started for  29 epoch
epoch 29 loss: 5.91278076172e-05
validation accuracy :  1.0
validation class_total [1200.0, 1200.0, 1200.0, 1200.0, 1200.0, 1200.0]
validation class_correct [1200.0, 1200.0, 1200.0, 1200.0, 1200.0, 1200.0]
validation confusion_matrix [[1200, 0, 0, 0, 0, 0], [0, 1200, 0, 0, 0, 0], [0, 0, 1200, 0, 0, 0], [0, 0, 0, 1200, 0, 0], [0, 0, 0, 0, 1200, 0], [0, 0, 0, 0, 0, 1200]]
test accuracy :  0.210833333333
class_total [400.0, 400.0, 400.0, 400.0, 400.0, 400.0]
class_correct [33.0, 0.0, 354.0, 12.0, 83.0, 24.0]
confusion_matrix [[33, 51, 12, 125, 4, 175], [16, 0, 0, 54, 104, 226], [0, 18, 354, 0, 5, 23], [14, 0, 2, 12, 198, 174], [2, 0, 77, 13, 83, 225], [1, 0, 53, 81, 241, 24]]
traning started for  30 epoch
epoch 30 loss: 5.6266784668e-05
validation accuracy :  1.0
validation class_total [1200.0, 1200.0, 1200.0, 1200.0, 1200.0, 1200.0]
validation class_correct [1200.0, 1200.0, 1200.0, 1200.0, 1200.0, 1200.0]
validation confusion_matrix [[1200, 0, 0, 0, 0, 0], [0, 1200, 0, 0, 0, 0], [0, 0, 1200, 0, 0, 0], [0, 0, 0, 1200, 0, 0], [0, 0, 0, 0, 1200, 0], [0, 0, 0, 0, 0, 1200]]
test accuracy :  0.21125
class_total [400.0, 400.0, 400.0, 400.0, 400.0, 400.0]
class_correct [34.0, 0.0, 354.0, 12.0, 83.0, 24.0]
confusion_matrix [[34, 51, 12, 124, 4, 175], [16, 0, 0, 53, 104, 227], [0, 18, 354, 0, 5, 23], [14, 0, 2, 12, 198, 174], [2, 0, 77, 13, 83, 225], [1, 0, 53, 81, 241, 24]]
traning started for  31 epoch
epoch 31 loss: 5.43594360352e-05
validation accuracy :  1.0
validation class_total [1200.0, 1200.0, 1200.0, 1200.0, 1200.0, 1200.0]
validation class_correct [1200.0, 1200.0, 1200.0, 1200.0, 1200.0, 1200.0]
validation confusion_matrix [[1200, 0, 0, 0, 0, 0], [0, 1200, 0, 0, 0, 0], [0, 0, 1200, 0, 0, 0], [0, 0, 0, 1200, 0, 0], [0, 0, 0, 0, 1200, 0], [0, 0, 0, 0, 0, 1200]]
test accuracy :  0.211666666667
class_total [400.0, 400.0, 400.0, 400.0, 400.0, 400.0]
class_correct [34.0, 0.0, 354.0, 12.0, 83.0, 25.0]
confusion_matrix [[34, 51, 12, 124, 4, 175], [16, 0, 0, 53, 104, 227], [0, 18, 354, 0, 5, 23], [14, 0, 2, 12, 198, 174], [2, 0, 77, 13, 83, 225], [1, 0, 53, 80, 241, 25]]
traning started for  32 epoch
epoch 32 loss: 5.24520874023e-05
validation accuracy :  1.0
validation class_total [1200.0, 1200.0, 1200.0, 1200.0, 1200.0, 1200.0]
validation class_correct [1200.0, 1200.0, 1200.0, 1200.0, 1200.0, 1200.0]
validation confusion_matrix [[1200, 0, 0, 0, 0, 0], [0, 1200, 0, 0, 0, 0], [0, 0, 1200, 0, 0, 0], [0, 0, 0, 1200, 0, 0], [0, 0, 0, 0, 1200, 0], [0, 0, 0, 0, 0, 1200]]
test accuracy :  0.211666666667
class_total [400.0, 400.0, 400.0, 400.0, 400.0, 400.0]
class_correct [34.0, 0.0, 354.0, 12.0, 83.0, 25.0]
confusion_matrix [[34, 51, 12, 124, 4, 175], [16, 0, 0, 53, 104, 227], [0, 18, 354, 0, 5, 23], [14, 0, 2, 12, 198, 174], [2, 0, 77, 13, 83, 225], [1, 0, 52, 80, 242, 25]]
traning started for  33 epoch
epoch 33 loss: 5.05447387695e-05
validation accuracy :  1.0
validation class_total [1200.0, 1200.0, 1200.0, 1200.0, 1200.0, 1200.0]
validation class_correct [1200.0, 1200.0, 1200.0, 1200.0, 1200.0, 1200.0]
validation confusion_matrix [[1200, 0, 0, 0, 0, 0], [0, 1200, 0, 0, 0, 0], [0, 0, 1200, 0, 0, 0], [0, 0, 0, 1200, 0, 0], [0, 0, 0, 0, 1200, 0], [0, 0, 0, 0, 0, 1200]]
test accuracy :  0.211666666667
class_total [400.0, 400.0, 400.0, 400.0, 400.0, 400.0]
class_correct [34.0, 0.0, 354.0, 12.0, 83.0, 25.0]
confusion_matrix [[34, 52, 12, 125, 4, 173], [16, 0, 0, 53, 104, 227], [0, 18, 354, 0, 5, 23], [14, 0, 2, 12, 198, 174], [2, 0, 77, 13, 83, 225], [1, 0, 52, 80, 242, 25]]
traning started for  34 epoch
epoch 34 loss: 4.86373901367e-05
validation accuracy :  1.0
validation class_total [1200.0, 1200.0, 1200.0, 1200.0, 1200.0, 1200.0]
validation class_correct [1200.0, 1200.0, 1200.0, 1200.0, 1200.0, 1200.0]
validation confusion_matrix [[1200, 0, 0, 0, 0, 0], [0, 1200, 0, 0, 0, 0], [0, 0, 1200, 0, 0, 0], [0, 0, 0, 1200, 0, 0], [0, 0, 0, 0, 1200, 0], [0, 0, 0, 0, 0, 1200]]
test accuracy :  0.211666666667
class_total [400.0, 400.0, 400.0, 400.0, 400.0, 400.0]
class_correct [34.0, 0.0, 354.0, 12.0, 83.0, 25.0]
confusion_matrix [[34, 53, 12, 125, 4, 172], [16, 0, 0, 52, 103, 229], [0, 18, 354, 0, 5, 23], [14, 0, 2, 12, 198, 174], [2, 0, 77, 13, 83, 225], [1, 0, 52, 80, 242, 25]]
traning started for  35 epoch
epoch 35 loss: 4.67300415039e-05
validation accuracy :  1.0
validation class_total [1200.0, 1200.0, 1200.0, 1200.0, 1200.0, 1200.0]
validation class_correct [1200.0, 1200.0, 1200.0, 1200.0, 1200.0, 1200.0]
validation confusion_matrix [[1200, 0, 0, 0, 0, 0], [0, 1200, 0, 0, 0, 0], [0, 0, 1200, 0, 0, 0], [0, 0, 0, 1200, 0, 0], [0, 0, 0, 0, 1200, 0], [0, 0, 0, 0, 0, 1200]]
test accuracy :  0.21125
class_total [400.0, 400.0, 400.0, 400.0, 400.0, 400.0]
class_correct [34.0, 0.0, 354.0, 12.0, 82.0, 25.0]
confusion_matrix [[34, 53, 12, 125, 4, 172], [16, 0, 0, 52, 103, 229], [0, 18, 354, 0, 5, 23], [14, 0, 2, 12, 198, 174], [2, 0, 77, 14, 82, 225], [1, 0, 52, 80, 242, 25]]
traning started for  36 epoch
epoch 36 loss: 4.48226928711e-05
validation accuracy :  1.0
validation class_total [1200.0, 1200.0, 1200.0, 1200.0, 1200.0, 1200.0]
validation class_correct [1200.0, 1200.0, 1200.0, 1200.0, 1200.0, 1200.0]
validation confusion_matrix [[1200, 0, 0, 0, 0, 0], [0, 1200, 0, 0, 0, 0], [0, 0, 1200, 0, 0, 0], [0, 0, 0, 1200, 0, 0], [0, 0, 0, 0, 1200, 0], [0, 0, 0, 0, 0, 1200]]
test accuracy :  0.21125
class_total [400.0, 400.0, 400.0, 400.0, 400.0, 400.0]
class_correct [34.0, 0.0, 354.0, 12.0, 82.0, 25.0]
confusion_matrix [[34, 53, 12, 125, 4, 172], [16, 0, 0, 52, 103, 229], [0, 18, 354, 0, 5, 23], [14, 0, 2, 12, 198, 174], [2, 0, 77, 14, 82, 225], [1, 0, 52, 80, 242, 25]]
traning started for  37 epoch
epoch 37 loss: 4.38690185547e-05
validation accuracy :  1.0
validation class_total [1200.0, 1200.0, 1200.0, 1200.0, 1200.0, 1200.0]
validation class_correct [1200.0, 1200.0, 1200.0, 1200.0, 1200.0, 1200.0]
validation confusion_matrix [[1200, 0, 0, 0, 0, 0], [0, 1200, 0, 0, 0, 0], [0, 0, 1200, 0, 0, 0], [0, 0, 0, 1200, 0, 0], [0, 0, 0, 0, 1200, 0], [0, 0, 0, 0, 0, 1200]]
test accuracy :  0.210833333333
class_total [400.0, 400.0, 400.0, 400.0, 400.0, 400.0]
class_correct [34.0, 0.0, 353.0, 12.0, 82.0, 25.0]
confusion_matrix [[34, 54, 12, 126, 4, 170], [16, 0, 0, 52, 103, 229], [0, 18, 353, 0, 5, 24], [14, 0, 2, 12, 198, 174], [2, 0, 77, 14, 82, 225], [1, 0, 52, 80, 242, 25]]
traning started for  38 epoch
epoch 38 loss: 4.19616699219e-05
validation accuracy :  1.0
validation class_total [1200.0, 1200.0, 1200.0, 1200.0, 1200.0, 1200.0]
validation class_correct [1200.0, 1200.0, 1200.0, 1200.0, 1200.0, 1200.0]
validation confusion_matrix [[1200, 0, 0, 0, 0, 0], [0, 1200, 0, 0, 0, 0], [0, 0, 1200, 0, 0, 0], [0, 0, 0, 1200, 0, 0], [0, 0, 0, 0, 1200, 0], [0, 0, 0, 0, 0, 1200]]
test accuracy :  0.210416666667
class_total [400.0, 400.0, 400.0, 400.0, 400.0, 400.0]
class_correct [34.0, 0.0, 352.0, 12.0, 82.0, 25.0]
confusion_matrix [[34, 54, 12, 125, 4, 171], [16, 0, 0, 52, 103, 229], [0, 18, 352, 0, 5, 25], [14, 0, 2, 12, 198, 174], [2, 0, 77, 14, 82, 225], [1, 0, 52, 80, 242, 25]]
traning started for  39 epoch
epoch 39 loss: 4.10079956055e-05
validation accuracy :  1.0
validation class_total [1200.0, 1200.0, 1200.0, 1200.0, 1200.0, 1200.0]
validation class_correct [1200.0, 1200.0, 1200.0, 1200.0, 1200.0, 1200.0]
validation confusion_matrix [[1200, 0, 0, 0, 0, 0], [0, 1200, 0, 0, 0, 0], [0, 0, 1200, 0, 0, 0], [0, 0, 0, 1200, 0, 0], [0, 0, 0, 0, 1200, 0], [0, 0, 0, 0, 0, 1200]]
test accuracy :  0.21
class_total [400.0, 400.0, 400.0, 400.0, 400.0, 400.0]
class_correct [34.0, 0.0, 352.0, 12.0, 81.0, 25.0]
confusion_matrix [[34, 54, 12, 125, 4, 171], [16, 0, 0, 52, 103, 229], [0, 18, 352, 0, 5, 25], [14, 0, 2, 12, 198, 174], [2, 0, 77, 14, 81, 226], [1, 0, 52, 80, 242, 25]]
traning started for  40 epoch
epoch 40 loss: 4.00543212891e-05
validation accuracy :  1.0
validation class_total [1200.0, 1200.0, 1200.0, 1200.0, 1200.0, 1200.0]
validation class_correct [1200.0, 1200.0, 1200.0, 1200.0, 1200.0, 1200.0]
validation confusion_matrix [[1200, 0, 0, 0, 0, 0], [0, 1200, 0, 0, 0, 0], [0, 0, 1200, 0, 0, 0], [0, 0, 0, 1200, 0, 0], [0, 0, 0, 0, 1200, 0], [0, 0, 0, 0, 0, 1200]]
test accuracy :  0.21
class_total [400.0, 400.0, 400.0, 400.0, 400.0, 400.0]
class_correct [34.0, 0.0, 352.0, 12.0, 81.0, 25.0]
confusion_matrix [[34, 54, 12, 125, 4, 171], [16, 0, 0, 52, 103, 229], [0, 18, 352, 0, 5, 25], [14, 0, 2, 12, 198, 174], [2, 0, 77, 14, 81, 226], [1, 0, 52, 80, 242, 25]]
traning started for  41 epoch
epoch 41 loss: 3.91006469727e-05
validation accuracy :  1.0
validation class_total [1200.0, 1200.0, 1200.0, 1200.0, 1200.0, 1200.0]
validation class_correct [1200.0, 1200.0, 1200.0, 1200.0, 1200.0, 1200.0]
validation confusion_matrix [[1200, 0, 0, 0, 0, 0], [0, 1200, 0, 0, 0, 0], [0, 0, 1200, 0, 0, 0], [0, 0, 0, 1200, 0, 0], [0, 0, 0, 0, 1200, 0], [0, 0, 0, 0, 0, 1200]]
test accuracy :  0.21
class_total [400.0, 400.0, 400.0, 400.0, 400.0, 400.0]
class_correct [34.0, 0.0, 352.0, 12.0, 81.0, 25.0]
confusion_matrix [[34, 54, 12, 125, 4, 171], [16, 0, 0, 52, 103, 229], [0, 18, 352, 0, 5, 25], [14, 0, 2, 12, 199, 173], [2, 0, 77, 14, 81, 226], [1, 0, 52, 80, 242, 25]]
traning started for  42 epoch
epoch 42 loss: 3.71932983398e-05
validation accuracy :  1.0
validation class_total [1200.0, 1200.0, 1200.0, 1200.0, 1200.0, 1200.0]
validation class_correct [1200.0, 1200.0, 1200.0, 1200.0, 1200.0, 1200.0]
validation confusion_matrix [[1200, 0, 0, 0, 0, 0], [0, 1200, 0, 0, 0, 0], [0, 0, 1200, 0, 0, 0], [0, 0, 0, 1200, 0, 0], [0, 0, 0, 0, 1200, 0], [0, 0, 0, 0, 0, 1200]]
test accuracy :  0.21
class_total [400.0, 400.0, 400.0, 400.0, 400.0, 400.0]
class_correct [34.0, 0.0, 352.0, 12.0, 81.0, 25.0]
confusion_matrix [[34, 55, 12, 125, 4, 170], [16, 0, 0, 52, 103, 229], [0, 18, 352, 0, 5, 25], [14, 0, 2, 12, 199, 173], [2, 0, 77, 14, 81, 226], [1, 0, 52, 80, 242, 25]]
traning started for  43 epoch
epoch 43 loss: 3.62396240234e-05
validation accuracy :  1.0
validation class_total [1200.0, 1200.0, 1200.0, 1200.0, 1200.0, 1200.0]
validation class_correct [1200.0, 1200.0, 1200.0, 1200.0, 1200.0, 1200.0]
validation confusion_matrix [[1200, 0, 0, 0, 0, 0], [0, 1200, 0, 0, 0, 0], [0, 0, 1200, 0, 0, 0], [0, 0, 0, 1200, 0, 0], [0, 0, 0, 0, 1200, 0], [0, 0, 0, 0, 0, 1200]]
test accuracy :  0.210416666667
class_total [400.0, 400.0, 400.0, 400.0, 400.0, 400.0]
class_correct [34.0, 0.0, 353.0, 12.0, 81.0, 25.0]
confusion_matrix [[34, 55, 12, 125, 4, 170], [16, 0, 0, 52, 103, 229], [0, 18, 353, 0, 5, 24], [14, 0, 2, 12, 199, 173], [2, 0, 77, 14, 81, 226], [1, 0, 52, 80, 242, 25]]
traning started for  44 epoch
epoch 44 loss: 3.5285949707e-05
validation accuracy :  1.0
validation class_total [1200.0, 1200.0, 1200.0, 1200.0, 1200.0, 1200.0]
validation class_correct [1200.0, 1200.0, 1200.0, 1200.0, 1200.0, 1200.0]
validation confusion_matrix [[1200, 0, 0, 0, 0, 0], [0, 1200, 0, 0, 0, 0], [0, 0, 1200, 0, 0, 0], [0, 0, 0, 1200, 0, 0], [0, 0, 0, 0, 1200, 0], [0, 0, 0, 0, 0, 1200]]
test accuracy :  0.210416666667
class_total [400.0, 400.0, 400.0, 400.0, 400.0, 400.0]
class_correct [34.0, 0.0, 353.0, 12.0, 81.0, 25.0]
confusion_matrix [[34, 55, 12, 125, 4, 170], [16, 0, 0, 52, 103, 229], [0, 18, 353, 0, 5, 24], [14, 0, 2, 12, 199, 173], [2, 0, 77, 14, 81, 226], [1, 0, 52, 80, 242, 25]]
traning started for  45 epoch
epoch 45 loss: 3.43322753906e-05
