cuda
Training started
traning started for  1 epoch
epoch 1 loss: 1.80468165874
validation accuracy :  0.231111111111
validation class_total [1200.0, 1200.0, 1200.0, 1200.0, 1200.0, 1200.0]
validation class_correct [324.0, 353.0, 287.0, 387.0, 143.0, 170.0]
validation confusion_matrix [[324, 218, 84, 316, 103, 155], [202, 353, 149, 222, 110, 164], [137, 264, 287, 238, 112, 162], [250, 212, 89, 387, 108, 154], [236, 245, 154, 249, 143, 173], [233, 274, 128, 283, 112, 170]]
test accuracy :  0.17125
class_total [400.0, 400.0, 400.0, 400.0, 400.0, 400.0]
class_correct [61.0, 74.0, 69.0, 104.0, 48.0, 55.0]
confusion_matrix [[61, 114, 36, 73, 51, 65], [88, 74, 45, 85, 44, 64], [61, 116, 69, 58, 39, 57], [78, 68, 50, 104, 48, 52], [58, 78, 78, 77, 48, 61], [91, 74, 36, 113, 31, 55]]
traning started for  2 epoch
epoch 2 loss: 1.84959971905
validation accuracy :  0.353611111111
validation class_total [1200.0, 1200.0, 1200.0, 1200.0, 1200.0, 1200.0]
validation class_correct [395.0, 329.0, 914.0, 588.0, 150.0, 170.0]
validation confusion_matrix [[395, 118, 141, 387, 87, 72], [98, 329, 467, 138, 91, 77], [21, 108, 914, 45, 60, 52], [277, 68, 103, 588, 81, 83], [204, 192, 321, 254, 150, 79], [170, 183, 340, 235, 102, 170]]
test accuracy :  0.228333333333
class_total [400.0, 400.0, 400.0, 400.0, 400.0, 400.0]
class_correct [39.0, 52.0, 252.0, 133.0, 31.0, 41.0]
confusion_matrix [[39, 120, 126, 33, 43, 39], [72, 52, 93, 98, 40, 45], [7, 87, 252, 6, 23, 25], [85, 48, 57, 133, 45, 32], [13, 71, 221, 29, 31, 35], [57, 55, 81, 126, 40, 41]]
traning started for  3 epoch
epoch 3 loss: 1.49861991405
validation accuracy :  0.454583333333
validation class_total [1200.0, 1200.0, 1200.0, 1200.0, 1200.0, 1200.0]
validation class_correct [366.0, 574.0, 983.0, 773.0, 238.0, 339.0]
validation confusion_matrix [[366, 108, 20, 434, 127, 145], [7, 574, 537, 4, 41, 37], [5, 166, 983, 0, 11, 35], [302, 10, 2, 773, 56, 57], [176, 277, 117, 131, 238, 261], [167, 304, 161, 79, 150, 339]]
test accuracy :  0.192916666667
class_total [400.0, 400.0, 400.0, 400.0, 400.0, 400.0]
class_correct [3.0, 21.0, 218.0, 96.0, 16.0, 109.0]
confusion_matrix [[3, 211, 147, 1, 15, 23], [125, 21, 6, 67, 77, 104], [0, 168, 218, 0, 3, 11], [135, 22, 2, 96, 80, 65], [0, 131, 218, 1, 16, 34], [94, 38, 6, 78, 75, 109]]
traning started for  4 epoch
epoch 4 loss: 1.03595423698
validation accuracy :  0.639444444444
validation class_total [1200.0, 1200.0, 1200.0, 1200.0, 1200.0, 1200.0]
validation class_correct [557.0, 996.0, 1097.0, 789.0, 522.0, 643.0]
validation confusion_matrix [[557, 9, 0, 421, 146, 67], [1, 996, 169, 0, 16, 18], [0, 76, 1097, 0, 8, 19], [324, 0, 0, 789, 37, 50], [128, 83, 24, 66, 522, 377], [41, 127, 56, 26, 307, 643]]
test accuracy :  0.184583333333
class_total [400.0, 400.0, 400.0, 400.0, 400.0, 400.0]
class_correct [7.0, 1.0, 233.0, 72.0, 23.0, 107.0]
confusion_matrix [[7, 208, 43, 0, 75, 67], [91, 1, 4, 74, 92, 138], [0, 144, 233, 0, 1, 22], [99, 7, 0, 72, 82, 140], [0, 100, 198, 0, 23, 79], [80, 3, 4, 86, 120, 107]]
traning started for  5 epoch
epoch 5 loss: 0.34050989151
validation accuracy :  0.832361111111
validation class_total [1200.0, 1200.0, 1200.0, 1200.0, 1200.0, 1200.0]
validation class_correct [938.0, 1106.0, 1192.0, 1078.0, 764.0, 915.0]
validation confusion_matrix [[938, 4, 0, 157, 89, 12], [1, 1106, 85, 0, 6, 2], [0, 2, 1192, 0, 0, 6], [33, 0, 0, 1078, 35, 54], [25, 44, 40, 33, 764, 294], [3, 15, 174, 10, 83, 915]]
test accuracy :  0.2475
class_total [400.0, 400.0, 400.0, 400.0, 400.0, 400.0]
class_correct [1.0, 0.0, 337.0, 117.0, 23.0, 116.0]
confusion_matrix [[1, 118, 111, 0, 58, 112], [17, 0, 2, 72, 75, 234], [0, 49, 337, 0, 1, 13], [35, 2, 0, 117, 78, 168], [0, 46, 251, 0, 23, 80], [1, 0, 14, 104, 165, 116]]
traning started for  6 epoch
epoch 6 loss: 1.14630842209
validation accuracy :  0.929444444444
validation class_total [1200.0, 1200.0, 1200.0, 1200.0, 1200.0, 1200.0]
validation class_correct [1126.0, 1178.0, 1189.0, 1119.0, 1041.0, 1039.0]
validation confusion_matrix [[1126, 2, 0, 21, 51, 0], [0, 1178, 17, 0, 5, 0], [0, 3, 1189, 0, 1, 7], [26, 0, 0, 1119, 21, 34], [22, 43, 6, 15, 1041, 73], [2, 7, 86, 18, 48, 1039]]
test accuracy :  0.23
class_total [400.0, 400.0, 400.0, 400.0, 400.0, 400.0]
class_correct [4.0, 0.0, 277.0, 113.0, 78.0, 80.0]
confusion_matrix [[4, 118, 75, 1, 110, 92], [11, 0, 1, 84, 134, 170], [0, 81, 277, 0, 30, 12], [72, 2, 0, 113, 128, 85], [0, 67, 160, 0, 78, 95], [1, 0, 13, 82, 224, 80]]
traning started for  7 epoch
epoch 7 loss: 0.0548415184021
validation accuracy :  0.962222222222
validation class_total [1200.0, 1200.0, 1200.0, 1200.0, 1200.0, 1200.0]
validation class_correct [1156.0, 1196.0, 1195.0, 1107.0, 1135.0, 1139.0]
validation confusion_matrix [[1156, 1, 0, 4, 39, 0], [0, 1196, 3, 0, 1, 0], [0, 0, 1195, 0, 1, 4], [15, 0, 0, 1107, 23, 55], [2, 46, 3, 0, 1135, 14], [0, 3, 46, 1, 11, 1139]]
test accuracy :  0.207916666667
class_total [400.0, 400.0, 400.0, 400.0, 400.0, 400.0]
class_correct [0.0, 0.0, 286.0, 82.0, 66.0, 65.0]
confusion_matrix [[0, 136, 83, 0, 104, 77], [1, 0, 4, 42, 166, 187], [0, 85, 286, 0, 20, 9], [23, 4, 0, 82, 186, 105], [0, 65, 152, 0, 66, 117], [1, 0, 13, 56, 265, 65]]
traning started for  8 epoch
epoch 8 loss: 0.0975637435913
validation accuracy :  0.984722222222
validation class_total [1200.0, 1200.0, 1200.0, 1200.0, 1200.0, 1200.0]
validation class_correct [1166.0, 1196.0, 1196.0, 1160.0, 1192.0, 1180.0]
validation confusion_matrix [[1166, 0, 0, 6, 28, 0], [0, 1196, 1, 0, 3, 0], [0, 1, 1196, 0, 1, 2], [7, 0, 0, 1160, 21, 12], [1, 3, 0, 2, 1192, 2], [0, 0, 8, 4, 8, 1180]]
test accuracy :  0.2225
class_total [400.0, 400.0, 400.0, 400.0, 400.0, 400.0]
class_correct [3.0, 0.0, 322.0, 127.0, 65.0, 17.0]
confusion_matrix [[3, 121, 54, 0, 164, 58], [3, 0, 2, 79, 192, 124], [0, 23, 322, 0, 36, 19], [20, 1, 0, 127, 154, 98], [0, 37, 142, 0, 65, 156], [1, 0, 11, 58, 313, 17]]
traning started for  9 epoch
epoch 9 loss: 0.0297803878784
validation accuracy :  0.991805555556
validation class_total [1200.0, 1200.0, 1200.0, 1200.0, 1200.0, 1200.0]
validation class_correct [1182.0, 1198.0, 1198.0, 1176.0, 1200.0, 1187.0]
validation confusion_matrix [[1182, 0, 0, 5, 13, 0], [0, 1198, 0, 0, 2, 0], [0, 0, 1198, 0, 0, 2], [5, 0, 0, 1176, 16, 3], [0, 0, 0, 0, 1200, 0], [0, 0, 3, 3, 7, 1187]]
test accuracy :  0.203333333333
class_total [400.0, 400.0, 400.0, 400.0, 400.0, 400.0]
class_correct [15.0, 0.0, 258.0, 137.0, 69.0, 9.0]
confusion_matrix [[15, 85, 25, 2, 196, 77], [1, 0, 6, 108, 177, 108], [0, 33, 258, 0, 85, 24], [14, 2, 0, 137, 182, 65], [1, 21, 93, 1, 69, 215], [1, 0, 10, 50, 330, 9]]
traning started for  10 epoch
epoch 10 loss: 0.01291847229
validation accuracy :  0.993333333333
validation class_total [1200.0, 1200.0, 1200.0, 1200.0, 1200.0, 1200.0]
validation class_correct [1191.0, 1196.0, 1200.0, 1180.0, 1199.0, 1186.0]
validation confusion_matrix [[1191, 0, 0, 3, 6, 0], [0, 1196, 0, 0, 4, 0], [0, 0, 1200, 0, 0, 0], [10, 0, 0, 1180, 8, 2], [0, 0, 0, 1, 1199, 0], [0, 1, 4, 1, 8, 1186]]
test accuracy :  0.220416666667
class_total [400.0, 400.0, 400.0, 400.0, 400.0, 400.0]
class_correct [7.0, 0.0, 285.0, 123.0, 96.0, 18.0]
confusion_matrix [[7, 101, 38, 2, 204, 48], [2, 0, 1, 117, 188, 92], [0, 31, 285, 0, 73, 11], [37, 1, 0, 123, 187, 52], [0, 34, 111, 0, 96, 159], [0, 0, 11, 59, 312, 18]]
traning started for  11 epoch
epoch 11 loss: 0.0958952903748
validation accuracy :  0.991111111111
validation class_total [1200.0, 1200.0, 1200.0, 1200.0, 1200.0, 1200.0]
validation class_correct [1200.0, 1199.0, 1194.0, 1185.0, 1192.0, 1166.0]
validation confusion_matrix [[1200, 0, 0, 0, 0, 0], [0, 1199, 0, 0, 1, 0], [0, 4, 1194, 0, 1, 1], [11, 0, 0, 1185, 4, 0], [6, 2, 0, 0, 1192, 0], [8, 0, 1, 11, 14, 1166]]
test accuracy :  0.197083333333
class_total [400.0, 400.0, 400.0, 400.0, 400.0, 400.0]
class_correct [42.0, 0.0, 216.0, 117.0, 94.0, 4.0]
confusion_matrix [[42, 108, 9, 4, 214, 23], [8, 0, 0, 119, 205, 68], [0, 56, 216, 0, 105, 23], [49, 3, 0, 117, 192, 39], [0, 53, 91, 0, 94, 162], [2, 0, 8, 63, 323, 4]]
traning started for  12 epoch
epoch 12 loss: 0.000523567199707
validation accuracy :  0.996666666667
validation class_total [1200.0, 1200.0, 1200.0, 1200.0, 1200.0, 1200.0]
validation class_correct [1200.0, 1199.0, 1198.0, 1184.0, 1198.0, 1197.0]
validation confusion_matrix [[1200, 0, 0, 0, 0, 0], [1, 1199, 0, 0, 0, 0], [0, 0, 1198, 0, 1, 1], [10, 0, 0, 1184, 6, 0], [1, 0, 0, 1, 1198, 0], [0, 0, 0, 3, 0, 1197]]
test accuracy :  0.199583333333
class_total [400.0, 400.0, 400.0, 400.0, 400.0, 400.0]
class_correct [52.0, 0.0, 211.0, 150.0, 56.0, 10.0]
confusion_matrix [[52, 88, 9, 6, 198, 47], [5, 0, 0, 157, 133, 105], [0, 42, 211, 0, 99, 48], [49, 2, 0, 150, 134, 65], [3, 47, 55, 1, 56, 238], [1, 0, 9, 53, 327, 10]]
traning started for  13 epoch
epoch 13 loss: 0.0139436721802
validation accuracy :  0.9975
validation class_total [1200.0, 1200.0, 1200.0, 1200.0, 1200.0, 1200.0]
validation class_correct [1200.0, 1200.0, 1198.0, 1198.0, 1196.0, 1190.0]
validation confusion_matrix [[1200, 0, 0, 0, 0, 0], [0, 1200, 0, 0, 0, 0], [0, 1, 1198, 0, 1, 0], [1, 0, 0, 1198, 1, 0], [1, 3, 0, 0, 1196, 0], [0, 1, 8, 0, 1, 1190]]
test accuracy :  0.186666666667
class_total [400.0, 400.0, 400.0, 400.0, 400.0, 400.0]
class_correct [22.0, 0.0, 285.0, 83.0, 50.0, 8.0]
confusion_matrix [[22, 153, 22, 5, 161, 37], [8, 0, 2, 68, 220, 102], [0, 74, 285, 0, 34, 7], [34, 5, 1, 83, 214, 63], [2, 92, 124, 0, 50, 132], [1, 0, 13, 44, 334, 8]]
traning started for  14 epoch
epoch 14 loss: 0.000139236450195
validation accuracy :  0.999722222222
validation class_total [1200.0, 1200.0, 1200.0, 1200.0, 1200.0, 1200.0]
validation class_correct [1200.0, 1200.0, 1198.0, 1200.0, 1200.0, 1200.0]
validation confusion_matrix [[1200, 0, 0, 0, 0, 0], [0, 1200, 0, 0, 0, 0], [0, 0, 1198, 0, 0, 2], [0, 0, 0, 1200, 0, 0], [0, 0, 0, 0, 1200, 0], [0, 0, 0, 0, 0, 1200]]
test accuracy :  0.21875
class_total [400.0, 400.0, 400.0, 400.0, 400.0, 400.0]
class_correct [37.0, 0.0, 286.0, 135.0, 44.0, 23.0]
confusion_matrix [[37, 106, 11, 8, 149, 89], [5, 0, 1, 115, 143, 136], [0, 35, 286, 0, 43, 36], [19, 3, 1, 135, 163, 79], [0, 61, 96, 1, 44, 198], [1, 0, 11, 71, 294, 23]]
traning started for  15 epoch
epoch 15 loss: 0.00901699066162
validation accuracy :  0.999583333333
validation class_total [1200.0, 1200.0, 1200.0, 1200.0, 1200.0, 1200.0]
validation class_correct [1200.0, 1200.0, 1200.0, 1199.0, 1200.0, 1198.0]
validation confusion_matrix [[1200, 0, 0, 0, 0, 0], [0, 1200, 0, 0, 0, 0], [0, 0, 1200, 0, 0, 0], [0, 0, 0, 1199, 0, 1], [0, 0, 0, 0, 1200, 0], [0, 1, 0, 1, 0, 1198]]
test accuracy :  0.205833333333
class_total [400.0, 400.0, 400.0, 400.0, 400.0, 400.0]
class_correct [34.0, 0.0, 277.0, 112.0, 55.0, 16.0]
confusion_matrix [[34, 142, 7, 4, 153, 60], [6, 0, 0, 90, 180, 124], [0, 59, 277, 0, 46, 18], [27, 3, 0, 112, 184, 74], [1, 87, 96, 0, 55, 161], [1, 0, 15, 46, 322, 16]]
traning started for  16 epoch
epoch 16 loss: 0.000312805175781
validation accuracy :  0.999305555556
validation class_total [1200.0, 1200.0, 1200.0, 1200.0, 1200.0, 1200.0]
validation class_correct [1200.0, 1200.0, 1200.0, 1200.0, 1198.0, 1197.0]
validation confusion_matrix [[1200, 0, 0, 0, 0, 0], [0, 1200, 0, 0, 0, 0], [0, 0, 1200, 0, 0, 0], [0, 0, 0, 1200, 0, 0], [0, 2, 0, 0, 1198, 0], [0, 0, 3, 0, 0, 1197]]
test accuracy :  0.209583333333
class_total [400.0, 400.0, 400.0, 400.0, 400.0, 400.0]
class_correct [43.0, 0.0, 298.0, 113.0, 32.0, 17.0]
confusion_matrix [[43, 138, 14, 4, 165, 36], [7, 0, 3, 88, 149, 153], [0, 56, 298, 0, 30, 16], [28, 3, 1, 113, 156, 99], [0, 74, 142, 0, 32, 152], [1, 0, 17, 74, 291, 17]]
traning started for  17 epoch
epoch 17 loss: 0.000630378723145
validation accuracy :  0.999861111111
validation class_total [1200.0, 1200.0, 1200.0, 1200.0, 1200.0, 1200.0]
validation class_correct [1199.0, 1200.0, 1200.0, 1200.0, 1200.0, 1200.0]
validation confusion_matrix [[1199, 0, 0, 1, 0, 0], [0, 1200, 0, 0, 0, 0], [0, 0, 1200, 0, 0, 0], [0, 0, 0, 1200, 0, 0], [0, 0, 0, 0, 1200, 0], [0, 0, 0, 0, 0, 1200]]
test accuracy :  0.2075
class_total [400.0, 400.0, 400.0, 400.0, 400.0, 400.0]
class_correct [10.0, 0.0, 262.0, 140.0, 63.0, 23.0]
confusion_matrix [[10, 110, 40, 7, 136, 97], [4, 0, 1, 142, 125, 128], [0, 48, 262, 0, 58, 32], [27, 2, 0, 140, 144, 87], [0, 61, 77, 2, 63, 197], [1, 0, 14, 73, 289, 23]]
traning started for  18 epoch
epoch 18 loss: 0.000807762145996
validation accuracy :  0.996388888889
validation class_total [1200.0, 1200.0, 1200.0, 1200.0, 1200.0, 1200.0]
validation class_correct [1200.0, 1181.0, 1199.0, 1200.0, 1199.0, 1195.0]
validation confusion_matrix [[1200, 0, 0, 0, 0, 0], [0, 1181, 0, 0, 19, 0], [0, 0, 1199, 0, 1, 0], [0, 0, 0, 1200, 0, 0], [0, 0, 1, 0, 1199, 0], [0, 0, 0, 4, 1, 1195]]
test accuracy :  0.205833333333
class_total [400.0, 400.0, 400.0, 400.0, 400.0, 400.0]
class_correct [51.0, 0.0, 309.0, 94.0, 32.0, 8.0]
confusion_matrix [[51, 37, 10, 18, 242, 42], [1, 0, 4, 93, 118, 184], [0, 11, 309, 0, 48, 32], [9, 1, 0, 94, 142, 154], [0, 16, 193, 0, 32, 159], [1, 0, 13, 66, 312, 8]]
traning started for  19 epoch
epoch 19 loss: 0.000441551208496
validation accuracy :  1.0
validation class_total [1200.0, 1200.0, 1200.0, 1200.0, 1200.0, 1200.0]
validation class_correct [1200.0, 1200.0, 1200.0, 1200.0, 1200.0, 1200.0]
validation confusion_matrix [[1200, 0, 0, 0, 0, 0], [0, 1200, 0, 0, 0, 0], [0, 0, 1200, 0, 0, 0], [0, 0, 0, 1200, 0, 0], [0, 0, 0, 0, 1200, 0], [0, 0, 0, 0, 0, 1200]]
test accuracy :  0.209166666667
class_total [400.0, 400.0, 400.0, 400.0, 400.0, 400.0]
class_correct [25.0, 0.0, 280.0, 128.0, 54.0, 15.0]
confusion_matrix [[25, 115, 23, 9, 159, 69], [5, 0, 0, 130, 127, 138], [0, 41, 280, 0, 40, 39], [15, 3, 0, 128, 151, 103], [0, 55, 118, 2, 54, 171], [2, 0, 13, 86, 284, 15]]
traning started for  20 epoch
epoch 20 loss: 0.000461578369141
validation accuracy :  1.0
validation class_total [1200.0, 1200.0, 1200.0, 1200.0, 1200.0, 1200.0]
validation class_correct [1200.0, 1200.0, 1200.0, 1200.0, 1200.0, 1200.0]
validation confusion_matrix [[1200, 0, 0, 0, 0, 0], [0, 1200, 0, 0, 0, 0], [0, 0, 1200, 0, 0, 0], [0, 0, 0, 1200, 0, 0], [0, 0, 0, 0, 1200, 0], [0, 0, 0, 0, 0, 1200]]
test accuracy :  0.212916666667
class_total [400.0, 400.0, 400.0, 400.0, 400.0, 400.0]
class_correct [11.0, 0.0, 312.0, 127.0, 41.0, 20.0]
confusion_matrix [[11, 112, 34, 7, 125, 111], [1, 0, 3, 124, 123, 149], [0, 25, 312, 0, 36, 27], [11, 2, 1, 127, 178, 81], [1, 43, 141, 0, 41, 174], [1, 0, 32, 56, 291, 20]]
traning started for  21 epoch
epoch 21 loss: 0.000978469848633
validation accuracy :  0.999861111111
validation class_total [1200.0, 1200.0, 1200.0, 1200.0, 1200.0, 1200.0]
validation class_correct [1200.0, 1200.0, 1200.0, 1200.0, 1200.0, 1199.0]
validation confusion_matrix [[1200, 0, 0, 0, 0, 0], [0, 1200, 0, 0, 0, 0], [0, 0, 1200, 0, 0, 0], [0, 0, 0, 1200, 0, 0], [0, 0, 0, 0, 1200, 0], [0, 0, 1, 0, 0, 1199]]
test accuracy :  0.207916666667
class_total [400.0, 400.0, 400.0, 400.0, 400.0, 400.0]
class_correct [14.0, 0.0, 285.0, 140.0, 46.0, 14.0]
confusion_matrix [[14, 104, 27, 6, 168, 81], [3, 0, 1, 149, 128, 119], [0, 24, 285, 0, 53, 38], [21, 1, 0, 140, 161, 77], [3, 44, 119, 1, 46, 187], [2, 0, 12, 76, 296, 14]]
traning started for  22 epoch
epoch 22 loss: 0.00148487091064
validation accuracy :  0.999722222222
validation class_total [1200.0, 1200.0, 1200.0, 1200.0, 1200.0, 1200.0]
validation class_correct [1200.0, 1199.0, 1200.0, 1200.0, 1200.0, 1199.0]
validation confusion_matrix [[1200, 0, 0, 0, 0, 0], [0, 1199, 1, 0, 0, 0], [0, 0, 1200, 0, 0, 0], [0, 0, 0, 1200, 0, 0], [0, 0, 0, 0, 1200, 0], [0, 0, 0, 1, 0, 1199]]
test accuracy :  0.2175
class_total [400.0, 400.0, 400.0, 400.0, 400.0, 400.0]
class_correct [19.0, 0.0, 288.0, 136.0, 62.0, 17.0]
confusion_matrix [[19, 94, 25, 11, 165, 86], [3, 0, 2, 149, 113, 133], [0, 19, 288, 0, 54, 39], [13, 1, 0, 136, 169, 81], [0, 40, 98, 1, 62, 199], [2, 0, 17, 82, 282, 17]]
traning started for  23 epoch
epoch 23 loss: 7.24792480469e-05
validation accuracy :  1.0
validation class_total [1200.0, 1200.0, 1200.0, 1200.0, 1200.0, 1200.0]
validation class_correct [1200.0, 1200.0, 1200.0, 1200.0, 1200.0, 1200.0]
validation confusion_matrix [[1200, 0, 0, 0, 0, 0], [0, 1200, 0, 0, 0, 0], [0, 0, 1200, 0, 0, 0], [0, 0, 0, 1200, 0, 0], [0, 0, 0, 0, 1200, 0], [0, 0, 0, 0, 0, 1200]]
test accuracy :  0.209166666667
class_total [400.0, 400.0, 400.0, 400.0, 400.0, 400.0]
class_correct [27.0, 0.0, 266.0, 138.0, 63.0, 8.0]
confusion_matrix [[27, 101, 16, 13, 180, 63], [5, 0, 1, 148, 131, 115], [0, 28, 266, 0, 70, 36], [18, 1, 0, 138, 178, 65], [2, 53, 103, 1, 63, 178], [1, 0, 10, 62, 319, 8]]
traning started for  24 epoch
epoch 24 loss: 0.00386905670166
validation accuracy :  1.0
validation class_total [1200.0, 1200.0, 1200.0, 1200.0, 1200.0, 1200.0]
validation class_correct [1200.0, 1200.0, 1200.0, 1200.0, 1200.0, 1200.0]
validation confusion_matrix [[1200, 0, 0, 0, 0, 0], [0, 1200, 0, 0, 0, 0], [0, 0, 1200, 0, 0, 0], [0, 0, 0, 1200, 0, 0], [0, 0, 0, 0, 1200, 0], [0, 0, 0, 0, 0, 1200]]
test accuracy :  0.197083333333
class_total [400.0, 400.0, 400.0, 400.0, 400.0, 400.0]
class_correct [24.0, 1.0, 270.0, 116.0, 52.0, 10.0]
confusion_matrix [[24, 126, 29, 4, 161, 56], [8, 1, 0, 119, 140, 132], [0, 46, 270, 0, 53, 31], [33, 2, 0, 116, 181, 68], [4, 80, 93, 1, 52, 170], [2, 0, 15, 60, 313, 10]]
traning started for  25 epoch
epoch 25 loss: 0.000165939331055
validation accuracy :  1.0
validation class_total [1200.0, 1200.0, 1200.0, 1200.0, 1200.0, 1200.0]
validation class_correct [1200.0, 1200.0, 1200.0, 1200.0, 1200.0, 1200.0]
validation confusion_matrix [[1200, 0, 0, 0, 0, 0], [0, 1200, 0, 0, 0, 0], [0, 0, 1200, 0, 0, 0], [0, 0, 0, 1200, 0, 0], [0, 0, 0, 0, 1200, 0], [0, 0, 0, 0, 0, 1200]]
test accuracy :  0.214583333333
class_total [400.0, 400.0, 400.0, 400.0, 400.0, 400.0]
class_correct [20.0, 1.0, 303.0, 126.0, 48.0, 17.0]
confusion_matrix [[20, 109, 26, 8, 162, 75], [5, 1, 3, 115, 132, 144], [0, 29, 303, 0, 41, 27], [17, 2, 0, 126, 175, 80], [1, 53, 119, 0, 48, 179], [1, 0, 17, 54, 311, 17]]
traning started for  26 epoch
epoch 26 loss: 0.000788688659668
validation accuracy :  0.999861111111
validation class_total [1200.0, 1200.0, 1200.0, 1200.0, 1200.0, 1200.0]
validation class_correct [1200.0, 1200.0, 1200.0, 1200.0, 1199.0, 1200.0]
validation confusion_matrix [[1200, 0, 0, 0, 0, 0], [0, 1200, 0, 0, 0, 0], [0, 0, 1200, 0, 0, 0], [0, 0, 0, 1200, 0, 0], [1, 0, 0, 0, 1199, 0], [0, 0, 0, 0, 0, 1200]]
test accuracy :  0.21125
class_total [400.0, 400.0, 400.0, 400.0, 400.0, 400.0]
class_correct [19.0, 0.0, 294.0, 124.0, 50.0, 20.0]
confusion_matrix [[19, 98, 31, 12, 156, 84], [3, 0, 4, 129, 121, 143], [0, 29, 294, 0, 47, 30], [16, 3, 1, 124, 167, 89], [2, 63, 106, 0, 50, 179], [1, 0, 21, 80, 278, 20]]
traning started for  27 epoch
epoch 27 loss: 0.000160217285156
validation accuracy :  1.0
validation class_total [1200.0, 1200.0, 1200.0, 1200.0, 1200.0, 1200.0]
validation class_correct [1200.0, 1200.0, 1200.0, 1200.0, 1200.0, 1200.0]
validation confusion_matrix [[1200, 0, 0, 0, 0, 0], [0, 1200, 0, 0, 0, 0], [0, 0, 1200, 0, 0, 0], [0, 0, 0, 1200, 0, 0], [0, 0, 0, 0, 1200, 0], [0, 0, 0, 0, 0, 1200]]
test accuracy :  0.220833333333
class_total [400.0, 400.0, 400.0, 400.0, 400.0, 400.0]
class_correct [14.0, 0.0, 306.0, 139.0, 57.0, 14.0]
confusion_matrix [[14, 112, 37, 8, 165, 64], [2, 0, 1, 126, 128, 143], [0, 21, 306, 0, 46, 27], [18, 1, 1, 139, 165, 76], [0, 62, 118, 0, 57, 163], [1, 0, 26, 72, 287, 14]]
traning started for  28 epoch
epoch 28 loss: 0.000117301940918
validation accuracy :  0.999861111111
validation class_total [1200.0, 1200.0, 1200.0, 1200.0, 1200.0, 1200.0]
validation class_correct [1200.0, 1200.0, 1200.0, 1200.0, 1199.0, 1200.0]
validation confusion_matrix [[1200, 0, 0, 0, 0, 0], [0, 1200, 0, 0, 0, 0], [0, 0, 1200, 0, 0, 0], [0, 0, 0, 1200, 0, 0], [1, 0, 0, 0, 1199, 0], [0, 0, 0, 0, 0, 1200]]
test accuracy :  0.2175
class_total [400.0, 400.0, 400.0, 400.0, 400.0, 400.0]
class_correct [55.0, 0.0, 256.0, 145.0, 53.0, 13.0]
confusion_matrix [[55, 108, 10, 9, 146, 72], [7, 0, 0, 151, 124, 118], [0, 45, 256, 0, 55, 44], [34, 1, 0, 145, 150, 70], [3, 63, 85, 0, 53, 196], [3, 0, 12, 92, 280, 13]]
traning started for  29 epoch
epoch 29 loss: 1.43051147461e-05
validation accuracy :  1.0
validation class_total [1200.0, 1200.0, 1200.0, 1200.0, 1200.0, 1200.0]
validation class_correct [1200.0, 1200.0, 1200.0, 1200.0, 1200.0, 1200.0]
validation confusion_matrix [[1200, 0, 0, 0, 0, 0], [0, 1200, 0, 0, 0, 0], [0, 0, 1200, 0, 0, 0], [0, 0, 0, 1200, 0, 0], [0, 0, 0, 0, 1200, 0], [0, 0, 0, 0, 0, 1200]]
test accuracy :  0.218333333333
class_total [400.0, 400.0, 400.0, 400.0, 400.0, 400.0]
class_correct [29.0, 0.0, 305.0, 132.0, 48.0, 10.0]
confusion_matrix [[29, 99, 22, 9, 167, 74], [6, 0, 1, 125, 133, 135], [0, 30, 305, 0, 40, 25], [16, 1, 0, 132, 151, 100], [1, 70, 122, 0, 48, 159], [2, 0, 21, 72, 295, 10]]
traning started for  30 epoch
epoch 30 loss: 0.000273704528809
validation accuracy :  1.0
validation class_total [1200.0, 1200.0, 1200.0, 1200.0, 1200.0, 1200.0]
validation class_correct [1200.0, 1200.0, 1200.0, 1200.0, 1200.0, 1200.0]
validation confusion_matrix [[1200, 0, 0, 0, 0, 0], [0, 1200, 0, 0, 0, 0], [0, 0, 1200, 0, 0, 0], [0, 0, 0, 1200, 0, 0], [0, 0, 0, 0, 1200, 0], [0, 0, 0, 0, 0, 1200]]
test accuracy :  0.212916666667
class_total [400.0, 400.0, 400.0, 400.0, 400.0, 400.0]
class_correct [25.0, 0.0, 293.0, 122.0, 57.0, 14.0]
confusion_matrix [[25, 101, 30, 9, 140, 95], [5, 0, 3, 122, 122, 148], [0, 30, 293, 0, 40, 37], [16, 1, 0, 122, 157, 104], [3, 56, 96, 0, 57, 188], [2, 0, 15, 60, 309, 14]]
traning started for  31 epoch
epoch 31 loss: 0.000887870788574
validation accuracy :  0.999861111111
validation class_total [1200.0, 1200.0, 1200.0, 1200.0, 1200.0, 1200.0]
validation class_correct [1200.0, 1200.0, 1200.0, 1200.0, 1199.0, 1200.0]
validation confusion_matrix [[1200, 0, 0, 0, 0, 0], [0, 1200, 0, 0, 0, 0], [0, 0, 1200, 0, 0, 0], [0, 0, 0, 1200, 0, 0], [0, 0, 0, 1, 1199, 0], [0, 0, 0, 0, 0, 1200]]
test accuracy :  0.203333333333
class_total [400.0, 400.0, 400.0, 400.0, 400.0, 400.0]
class_correct [31.0, 0.0, 270.0, 120.0, 59.0, 8.0]
confusion_matrix [[31, 90, 21, 15, 176, 67], [5, 0, 2, 128, 147, 118], [0, 29, 270, 0, 61, 40], [20, 2, 0, 120, 180, 78], [2, 53, 87, 2, 59, 197], [0, 0, 17, 60, 315, 8]]
traning started for  32 epoch
epoch 32 loss: 0.000109672546387
validation accuracy :  0.999722222222
validation class_total [1200.0, 1200.0, 1200.0, 1200.0, 1200.0, 1200.0]
validation class_correct [1200.0, 1200.0, 1199.0, 1199.0, 1200.0, 1200.0]
validation confusion_matrix [[1200, 0, 0, 0, 0, 0], [0, 1200, 0, 0, 0, 0], [0, 0, 1199, 0, 1, 0], [1, 0, 0, 1199, 0, 0], [0, 0, 0, 0, 1200, 0], [0, 0, 0, 0, 0, 1200]]
test accuracy :  0.174166666667
class_total [400.0, 400.0, 400.0, 400.0, 400.0, 400.0]
class_correct [62.0, 0.0, 171.0, 84.0, 90.0, 11.0]
confusion_matrix [[62, 112, 7, 6, 161, 52], [8, 0, 0, 90, 233, 69], [0, 64, 171, 0, 127, 38], [24, 4, 0, 84, 227, 61], [2, 117, 65, 0, 90, 126], [2, 0, 12, 73, 302, 11]]
traning started for  33 epoch
epoch 33 loss: 0.000896453857422
validation accuracy :  1.0
validation class_total [1200.0, 1200.0, 1200.0, 1200.0, 1200.0, 1200.0]
validation class_correct [1200.0, 1200.0, 1200.0, 1200.0, 1200.0, 1200.0]
validation confusion_matrix [[1200, 0, 0, 0, 0, 0], [0, 1200, 0, 0, 0, 0], [0, 0, 1200, 0, 0, 0], [0, 0, 0, 1200, 0, 0], [0, 0, 0, 0, 1200, 0], [0, 0, 0, 0, 0, 1200]]
test accuracy :  0.20875
class_total [400.0, 400.0, 400.0, 400.0, 400.0, 400.0]
class_correct [37.0, 0.0, 289.0, 99.0, 64.0, 12.0]
confusion_matrix [[37, 88, 15, 11, 191, 58], [4, 0, 3, 91, 195, 107], [0, 32, 289, 0, 58, 21], [14, 3, 0, 99, 215, 69], [1, 90, 114, 0, 64, 131], [1, 0, 13, 69, 305, 12]]
traning started for  34 epoch
epoch 34 loss: 0.000365257263184
validation accuracy :  1.0
validation class_total [1200.0, 1200.0, 1200.0, 1200.0, 1200.0, 1200.0]
validation class_correct [1200.0, 1200.0, 1200.0, 1200.0, 1200.0, 1200.0]
validation confusion_matrix [[1200, 0, 0, 0, 0, 0], [0, 1200, 0, 0, 0, 0], [0, 0, 1200, 0, 0, 0], [0, 0, 0, 1200, 0, 0], [0, 0, 0, 0, 1200, 0], [0, 0, 0, 0, 0, 1200]]
test accuracy :  0.227083333333
class_total [400.0, 400.0, 400.0, 400.0, 400.0, 400.0]
class_correct [50.0, 0.0, 299.0, 122.0, 59.0, 15.0]
confusion_matrix [[50, 83, 13, 11, 170, 73], [5, 0, 3, 116, 157, 119], [0, 27, 299, 0, 46, 28], [16, 2, 0, 122, 168, 92], [2, 72, 99, 0, 59, 168], [1, 0, 21, 65, 298, 15]]
traning started for  35 epoch
epoch 35 loss: 9.05990600586e-05
validation accuracy :  1.0
validation class_total [1200.0, 1200.0, 1200.0, 1200.0, 1200.0, 1200.0]
validation class_correct [1200.0, 1200.0, 1200.0, 1200.0, 1200.0, 1200.0]
validation confusion_matrix [[1200, 0, 0, 0, 0, 0], [0, 1200, 0, 0, 0, 0], [0, 0, 1200, 0, 0, 0], [0, 0, 0, 1200, 0, 0], [0, 0, 0, 0, 1200, 0], [0, 0, 0, 0, 0, 1200]]
test accuracy :  0.223333333333
class_total [400.0, 400.0, 400.0, 400.0, 400.0, 400.0]
class_correct [40.0, 0.0, 313.0, 116.0, 46.0, 21.0]
confusion_matrix [[40, 115, 15, 11, 156, 63], [7, 0, 3, 103, 160, 127], [0, 30, 313, 0, 37, 20], [17, 1, 0, 116, 184, 82], [1, 73, 121, 0, 46, 159], [1, 0, 22, 65, 291, 21]]
traning started for  36 epoch
epoch 36 loss: 4.38690185547e-05
validation accuracy :  1.0
validation class_total [1200.0, 1200.0, 1200.0, 1200.0, 1200.0, 1200.0]
validation class_correct [1200.0, 1200.0, 1200.0, 1200.0, 1200.0, 1200.0]
validation confusion_matrix [[1200, 0, 0, 0, 0, 0], [0, 1200, 0, 0, 0, 0], [0, 0, 1200, 0, 0, 0], [0, 0, 0, 1200, 0, 0], [0, 0, 0, 0, 1200, 0], [0, 0, 0, 0, 0, 1200]]
test accuracy :  0.212083333333
class_total [400.0, 400.0, 400.0, 400.0, 400.0, 400.0]
class_correct [32.0, 0.0, 286.0, 122.0, 61.0, 8.0]
confusion_matrix [[32, 129, 18, 6, 168, 47], [4, 0, 1, 125, 158, 112], [0, 45, 286, 0, 43, 26], [23, 2, 0, 122, 182, 71], [5, 79, 100, 1, 61, 154], [1, 0, 19, 52, 320, 8]]
traning started for  37 epoch
epoch 37 loss: 2.47955322266e-05
validation accuracy :  1.0
validation class_total [1200.0, 1200.0, 1200.0, 1200.0, 1200.0, 1200.0]
validation class_correct [1200.0, 1200.0, 1200.0, 1200.0, 1200.0, 1200.0]
validation confusion_matrix [[1200, 0, 0, 0, 0, 0], [0, 1200, 0, 0, 0, 0], [0, 0, 1200, 0, 0, 0], [0, 0, 0, 1200, 0, 0], [0, 0, 0, 0, 1200, 0], [0, 0, 0, 0, 0, 1200]]
test accuracy :  0.221666666667
class_total [400.0, 400.0, 400.0, 400.0, 400.0, 400.0]
class_correct [41.0, 0.0, 296.0, 130.0, 54.0, 11.0]
confusion_matrix [[41, 107, 19, 7, 155, 71], [4, 0, 1, 131, 147, 117], [0, 32, 296, 0, 41, 31], [20, 3, 1, 130, 162, 84], [3, 68, 106, 0, 54, 169], [2, 0, 20, 73, 294, 11]]
traning started for  38 epoch
epoch 38 loss: 0.00173759460449
validation accuracy :  0.999861111111
validation class_total [1200.0, 1200.0, 1200.0, 1200.0, 1200.0, 1200.0]
validation class_correct [1200.0, 1200.0, 1200.0, 1200.0, 1200.0, 1199.0]
validation confusion_matrix [[1200, 0, 0, 0, 0, 0], [0, 1200, 0, 0, 0, 0], [0, 0, 1200, 0, 0, 0], [0, 0, 0, 1200, 0, 0], [0, 0, 0, 0, 1200, 0], [0, 0, 0, 1, 0, 1199]]
test accuracy :  0.219583333333
class_total [400.0, 400.0, 400.0, 400.0, 400.0, 400.0]
class_correct [38.0, 0.0, 293.0, 136.0, 46.0, 14.0]
confusion_matrix [[38, 87, 22, 16, 167, 70], [4, 0, 3, 135, 138, 120], [0, 29, 293, 0, 46, 32], [23, 1, 1, 136, 161, 78], [2, 60, 119, 1, 46, 172], [1, 0, 18, 80, 287, 14]]
traning started for  39 epoch
epoch 39 loss: 0.000260353088379
validation accuracy :  0.998055555556
validation class_total [1200.0, 1200.0, 1200.0, 1200.0, 1200.0, 1200.0]
validation class_correct [1200.0, 1196.0, 1198.0, 1198.0, 1195.0, 1199.0]
validation confusion_matrix [[1200, 0, 0, 0, 0, 0], [2, 1196, 0, 0, 2, 0], [0, 0, 1198, 0, 0, 2], [2, 0, 0, 1198, 0, 0], [4, 0, 0, 1, 1195, 0], [0, 0, 0, 1, 0, 1199]]
test accuracy :  0.2425
class_total [400.0, 400.0, 400.0, 400.0, 400.0, 400.0]
class_correct [121.0, 0.0, 210.0, 173.0, 65.0, 13.0]
confusion_matrix [[121, 35, 3, 20, 162, 59], [24, 0, 0, 184, 108, 84], [0, 12, 210, 0, 56, 122], [68, 1, 0, 173, 103, 55], [13, 24, 56, 10, 65, 232], [3, 0, 12, 97, 275, 13]]
traning started for  40 epoch
epoch 40 loss: 1.52587890625e-05
validation accuracy :  1.0
validation class_total [1200.0, 1200.0, 1200.0, 1200.0, 1200.0, 1200.0]
validation class_correct [1200.0, 1200.0, 1200.0, 1200.0, 1200.0, 1200.0]
validation confusion_matrix [[1200, 0, 0, 0, 0, 0], [0, 1200, 0, 0, 0, 0], [0, 0, 1200, 0, 0, 0], [0, 0, 0, 1200, 0, 0], [0, 0, 0, 0, 1200, 0], [0, 0, 0, 0, 0, 1200]]
test accuracy :  0.20625
class_total [400.0, 400.0, 400.0, 400.0, 400.0, 400.0]
class_correct [30.0, 1.0, 304.0, 106.0, 41.0, 13.0]
confusion_matrix [[30, 95, 30, 10, 159, 76], [5, 1, 3, 104, 155, 132], [0, 30, 304, 0, 35, 31], [19, 2, 0, 106, 184, 89], [3, 65, 126, 0, 41, 165], [1, 0, 22, 61, 303, 13]]
traning started for  41 epoch
epoch 41 loss: 6.29425048828e-05
validation accuracy :  0.999861111111
validation class_total [1200.0, 1200.0, 1200.0, 1200.0, 1200.0, 1200.0]
validation class_correct [1200.0, 1200.0, 1200.0, 1200.0, 1199.0, 1200.0]
validation confusion_matrix [[1200, 0, 0, 0, 0, 0], [0, 1200, 0, 0, 0, 0], [0, 0, 1200, 0, 0, 0], [0, 0, 0, 1200, 0, 0], [0, 1, 0, 0, 1199, 0], [0, 0, 0, 0, 0, 1200]]
test accuracy :  0.215416666667
class_total [400.0, 400.0, 400.0, 400.0, 400.0, 400.0]
class_correct [33.0, 0.0, 307.0, 128.0, 34.0, 15.0]
confusion_matrix [[33, 99, 27, 16, 135, 90], [4, 0, 3, 131, 115, 147], [0, 28, 307, 0, 31, 34], [20, 3, 0, 128, 157, 92], [1, 71, 122, 0, 34, 172], [2, 0, 19, 79, 285, 15]]
traning started for  42 epoch
epoch 42 loss: 8.20159912109e-05
validation accuracy :  1.0
validation class_total [1200.0, 1200.0, 1200.0, 1200.0, 1200.0, 1200.0]
validation class_correct [1200.0, 1200.0, 1200.0, 1200.0, 1200.0, 1200.0]
validation confusion_matrix [[1200, 0, 0, 0, 0, 0], [0, 1200, 0, 0, 0, 0], [0, 0, 1200, 0, 0, 0], [0, 0, 0, 1200, 0, 0], [0, 0, 0, 0, 1200, 0], [0, 0, 0, 0, 0, 1200]]
test accuracy :  0.219583333333
class_total [400.0, 400.0, 400.0, 400.0, 400.0, 400.0]
class_correct [37.0, 0.0, 301.0, 129.0, 53.0, 7.0]
confusion_matrix [[37, 90, 26, 14, 164, 69], [4, 0, 3, 128, 156, 109], [0, 19, 301, 0, 51, 29], [14, 1, 1, 129, 176, 79], [1, 53, 130, 0, 53, 163], [1, 0, 18, 62, 312, 7]]
traning started for  43 epoch
epoch 43 loss: 0.000351905822754
validation accuracy :  1.0
validation class_total [1200.0, 1200.0, 1200.0, 1200.0, 1200.0, 1200.0]
validation class_correct [1200.0, 1200.0, 1200.0, 1200.0, 1200.0, 1200.0]
validation confusion_matrix [[1200, 0, 0, 0, 0, 0], [0, 1200, 0, 0, 0, 0], [0, 0, 1200, 0, 0, 0], [0, 0, 0, 1200, 0, 0], [0, 0, 0, 0, 1200, 0], [0, 0, 0, 0, 0, 1200]]
test accuracy :  0.212083333333
class_total [400.0, 400.0, 400.0, 400.0, 400.0, 400.0]
class_correct [28.0, 0.0, 307.0, 124.0, 40.0, 10.0]
confusion_matrix [[28, 101, 21, 10, 176, 64], [7, 0, 3, 108, 152, 130], [0, 26, 307, 0, 43, 24], [12, 2, 0, 124, 181, 81], [1, 66, 127, 1, 40, 165], [1, 0, 21, 55, 313, 10]]
traning started for  44 epoch
epoch 44 loss: 2.5749206543e-05
validation accuracy :  1.0
validation class_total [1200.0, 1200.0, 1200.0, 1200.0, 1200.0, 1200.0]
validation class_correct [1200.0, 1200.0, 1200.0, 1200.0, 1200.0, 1200.0]
validation confusion_matrix [[1200, 0, 0, 0, 0, 0], [0, 1200, 0, 0, 0, 0], [0, 0, 1200, 0, 0, 0], [0, 0, 0, 1200, 0, 0], [0, 0, 0, 0, 1200, 0], [0, 0, 0, 0, 0, 1200]]
test accuracy :  0.217916666667
class_total [400.0, 400.0, 400.0, 400.0, 400.0, 400.0]
class_correct [32.0, 0.0, 315.0, 115.0, 48.0, 13.0]
confusion_matrix [[32, 110, 29, 7, 153, 69], [2, 0, 4, 124, 140, 130], [0, 26, 315, 0, 32, 27], [19, 1, 0, 115, 188, 77], [1, 69, 125, 1, 48, 156], [2, 0, 22, 65, 298, 13]]
traning started for  45 epoch
epoch 45 loss: 9.53674316406e-05
validation accuracy :  1.0
validation class_total [1200.0, 1200.0, 1200.0, 1200.0, 1200.0, 1200.0]
validation class_correct [1200.0, 1200.0, 1200.0, 1200.0, 1200.0, 1200.0]
validation confusion_matrix [[1200, 0, 0, 0, 0, 0], [0, 1200, 0, 0, 0, 0], [0, 0, 1200, 0, 0, 0], [0, 0, 0, 1200, 0, 0], [0, 0, 0, 0, 1200, 0], [0, 0, 0, 0, 0, 1200]]
test accuracy :  0.214583333333
class_total [400.0, 400.0, 400.0, 400.0, 400.0, 400.0]
class_correct [26.0, 0.0, 315.0, 118.0, 44.0, 12.0]
confusion_matrix [[26, 116, 33, 6, 152, 67], [4, 0, 2, 103, 157, 134], [0, 28, 315, 0, 33, 24], [17, 1, 0, 118, 181, 83], [1, 73, 124, 1, 44, 157], [1, 0, 19, 61, 307, 12]]
traning started for  46 epoch
epoch 46 loss: 0.00119686126709
validation accuracy :  1.0
validation class_total [1200.0, 1200.0, 1200.0, 1200.0, 1200.0, 1200.0]
validation class_correct [1200.0, 1200.0, 1200.0, 1200.0, 1200.0, 1200.0]
validation confusion_matrix [[1200, 0, 0, 0, 0, 0], [0, 1200, 0, 0, 0, 0], [0, 0, 1200, 0, 0, 0], [0, 0, 0, 1200, 0, 0], [0, 0, 0, 0, 1200, 0], [0, 0, 0, 0, 0, 1200]]
test accuracy :  0.21875
class_total [400.0, 400.0, 400.0, 400.0, 400.0, 400.0]
class_correct [29.0, 0.0, 284.0, 158.0, 41.0, 13.0]
confusion_matrix [[29, 69, 25, 17, 166, 94], [3, 0, 2, 150, 124, 121], [0, 14, 284, 0, 49, 53], [14, 2, 0, 158, 153, 73], [2, 41, 123, 0, 41, 193], [1, 0, 22, 91, 273, 13]]
traning started for  47 epoch
epoch 47 loss: 1.90734863281e-05
validation accuracy :  1.0
validation class_total [1200.0, 1200.0, 1200.0, 1200.0, 1200.0, 1200.0]
validation class_correct [1200.0, 1200.0, 1200.0, 1200.0, 1200.0, 1200.0]
validation confusion_matrix [[1200, 0, 0, 0, 0, 0], [0, 1200, 0, 0, 0, 0], [0, 0, 1200, 0, 0, 0], [0, 0, 0, 1200, 0, 0], [0, 0, 0, 0, 1200, 0], [0, 0, 0, 0, 0, 1200]]
test accuracy :  0.23125
class_total [400.0, 400.0, 400.0, 400.0, 400.0, 400.0]
class_correct [39.0, 0.0, 292.0, 154.0, 59.0, 11.0]
confusion_matrix [[39, 75, 23, 19, 164, 80], [3, 0, 2, 151, 126, 118], [0, 13, 292, 0, 54, 41], [12, 1, 0, 154, 164, 69], [1, 44, 117, 1, 59, 178], [1, 0, 15, 74, 299, 11]]
traning started for  48 epoch
epoch 48 loss: 0.00653266906738
validation accuracy :  0.999444444444
validation class_total [1200.0, 1200.0, 1200.0, 1200.0, 1200.0, 1200.0]
validation class_correct [1196.0, 1200.0, 1200.0, 1200.0, 1200.0, 1200.0]
validation confusion_matrix [[1196, 0, 0, 4, 0, 0], [0, 1200, 0, 0, 0, 0], [0, 0, 1200, 0, 0, 0], [0, 0, 0, 1200, 0, 0], [0, 0, 0, 0, 1200, 0], [0, 0, 0, 0, 0, 1200]]
test accuracy :  0.222083333333
class_total [400.0, 400.0, 400.0, 400.0, 400.0, 400.0]
class_correct [13.0, 0.0, 298.0, 159.0, 48.0, 15.0]
confusion_matrix [[13, 71, 31, 24, 164, 97], [1, 0, 1, 153, 109, 136], [0, 16, 298, 0, 40, 46], [12, 1, 0, 159, 151, 77], [2, 44, 127, 5, 48, 174], [1, 0, 21, 114, 249, 15]]
traning started for  49 epoch
epoch 49 loss: 0.000268936157227
validation accuracy :  1.0
validation class_total [1200.0, 1200.0, 1200.0, 1200.0, 1200.0, 1200.0]
validation class_correct [1200.0, 1200.0, 1200.0, 1200.0, 1200.0, 1200.0]
validation confusion_matrix [[1200, 0, 0, 0, 0, 0], [0, 1200, 0, 0, 0, 0], [0, 0, 1200, 0, 0, 0], [0, 0, 0, 1200, 0, 0], [0, 0, 0, 0, 1200, 0], [0, 0, 0, 0, 0, 1200]]
test accuracy :  0.205
class_total [400.0, 400.0, 400.0, 400.0, 400.0, 400.0]
class_correct [36.0, 0.0, 282.0, 114.0, 52.0, 8.0]
confusion_matrix [[36, 120, 16, 11, 151, 66], [10, 0, 2, 121, 135, 132], [0, 39, 282, 0, 48, 31], [25, 1, 0, 114, 172, 88], [4, 77, 107, 0, 52, 160], [1, 0, 19, 67, 305, 8]]
traning started for  50 epoch
epoch 50 loss: 0.000110626220703
validation accuracy :  1.0
validation class_total [1200.0, 1200.0, 1200.0, 1200.0, 1200.0, 1200.0]
validation class_correct [1200.0, 1200.0, 1200.0, 1200.0, 1200.0, 1200.0]
validation confusion_matrix [[1200, 0, 0, 0, 0, 0], [0, 1200, 0, 0, 0, 0], [0, 0, 1200, 0, 0, 0], [0, 0, 0, 1200, 0, 0], [0, 0, 0, 0, 1200, 0], [0, 0, 0, 0, 0, 1200]]
test accuracy :  0.225
class_total [400.0, 400.0, 400.0, 400.0, 400.0, 400.0]
class_correct [36.0, 0.0, 294.0, 146.0, 53.0, 11.0]
confusion_matrix [[36, 80, 23, 14, 157, 90], [5, 0, 2, 150, 120, 123], [0, 26, 294, 0, 40, 40], [26, 1, 0, 146, 144, 83], [2, 62, 95, 0, 53, 188], [1, 0, 18, 70, 300, 11]]
traning started for  51 epoch
epoch 51 loss: 6.86645507812e-05
validation accuracy :  1.0
validation class_total [1200.0, 1200.0, 1200.0, 1200.0, 1200.0, 1200.0]
validation class_correct [1200.0, 1200.0, 1200.0, 1200.0, 1200.0, 1200.0]
validation confusion_matrix [[1200, 0, 0, 0, 0, 0], [0, 1200, 0, 0, 0, 0], [0, 0, 1200, 0, 0, 0], [0, 0, 0, 1200, 0, 0], [0, 0, 0, 0, 1200, 0], [0, 0, 0, 0, 0, 1200]]
test accuracy :  0.210416666667
class_total [400.0, 400.0, 400.0, 400.0, 400.0, 400.0]
class_correct [34.0, 0.0, 291.0, 124.0, 46.0, 10.0]
confusion_matrix [[34, 107, 22, 13, 151, 73], [10, 0, 3, 118, 147, 122], [0, 38, 291, 0, 41, 30], [27, 1, 0, 124, 168, 80], [3, 63, 119, 1, 46, 168], [2, 0, 18, 63, 307, 10]]
traning started for  52 epoch
epoch 52 loss: 7.62939453125e-06
validation accuracy :  1.0
validation class_total [1200.0, 1200.0, 1200.0, 1200.0, 1200.0, 1200.0]
validation class_correct [1200.0, 1200.0, 1200.0, 1200.0, 1200.0, 1200.0]
validation confusion_matrix [[1200, 0, 0, 0, 0, 0], [0, 1200, 0, 0, 0, 0], [0, 0, 1200, 0, 0, 0], [0, 0, 0, 1200, 0, 0], [0, 0, 0, 0, 1200, 0], [0, 0, 0, 0, 0, 1200]]
test accuracy :  0.22125
class_total [400.0, 400.0, 400.0, 400.0, 400.0, 400.0]
class_correct [37.0, 0.0, 293.0, 140.0, 47.0, 14.0]
confusion_matrix [[37, 91, 19, 18, 149, 86], [3, 0, 3, 132, 124, 138], [0, 20, 293, 0, 44, 43], [26, 3, 0, 140, 153, 78], [4, 52, 114, 2, 47, 181], [2, 0, 18, 69, 297, 14]]
traning started for  53 epoch
epoch 53 loss: 6.19888305664e-05
validation accuracy :  1.0
validation class_total [1200.0, 1200.0, 1200.0, 1200.0, 1200.0, 1200.0]
validation class_correct [1200.0, 1200.0, 1200.0, 1200.0, 1200.0, 1200.0]
validation confusion_matrix [[1200, 0, 0, 0, 0, 0], [0, 1200, 0, 0, 0, 0], [0, 0, 1200, 0, 0, 0], [0, 0, 0, 1200, 0, 0], [0, 0, 0, 0, 1200, 0], [0, 0, 0, 0, 0, 1200]]
test accuracy :  0.222916666667
class_total [400.0, 400.0, 400.0, 400.0, 400.0, 400.0]
class_correct [32.0, 0.0, 310.0, 137.0, 45.0, 11.0]
confusion_matrix [[32, 80, 27, 16, 166, 79], [5, 0, 2, 125, 135, 133], [0, 16, 310, 0, 37, 37], [13, 1, 0, 137, 167, 82], [2, 51, 124, 0, 45, 178], [1, 0, 18, 68, 302, 11]]
traning started for  54 epoch
epoch 54 loss: 0.000147819519043
validation accuracy :  1.0
validation class_total [1200.0, 1200.0, 1200.0, 1200.0, 1200.0, 1200.0]
validation class_correct [1200.0, 1200.0, 1200.0, 1200.0, 1200.0, 1200.0]
validation confusion_matrix [[1200, 0, 0, 0, 0, 0], [0, 1200, 0, 0, 0, 0], [0, 0, 1200, 0, 0, 0], [0, 0, 0, 1200, 0, 0], [0, 0, 0, 0, 1200, 0], [0, 0, 0, 0, 0, 1200]]
test accuracy :  0.219583333333
class_total [400.0, 400.0, 400.0, 400.0, 400.0, 400.0]
class_correct [38.0, 0.0, 296.0, 129.0, 45.0, 19.0]
confusion_matrix [[38, 89, 16, 15, 155, 87], [7, 0, 2, 131, 137, 123], [0, 25, 296, 0, 38, 41], [18, 1, 0, 129, 167, 85], [4, 60, 110, 1, 45, 180], [2, 0, 21, 65, 293, 19]]
traning started for  55 epoch
epoch 55 loss: 5.14984130859e-05
