cuda
Training started
traning started for  1 epoch
epoch 1 loss: 1.90528130531
validation accuracy :  0.253611111111
validation class_total [1200.0, 1200.0, 1200.0, 1200.0, 1200.0, 1200.0]
validation class_correct [421.0, 464.0, 297.0, 272.0, 148.0, 224.0]
validation confusion_matrix [[421, 196, 67, 213, 137, 166], [178, 464, 207, 119, 93, 139], [103, 454, 297, 101, 107, 138], [348, 190, 55, 272, 157, 178], [324, 242, 120, 206, 148, 160], [253, 277, 140, 184, 122, 224]]
test accuracy :  0.174166666667
class_total [400.0, 400.0, 400.0, 400.0, 400.0, 400.0]
class_correct [77.0, 87.0, 90.0, 70.0, 39.0, 55.0]
confusion_matrix [[77, 120, 50, 40, 49, 64], [93, 87, 26, 76, 67, 51], [37, 145, 90, 39, 34, 55], [88, 94, 29, 70, 59, 60], [68, 119, 68, 51, 39, 55], [123, 58, 18, 80, 66, 55]]
traning started for  2 epoch
epoch 2 loss: 1.70225906372
validation accuracy :  0.351805555556
validation class_total [1200.0, 1200.0, 1200.0, 1200.0, 1200.0, 1200.0]
validation class_correct [435.0, 392.0, 837.0, 574.0, 142.0, 153.0]
validation confusion_matrix [[435, 90, 95, 385, 99, 96], [16, 392, 709, 24, 20, 39], [19, 244, 837, 24, 23, 53], [371, 41, 31, 574, 109, 74], [275, 181, 212, 277, 142, 113], [223, 221, 283, 218, 102, 153]]
test accuracy :  0.19125
class_total [400.0, 400.0, 400.0, 400.0, 400.0, 400.0]
class_correct [9.0, 38.0, 205.0, 125.0, 33.0, 49.0]
confusion_matrix [[9, 166, 150, 15, 17, 43], [112, 38, 32, 122, 47, 49], [2, 143, 205, 5, 15, 30], [88, 48, 31, 125, 65, 43], [24, 91, 139, 27, 33, 86], [132, 23, 14, 129, 53, 49]]
traning started for  3 epoch
epoch 3 loss: 1.92755413055
validation accuracy :  0.482777777778
validation class_total [1200.0, 1200.0, 1200.0, 1200.0, 1200.0, 1200.0]
validation class_correct [324.0, 768.0, 663.0, 908.0, 335.0, 478.0]
validation confusion_matrix [[324, 7, 1, 606, 131, 131], [0, 768, 315, 0, 36, 81], [2, 394, 663, 1, 37, 103], [201, 0, 0, 908, 49, 42], [205, 42, 18, 232, 335, 368], [191, 75, 27, 152, 277, 478]]
test accuracy :  0.157916666667
class_total [400.0, 400.0, 400.0, 400.0, 400.0, 400.0]
class_correct [4.0, 2.0, 89.0, 156.0, 59.0, 69.0]
confusion_matrix [[4, 208, 66, 0, 47, 75], [125, 2, 0, 190, 40, 43], [1, 150, 89, 0, 45, 115], [103, 5, 2, 156, 63, 71], [4, 109, 84, 1, 59, 143], [115, 0, 0, 162, 54, 69]]
traning started for  4 epoch
epoch 4 loss: 0.527440786362
validation accuracy :  0.63375
validation class_total [1200.0, 1200.0, 1200.0, 1200.0, 1200.0, 1200.0]
validation class_correct [460.0, 918.0, 1053.0, 927.0, 453.0, 752.0]
validation confusion_matrix [[460, 2, 0, 544, 88, 106], [0, 918, 208, 0, 26, 48], [0, 106, 1053, 0, 14, 27], [222, 0, 0, 927, 22, 29], [116, 30, 24, 63, 453, 514], [79, 22, 16, 26, 305, 752]]
test accuracy :  0.246666666667
class_total [400.0, 400.0, 400.0, 400.0, 400.0, 400.0]
class_correct [2.0, 0.0, 225.0, 123.0, 106.0, 136.0]
confusion_matrix [[2, 155, 80, 1, 71, 91], [102, 0, 1, 160, 37, 100], [0, 109, 225, 0, 20, 46], [81, 2, 0, 123, 85, 109], [1, 34, 102, 1, 106, 156], [75, 2, 3, 77, 107, 136]]
traning started for  5 epoch
epoch 5 loss: 0.180814981461
validation accuracy :  0.789861111111
validation class_total [1200.0, 1200.0, 1200.0, 1200.0, 1200.0, 1200.0]
validation class_correct [653.0, 1079.0, 1181.0, 1132.0, 689.0, 953.0]
validation confusion_matrix [[653, 2, 0, 454, 51, 40], [0, 1079, 88, 0, 6, 27], [0, 5, 1181, 0, 7, 7], [35, 0, 0, 1132, 11, 22], [33, 21, 27, 46, 689, 384], [14, 12, 31, 24, 166, 953]]
test accuracy :  0.2375
class_total [400.0, 400.0, 400.0, 400.0, 400.0, 400.0]
class_correct [1.0, 0.0, 322.0, 128.0, 56.0, 63.0]
confusion_matrix [[1, 81, 115, 0, 106, 97], [11, 0, 0, 208, 53, 128], [0, 40, 322, 0, 6, 32], [33, 0, 2, 128, 46, 191], [0, 6, 138, 1, 56, 199], [5, 0, 10, 111, 211, 63]]
traning started for  6 epoch
epoch 6 loss: 1.61412978172
validation accuracy :  0.906666666667
validation class_total [1200.0, 1200.0, 1200.0, 1200.0, 1200.0, 1200.0]
validation class_correct [1021.0, 1062.0, 1197.0, 1161.0, 954.0, 1133.0]
validation confusion_matrix [[1021, 1, 0, 114, 53, 11], [0, 1062, 110, 0, 4, 24], [0, 0, 1197, 0, 0, 3], [4, 0, 0, 1161, 10, 25], [4, 12, 35, 15, 954, 180], [0, 2, 50, 7, 8, 1133]]
test accuracy :  0.238333333333
class_total [400.0, 400.0, 400.0, 400.0, 400.0, 400.0]
class_correct [2.0, 0.0, 369.0, 99.0, 23.0, 79.0]
confusion_matrix [[2, 20, 180, 1, 136, 61], [5, 0, 0, 170, 35, 190], [0, 11, 369, 0, 2, 18], [19, 0, 1, 99, 68, 213], [0, 6, 163, 0, 23, 208], [0, 0, 29, 86, 206, 79]]
traning started for  7 epoch
epoch 7 loss: 0.178582191467
validation accuracy :  0.976527777778
validation class_total [1200.0, 1200.0, 1200.0, 1200.0, 1200.0, 1200.0]
validation class_correct [1165.0, 1173.0, 1189.0, 1186.0, 1156.0, 1162.0]
validation confusion_matrix [[1165, 0, 0, 20, 14, 1], [0, 1173, 9, 0, 4, 14], [0, 0, 1189, 0, 1, 10], [7, 0, 0, 1186, 5, 2], [7, 2, 3, 13, 1156, 19], [0, 0, 6, 26, 6, 1162]]
test accuracy :  0.190416666667
class_total [400.0, 400.0, 400.0, 400.0, 400.0, 400.0]
class_correct [2.0, 0.0, 306.0, 101.0, 21.0, 27.0]
confusion_matrix [[2, 12, 72, 3, 276, 35], [10, 0, 0, 222, 69, 99], [0, 31, 306, 0, 15, 48], [30, 1, 1, 101, 126, 141], [1, 12, 94, 0, 21, 272], [0, 0, 11, 107, 255, 27]]
traning started for  8 epoch
epoch 8 loss: 0.210590839386
validation accuracy :  0.99
validation class_total [1200.0, 1200.0, 1200.0, 1200.0, 1200.0, 1200.0]
validation class_correct [1187.0, 1197.0, 1197.0, 1191.0, 1173.0, 1183.0]
validation confusion_matrix [[1187, 0, 0, 8, 4, 1], [0, 1197, 0, 0, 1, 2], [0, 1, 1197, 0, 0, 2], [6, 0, 0, 1191, 3, 0], [5, 3, 9, 2, 1173, 8], [0, 1, 2, 12, 2, 1183]]
test accuracy :  0.194166666667
class_total [400.0, 400.0, 400.0, 400.0, 400.0, 400.0]
class_correct [2.0, 0.0, 315.0, 101.0, 5.0, 43.0]
confusion_matrix [[2, 69, 55, 1, 237, 36], [8, 0, 1, 203, 71, 117], [0, 33, 315, 0, 13, 39], [23, 2, 0, 101, 154, 120], [0, 15, 125, 0, 5, 255], [0, 0, 20, 94, 243, 43]]
traning started for  9 epoch
epoch 9 loss: 0.0349287986755
validation accuracy :  0.994166666667
validation class_total [1200.0, 1200.0, 1200.0, 1200.0, 1200.0, 1200.0]
validation class_correct [1189.0, 1200.0, 1200.0, 1194.0, 1180.0, 1195.0]
validation confusion_matrix [[1189, 0, 0, 7, 3, 1], [0, 1200, 0, 0, 0, 0], [0, 0, 1200, 0, 0, 0], [4, 0, 0, 1194, 1, 1], [2, 4, 4, 4, 1180, 6], [0, 0, 0, 5, 0, 1195]]
test accuracy :  0.18
class_total [400.0, 400.0, 400.0, 400.0, 400.0, 400.0]
class_correct [1.0, 0.0, 294.0, 93.0, 9.0, 35.0]
confusion_matrix [[1, 60, 58, 3, 245, 33], [9, 0, 1, 183, 61, 146], [0, 51, 294, 0, 15, 40], [32, 2, 0, 93, 147, 126], [0, 39, 138, 1, 9, 213], [0, 0, 26, 93, 246, 35]]
traning started for  10 epoch
epoch 10 loss: 0.0218067169189
validation accuracy :  0.995555555556
validation class_total [1200.0, 1200.0, 1200.0, 1200.0, 1200.0, 1200.0]
validation class_correct [1188.0, 1198.0, 1199.0, 1200.0, 1193.0, 1190.0]
validation confusion_matrix [[1188, 0, 0, 5, 7, 0], [0, 1198, 1, 0, 0, 1], [0, 0, 1199, 0, 1, 0], [0, 0, 0, 1200, 0, 0], [1, 0, 3, 2, 1193, 1], [0, 0, 5, 3, 2, 1190]]
test accuracy :  0.208333333333
class_total [400.0, 400.0, 400.0, 400.0, 400.0, 400.0]
class_correct [1.0, 0.0, 369.0, 112.0, 6.0, 12.0]
confusion_matrix [[1, 34, 87, 2, 236, 40], [2, 0, 1, 189, 104, 104], [0, 13, 369, 0, 9, 9], [8, 3, 4, 112, 190, 83], [0, 20, 173, 1, 6, 200], [0, 0, 17, 93, 278, 12]]
traning started for  11 epoch
epoch 11 loss: 0.0833477973938
validation accuracy :  0.998888888889
validation class_total [1200.0, 1200.0, 1200.0, 1200.0, 1200.0, 1200.0]
validation class_correct [1199.0, 1199.0, 1199.0, 1200.0, 1198.0, 1197.0]
validation confusion_matrix [[1199, 0, 0, 1, 0, 0], [0, 1199, 0, 0, 1, 0], [0, 0, 1199, 0, 0, 1], [0, 0, 0, 1200, 0, 0], [0, 0, 2, 0, 1198, 0], [0, 0, 2, 1, 0, 1197]]
test accuracy :  0.185416666667
class_total [400.0, 400.0, 400.0, 400.0, 400.0, 400.0]
class_correct [2.0, 0.0, 325.0, 93.0, 13.0, 12.0]
confusion_matrix [[2, 28, 57, 4, 275, 34], [9, 0, 0, 180, 100, 111], [0, 32, 325, 0, 18, 25], [24, 4, 0, 93, 183, 96], [0, 21, 126, 0, 13, 240], [0, 0, 17, 81, 290, 12]]
traning started for  12 epoch
epoch 12 loss: 0.0097074508667
validation accuracy :  0.998472222222
validation class_total [1200.0, 1200.0, 1200.0, 1200.0, 1200.0, 1200.0]
validation class_correct [1198.0, 1200.0, 1200.0, 1199.0, 1196.0, 1196.0]
validation confusion_matrix [[1198, 0, 0, 0, 2, 0], [0, 1200, 0, 0, 0, 0], [0, 0, 1200, 0, 0, 0], [0, 0, 0, 1199, 0, 1], [1, 0, 2, 0, 1196, 1], [0, 0, 3, 0, 1, 1196]]
test accuracy :  0.190416666667
class_total [400.0, 400.0, 400.0, 400.0, 400.0, 400.0]
class_correct [3.0, 1.0, 351.0, 75.0, 2.0, 25.0]
confusion_matrix [[3, 28, 44, 3, 289, 33], [1, 1, 1, 140, 84, 173], [0, 19, 351, 0, 8, 22], [9, 3, 4, 75, 202, 107], [0, 22, 150, 0, 2, 226], [0, 0, 25, 67, 283, 25]]
traning started for  13 epoch
epoch 13 loss: 0.0136256217957
validation accuracy :  0.998333333333
validation class_total [1200.0, 1200.0, 1200.0, 1200.0, 1200.0, 1200.0]
validation class_correct [1193.0, 1200.0, 1200.0, 1199.0, 1198.0, 1198.0]
validation confusion_matrix [[1193, 0, 0, 5, 2, 0], [0, 1200, 0, 0, 0, 0], [0, 0, 1200, 0, 0, 0], [0, 0, 0, 1199, 0, 1], [0, 0, 2, 0, 1198, 0], [0, 0, 0, 2, 0, 1198]]
test accuracy :  0.193333333333
class_total [400.0, 400.0, 400.0, 400.0, 400.0, 400.0]
class_correct [1.0, 0.0, 328.0, 107.0, 6.0, 22.0]
confusion_matrix [[1, 48, 54, 1, 251, 45], [4, 0, 1, 178, 80, 137], [0, 23, 328, 0, 11, 38], [17, 0, 2, 107, 176, 98], [0, 13, 118, 0, 6, 263], [0, 0, 25, 79, 274, 22]]
traning started for  14 epoch
epoch 14 loss: 0.00550937652588
validation accuracy :  0.999305555556
validation class_total [1200.0, 1200.0, 1200.0, 1200.0, 1200.0, 1200.0]
validation class_correct [1199.0, 1200.0, 1200.0, 1199.0, 1198.0, 1199.0]
validation confusion_matrix [[1199, 0, 0, 1, 0, 0], [0, 1200, 0, 0, 0, 0], [0, 0, 1200, 0, 0, 0], [1, 0, 0, 1199, 0, 0], [0, 0, 1, 1, 1198, 0], [0, 0, 0, 1, 0, 1199]]
test accuracy :  0.176666666667
class_total [400.0, 400.0, 400.0, 400.0, 400.0, 400.0]
class_correct [2.0, 1.0, 291.0, 92.0, 8.0, 30.0]
confusion_matrix [[2, 57, 50, 2, 250, 39], [12, 1, 1, 182, 81, 123], [0, 34, 291, 0, 18, 57], [44, 2, 0, 92, 177, 85], [0, 36, 105, 0, 8, 251], [0, 0, 22, 79, 269, 30]]
traning started for  15 epoch
epoch 15 loss: 0.00737428665161
validation accuracy :  0.999861111111
validation class_total [1200.0, 1200.0, 1200.0, 1200.0, 1200.0, 1200.0]
validation class_correct [1200.0, 1200.0, 1200.0, 1200.0, 1200.0, 1199.0]
validation confusion_matrix [[1200, 0, 0, 0, 0, 0], [0, 1200, 0, 0, 0, 0], [0, 0, 1200, 0, 0, 0], [0, 0, 0, 1200, 0, 0], [0, 0, 0, 0, 1200, 0], [0, 0, 0, 1, 0, 1199]]
test accuracy :  0.165833333333
class_total [400.0, 400.0, 400.0, 400.0, 400.0, 400.0]
class_correct [2.0, 0.0, 286.0, 85.0, 4.0, 21.0]
confusion_matrix [[2, 79, 43, 1, 231, 44], [18, 0, 1, 170, 77, 134], [0, 36, 286, 0, 21, 57], [44, 2, 0, 85, 177, 92], [1, 30, 103, 0, 4, 262], [0, 0, 21, 70, 288, 21]]
traning started for  16 epoch
epoch 16 loss: 0.234293460846
validation accuracy :  0.995833333333
validation class_total [1200.0, 1200.0, 1200.0, 1200.0, 1200.0, 1200.0]
validation class_correct [1195.0, 1185.0, 1200.0, 1199.0, 1196.0, 1195.0]
validation confusion_matrix [[1195, 0, 0, 4, 1, 0], [0, 1185, 12, 0, 0, 3], [0, 0, 1200, 0, 0, 0], [0, 0, 0, 1199, 0, 1], [0, 0, 3, 0, 1196, 1], [0, 0, 5, 0, 0, 1195]]
test accuracy :  0.207916666667
class_total [400.0, 400.0, 400.0, 400.0, 400.0, 400.0]
class_correct [1.0, 0.0, 376.0, 108.0, 2.0, 12.0]
confusion_matrix [[1, 25, 80, 2, 252, 40], [1, 0, 7, 155, 64, 173], [0, 4, 376, 0, 2, 18], [6, 2, 10, 108, 168, 106], [0, 9, 175, 0, 2, 214], [0, 0, 38, 70, 280, 12]]
traning started for  17 epoch
epoch 17 loss: 0.000105857849121
validation accuracy :  0.999861111111
validation class_total [1200.0, 1200.0, 1200.0, 1200.0, 1200.0, 1200.0]
validation class_correct [1199.0, 1200.0, 1200.0, 1200.0, 1200.0, 1200.0]
validation confusion_matrix [[1199, 0, 0, 1, 0, 0], [0, 1200, 0, 0, 0, 0], [0, 0, 1200, 0, 0, 0], [0, 0, 0, 1200, 0, 0], [0, 0, 0, 0, 1200, 0], [0, 0, 0, 0, 0, 1200]]
test accuracy :  0.172083333333
class_total [400.0, 400.0, 400.0, 400.0, 400.0, 400.0]
class_correct [4.0, 0.0, 271.0, 88.0, 2.0, 48.0]
confusion_matrix [[4, 59, 31, 5, 229, 72], [15, 0, 1, 170, 76, 138], [0, 43, 271, 0, 7, 79], [50, 3, 0, 88, 167, 92], [0, 30, 84, 0, 2, 284], [0, 0, 22, 80, 250, 48]]
traning started for  18 epoch
epoch 18 loss: 9.34600830078e-05
validation accuracy :  0.999861111111
validation class_total [1200.0, 1200.0, 1200.0, 1200.0, 1200.0, 1200.0]
validation class_correct [1200.0, 1200.0, 1200.0, 1200.0, 1200.0, 1199.0]
validation confusion_matrix [[1200, 0, 0, 0, 0, 0], [0, 1200, 0, 0, 0, 0], [0, 0, 1200, 0, 0, 0], [0, 0, 0, 1200, 0, 0], [0, 0, 0, 0, 1200, 0], [0, 0, 1, 0, 0, 1199]]
test accuracy :  0.165416666667
class_total [400.0, 400.0, 400.0, 400.0, 400.0, 400.0]
class_correct [6.0, 1.0, 277.0, 82.0, 8.0, 23.0]
confusion_matrix [[6, 81, 29, 3, 234, 47], [22, 1, 0, 144, 99, 134], [0, 52, 277, 0, 13, 58], [42, 5, 0, 82, 190, 81], [0, 30, 109, 0, 8, 253], [0, 0, 23, 68, 286, 23]]
traning started for  19 epoch
epoch 19 loss: 0.000217437744141
validation accuracy :  0.999861111111
validation class_total [1200.0, 1200.0, 1200.0, 1200.0, 1200.0, 1200.0]
validation class_correct [1200.0, 1200.0, 1200.0, 1200.0, 1199.0, 1200.0]
validation confusion_matrix [[1200, 0, 0, 0, 0, 0], [0, 1200, 0, 0, 0, 0], [0, 0, 1200, 0, 0, 0], [0, 0, 0, 1200, 0, 0], [1, 0, 0, 0, 1199, 0], [0, 0, 0, 0, 0, 1200]]
test accuracy :  0.17875
class_total [400.0, 400.0, 400.0, 400.0, 400.0, 400.0]
class_correct [4.0, 0.0, 289.0, 101.0, 5.0, 30.0]
confusion_matrix [[4, 58, 37, 5, 249, 47], [11, 0, 1, 189, 71, 128], [0, 44, 289, 0, 9, 58], [42, 3, 1, 101, 176, 77], [0, 23, 124, 0, 5, 248], [0, 0, 30, 90, 250, 30]]
traning started for  20 epoch
epoch 20 loss: 0.00114583969116
validation accuracy :  0.999861111111
validation class_total [1200.0, 1200.0, 1200.0, 1200.0, 1200.0, 1200.0]
validation class_correct [1200.0, 1200.0, 1200.0, 1199.0, 1200.0, 1200.0]
validation confusion_matrix [[1200, 0, 0, 0, 0, 0], [0, 1200, 0, 0, 0, 0], [0, 0, 1200, 0, 0, 0], [1, 0, 0, 1199, 0, 0], [0, 0, 0, 0, 1200, 0], [0, 0, 0, 0, 0, 1200]]
test accuracy :  0.1625
class_total [400.0, 400.0, 400.0, 400.0, 400.0, 400.0]
class_correct [4.0, 0.0, 295.0, 65.0, 5.0, 21.0]
confusion_matrix [[4, 71, 27, 1, 259, 38], [10, 0, 1, 144, 115, 130], [0, 49, 295, 0, 14, 42], [41, 2, 1, 65, 198, 93], [0, 48, 128, 0, 5, 219], [0, 0, 37, 52, 290, 21]]
traning started for  21 epoch
epoch 21 loss: 0.00373649597168
validation accuracy :  1.0
validation class_total [1200.0, 1200.0, 1200.0, 1200.0, 1200.0, 1200.0]
validation class_correct [1200.0, 1200.0, 1200.0, 1200.0, 1200.0, 1200.0]
validation confusion_matrix [[1200, 0, 0, 0, 0, 0], [0, 1200, 0, 0, 0, 0], [0, 0, 1200, 0, 0, 0], [0, 0, 0, 1200, 0, 0], [0, 0, 0, 0, 1200, 0], [0, 0, 0, 0, 0, 1200]]
test accuracy :  0.160416666667
class_total [400.0, 400.0, 400.0, 400.0, 400.0, 400.0]
class_correct [5.0, 1.0, 288.0, 62.0, 14.0, 15.0]
confusion_matrix [[5, 68, 26, 1, 265, 35], [24, 1, 1, 148, 124, 102], [0, 50, 288, 0, 21, 41], [51, 5, 2, 62, 218, 62], [0, 44, 80, 0, 14, 262], [0, 0, 16, 45, 324, 15]]
traning started for  22 epoch
epoch 22 loss: 0.00132846832275
validation accuracy :  0.999861111111
validation class_total [1200.0, 1200.0, 1200.0, 1200.0, 1200.0, 1200.0]
validation class_correct [1200.0, 1200.0, 1199.0, 1200.0, 1200.0, 1200.0]
validation confusion_matrix [[1200, 0, 0, 0, 0, 0], [0, 1200, 0, 0, 0, 0], [0, 0, 1199, 0, 0, 1], [0, 0, 0, 1200, 0, 0], [0, 0, 0, 0, 1200, 0], [0, 0, 0, 0, 0, 1200]]
test accuracy :  0.166666666667
class_total [400.0, 400.0, 400.0, 400.0, 400.0, 400.0]
class_correct [6.0, 1.0, 290.0, 77.0, 10.0, 16.0]
confusion_matrix [[6, 60, 33, 4, 268, 29], [13, 1, 1, 138, 112, 135], [0, 49, 290, 0, 16, 45], [45, 2, 0, 77, 214, 62], [0, 52, 124, 0, 10, 214], [0, 0, 30, 46, 308, 16]]
traning started for  23 epoch
epoch 23 loss: 0.000270843505859
validation accuracy :  1.0
validation class_total [1200.0, 1200.0, 1200.0, 1200.0, 1200.0, 1200.0]
validation class_correct [1200.0, 1200.0, 1200.0, 1200.0, 1200.0, 1200.0]
validation confusion_matrix [[1200, 0, 0, 0, 0, 0], [0, 1200, 0, 0, 0, 0], [0, 0, 1200, 0, 0, 0], [0, 0, 0, 1200, 0, 0], [0, 0, 0, 0, 1200, 0], [0, 0, 0, 0, 0, 1200]]
test accuracy :  0.175416666667
class_total [400.0, 400.0, 400.0, 400.0, 400.0, 400.0]
class_correct [4.0, 1.0, 312.0, 79.0, 7.0, 18.0]
confusion_matrix [[4, 71, 42, 3, 244, 36], [13, 1, 1, 143, 104, 138], [0, 37, 312, 0, 7, 44], [37, 2, 2, 79, 194, 86], [0, 46, 138, 0, 7, 209], [0, 0, 26, 54, 302, 18]]
traning started for  24 epoch
epoch 24 loss: 0.00343990325928
validation accuracy :  1.0
validation class_total [1200.0, 1200.0, 1200.0, 1200.0, 1200.0, 1200.0]
validation class_correct [1200.0, 1200.0, 1200.0, 1200.0, 1200.0, 1200.0]
validation confusion_matrix [[1200, 0, 0, 0, 0, 0], [0, 1200, 0, 0, 0, 0], [0, 0, 1200, 0, 0, 0], [0, 0, 0, 1200, 0, 0], [0, 0, 0, 0, 1200, 0], [0, 0, 0, 0, 0, 1200]]
test accuracy :  0.169166666667
class_total [400.0, 400.0, 400.0, 400.0, 400.0, 400.0]
class_correct [4.0, 0.0, 297.0, 85.0, 3.0, 17.0]
confusion_matrix [[4, 66, 38, 5, 255, 32], [15, 0, 1, 153, 89, 142], [0, 42, 297, 0, 11, 50], [40, 2, 1, 85, 181, 91], [0, 27, 136, 1, 3, 233], [0, 0, 32, 50, 301, 17]]
traning started for  25 epoch
epoch 25 loss: 0.000213623046875
validation accuracy :  0.999861111111
validation class_total [1200.0, 1200.0, 1200.0, 1200.0, 1200.0, 1200.0]
validation class_correct [1200.0, 1200.0, 1200.0, 1200.0, 1199.0, 1200.0]
validation confusion_matrix [[1200, 0, 0, 0, 0, 0], [0, 1200, 0, 0, 0, 0], [0, 0, 1200, 0, 0, 0], [0, 0, 0, 1200, 0, 0], [0, 0, 0, 0, 1199, 1], [0, 0, 0, 0, 0, 1200]]
test accuracy :  0.176666666667
class_total [400.0, 400.0, 400.0, 400.0, 400.0, 400.0]
class_correct [5.0, 1.0, 300.0, 88.0, 4.0, 26.0]
confusion_matrix [[5, 67, 37, 4, 249, 38], [15, 1, 1, 159, 100, 124], [0, 39, 300, 0, 11, 50], [41, 2, 1, 88, 190, 78], [0, 42, 133, 0, 4, 221], [0, 0, 26, 72, 276, 26]]
traning started for  26 epoch
epoch 26 loss: 0.000511169433594
validation accuracy :  1.0
validation class_total [1200.0, 1200.0, 1200.0, 1200.0, 1200.0, 1200.0]
validation class_correct [1200.0, 1200.0, 1200.0, 1200.0, 1200.0, 1200.0]
validation confusion_matrix [[1200, 0, 0, 0, 0, 0], [0, 1200, 0, 0, 0, 0], [0, 0, 1200, 0, 0, 0], [0, 0, 0, 1200, 0, 0], [0, 0, 0, 0, 1200, 0], [0, 0, 0, 0, 0, 1200]]
test accuracy :  0.169166666667
class_total [400.0, 400.0, 400.0, 400.0, 400.0, 400.0]
class_correct [4.0, 1.0, 282.0, 96.0, 10.0, 13.0]
confusion_matrix [[4, 60, 39, 2, 266, 29], [14, 1, 1, 146, 120, 118], [0, 44, 282, 0, 18, 56], [30, 2, 0, 96, 204, 68], [0, 39, 132, 0, 10, 219], [0, 0, 25, 56, 306, 13]]
traning started for  27 epoch
epoch 27 loss: 0.000162124633789
validation accuracy :  0.999861111111
validation class_total [1200.0, 1200.0, 1200.0, 1200.0, 1200.0, 1200.0]
validation class_correct [1200.0, 1200.0, 1200.0, 1200.0, 1199.0, 1200.0]
validation confusion_matrix [[1200, 0, 0, 0, 0, 0], [0, 1200, 0, 0, 0, 0], [0, 0, 1200, 0, 0, 0], [0, 0, 0, 1200, 0, 0], [1, 0, 0, 0, 1199, 0], [0, 0, 0, 0, 0, 1200]]
test accuracy :  0.174166666667
class_total [400.0, 400.0, 400.0, 400.0, 400.0, 400.0]
class_correct [8.0, 0.0, 265.0, 119.0, 1.0, 25.0]
confusion_matrix [[8, 76, 26, 5, 229, 56], [22, 0, 0, 178, 72, 128], [0, 42, 265, 0, 18, 75], [47, 3, 0, 119, 128, 103], [0, 42, 103, 0, 1, 254], [0, 0, 23, 91, 261, 25]]
traning started for  28 epoch
epoch 28 loss: 0.00172805786133
validation accuracy :  1.0
validation class_total [1200.0, 1200.0, 1200.0, 1200.0, 1200.0, 1200.0]
validation class_correct [1200.0, 1200.0, 1200.0, 1200.0, 1200.0, 1200.0]
validation confusion_matrix [[1200, 0, 0, 0, 0, 0], [0, 1200, 0, 0, 0, 0], [0, 0, 1200, 0, 0, 0], [0, 0, 0, 1200, 0, 0], [0, 0, 0, 0, 1200, 0], [0, 0, 0, 0, 0, 1200]]
test accuracy :  0.164166666667
class_total [400.0, 400.0, 400.0, 400.0, 400.0, 400.0]
class_correct [3.0, 1.0, 269.0, 94.0, 5.0, 22.0]
confusion_matrix [[3, 75, 22, 1, 259, 40], [23, 1, 0, 154, 97, 125], [0, 58, 269, 0, 19, 54], [56, 3, 0, 94, 166, 81], [0, 54, 101, 0, 5, 240], [0, 0, 27, 57, 294, 22]]
traning started for  29 epoch
epoch 29 loss: 0.00452518463135
validation accuracy :  1.0
validation class_total [1200.0, 1200.0, 1200.0, 1200.0, 1200.0, 1200.0]
validation class_correct [1200.0, 1200.0, 1200.0, 1200.0, 1200.0, 1200.0]
validation confusion_matrix [[1200, 0, 0, 0, 0, 0], [0, 1200, 0, 0, 0, 0], [0, 0, 1200, 0, 0, 0], [0, 0, 0, 1200, 0, 0], [0, 0, 0, 0, 1200, 0], [0, 0, 0, 0, 0, 1200]]
test accuracy :  0.18
class_total [400.0, 400.0, 400.0, 400.0, 400.0, 400.0]
class_correct [5.0, 0.0, 303.0, 105.0, 3.0, 16.0]
confusion_matrix [[5, 65, 40, 4, 239, 47], [13, 0, 3, 168, 75, 141], [0, 35, 303, 0, 10, 52], [33, 2, 0, 105, 176, 84], [0, 37, 145, 0, 3, 215], [0, 1, 29, 82, 272, 16]]
traning started for  30 epoch
epoch 30 loss: 0.00144863128662
validation accuracy :  0.999861111111
validation class_total [1200.0, 1200.0, 1200.0, 1200.0, 1200.0, 1200.0]
validation class_correct [1200.0, 1200.0, 1199.0, 1200.0, 1200.0, 1200.0]
validation confusion_matrix [[1200, 0, 0, 0, 0, 0], [0, 1200, 0, 0, 0, 0], [0, 1, 1199, 0, 0, 0], [0, 0, 0, 1200, 0, 0], [0, 0, 0, 0, 1200, 0], [0, 0, 0, 0, 0, 1200]]
test accuracy :  0.17125
class_total [400.0, 400.0, 400.0, 400.0, 400.0, 400.0]
class_correct [2.0, 1.0, 302.0, 80.0, 6.0, 20.0]
confusion_matrix [[2, 64, 43, 7, 238, 46], [15, 1, 1, 156, 106, 121], [0, 34, 302, 0, 9, 55], [45, 3, 0, 80, 201, 71], [0, 39, 163, 0, 6, 192], [0, 0, 26, 80, 274, 20]]
traning started for  31 epoch
epoch 31 loss: 0.000265121459961
validation accuracy :  1.0
validation class_total [1200.0, 1200.0, 1200.0, 1200.0, 1200.0, 1200.0]
validation class_correct [1200.0, 1200.0, 1200.0, 1200.0, 1200.0, 1200.0]
validation confusion_matrix [[1200, 0, 0, 0, 0, 0], [0, 1200, 0, 0, 0, 0], [0, 0, 1200, 0, 0, 0], [0, 0, 0, 1200, 0, 0], [0, 0, 0, 0, 1200, 0], [0, 0, 0, 0, 0, 1200]]
test accuracy :  0.165833333333
class_total [400.0, 400.0, 400.0, 400.0, 400.0, 400.0]
class_correct [7.0, 0.0, 295.0, 80.0, 6.0, 10.0]
confusion_matrix [[7, 62, 32, 4, 248, 47], [18, 0, 1, 155, 107, 119], [0, 40, 295, 0, 15, 50], [38, 2, 0, 80, 189, 91], [0, 40, 145, 0, 6, 209], [0, 0, 26, 48, 316, 10]]
traning started for  32 epoch
epoch 32 loss: 0.00205993652344
validation accuracy :  1.0
validation class_total [1200.0, 1200.0, 1200.0, 1200.0, 1200.0, 1200.0]
validation class_correct [1200.0, 1200.0, 1200.0, 1200.0, 1200.0, 1200.0]
validation confusion_matrix [[1200, 0, 0, 0, 0, 0], [0, 1200, 0, 0, 0, 0], [0, 0, 1200, 0, 0, 0], [0, 0, 0, 1200, 0, 0], [0, 0, 0, 0, 1200, 0], [0, 0, 0, 0, 0, 1200]]
test accuracy :  0.170833333333
class_total [400.0, 400.0, 400.0, 400.0, 400.0, 400.0]
class_correct [7.0, 1.0, 281.0, 97.0, 7.0, 17.0]
confusion_matrix [[7, 63, 30, 6, 250, 44], [20, 1, 2, 175, 82, 120], [0, 36, 281, 0, 19, 64], [40, 0, 0, 97, 182, 81], [0, 32, 135, 0, 7, 226], [0, 0, 32, 74, 277, 17]]
traning started for  33 epoch
epoch 33 loss: 0.000335693359375
validation accuracy :  1.0
validation class_total [1200.0, 1200.0, 1200.0, 1200.0, 1200.0, 1200.0]
validation class_correct [1200.0, 1200.0, 1200.0, 1200.0, 1200.0, 1200.0]
validation confusion_matrix [[1200, 0, 0, 0, 0, 0], [0, 1200, 0, 0, 0, 0], [0, 0, 1200, 0, 0, 0], [0, 0, 0, 1200, 0, 0], [0, 0, 0, 0, 1200, 0], [0, 0, 0, 0, 0, 1200]]
test accuracy :  0.162916666667
class_total [400.0, 400.0, 400.0, 400.0, 400.0, 400.0]
class_correct [10.0, 0.0, 276.0, 83.0, 3.0, 19.0]
confusion_matrix [[10, 75, 36, 6, 229, 44], [18, 0, 0, 162, 96, 124], [0, 41, 276, 0, 17, 66], [38, 4, 1, 83, 188, 86], [1, 38, 136, 0, 3, 222], [0, 0, 34, 69, 278, 19]]
traning started for  34 epoch
epoch 34 loss: 0.000414848327637
validation accuracy :  1.0
validation class_total [1200.0, 1200.0, 1200.0, 1200.0, 1200.0, 1200.0]
validation class_correct [1200.0, 1200.0, 1200.0, 1200.0, 1200.0, 1200.0]
validation confusion_matrix [[1200, 0, 0, 0, 0, 0], [0, 1200, 0, 0, 0, 0], [0, 0, 1200, 0, 0, 0], [0, 0, 0, 1200, 0, 0], [0, 0, 0, 0, 1200, 0], [0, 0, 0, 0, 0, 1200]]
test accuracy :  0.16375
class_total [400.0, 400.0, 400.0, 400.0, 400.0, 400.0]
class_correct [7.0, 1.0, 291.0, 77.0, 5.0, 12.0]
confusion_matrix [[7, 63, 44, 4, 239, 43], [22, 1, 1, 153, 97, 126], [0, 38, 291, 0, 17, 54], [46, 2, 1, 77, 196, 78], [0, 45, 145, 1, 5, 204], [0, 0, 21, 73, 294, 12]]
traning started for  35 epoch
epoch 35 loss: 0.00025749206543
validation accuracy :  1.0
validation class_total [1200.0, 1200.0, 1200.0, 1200.0, 1200.0, 1200.0]
validation class_correct [1200.0, 1200.0, 1200.0, 1200.0, 1200.0, 1200.0]
validation confusion_matrix [[1200, 0, 0, 0, 0, 0], [0, 1200, 0, 0, 0, 0], [0, 0, 1200, 0, 0, 0], [0, 0, 0, 1200, 0, 0], [0, 0, 0, 0, 1200, 0], [0, 0, 0, 0, 0, 1200]]
test accuracy :  0.165416666667
class_total [400.0, 400.0, 400.0, 400.0, 400.0, 400.0]
class_correct [3.0, 1.0, 306.0, 67.0, 6.0, 14.0]
confusion_matrix [[3, 74, 42, 4, 240, 37], [15, 1, 2, 151, 99, 132], [0, 42, 306, 0, 8, 44], [46, 3, 2, 67, 209, 73], [0, 43, 143, 0, 6, 208], [0, 0, 33, 50, 303, 14]]
traning started for  36 epoch
epoch 36 loss: 0.00039005279541
validation accuracy :  1.0
validation class_total [1200.0, 1200.0, 1200.0, 1200.0, 1200.0, 1200.0]
validation class_correct [1200.0, 1200.0, 1200.0, 1200.0, 1200.0, 1200.0]
validation confusion_matrix [[1200, 0, 0, 0, 0, 0], [0, 1200, 0, 0, 0, 0], [0, 0, 1200, 0, 0, 0], [0, 0, 0, 1200, 0, 0], [0, 0, 0, 0, 1200, 0], [0, 0, 0, 0, 0, 1200]]
test accuracy :  0.159166666667
class_total [400.0, 400.0, 400.0, 400.0, 400.0, 400.0]
class_correct [6.0, 0.0, 296.0, 54.0, 8.0, 18.0]
confusion_matrix [[6, 79, 43, 2, 242, 28], [35, 0, 0, 108, 133, 124], [0, 55, 296, 0, 11, 38], [59, 5, 0, 54, 213, 69], [1, 58, 147, 0, 8, 186], [0, 0, 33, 39, 310, 18]]
traning started for  37 epoch
epoch 37 loss: 0.000818252563477
validation accuracy :  1.0
validation class_total [1200.0, 1200.0, 1200.0, 1200.0, 1200.0, 1200.0]
validation class_correct [1200.0, 1200.0, 1200.0, 1200.0, 1200.0, 1200.0]
validation confusion_matrix [[1200, 0, 0, 0, 0, 0], [0, 1200, 0, 0, 0, 0], [0, 0, 1200, 0, 0, 0], [0, 0, 0, 1200, 0, 0], [0, 0, 0, 0, 1200, 0], [0, 0, 0, 0, 0, 1200]]
test accuracy :  0.169583333333
class_total [400.0, 400.0, 400.0, 400.0, 400.0, 400.0]
class_correct [3.0, 0.0, 296.0, 91.0, 5.0, 12.0]
confusion_matrix [[3, 64, 69, 2, 219, 43], [10, 0, 2, 175, 94, 119], [0, 29, 296, 0, 13, 62], [37, 4, 1, 91, 172, 95], [0, 21, 162, 1, 5, 211], [0, 0, 35, 66, 287, 12]]
traning started for  38 epoch
epoch 38 loss: 0.000851631164551
validation accuracy :  1.0
validation class_total [1200.0, 1200.0, 1200.0, 1200.0, 1200.0, 1200.0]
validation class_correct [1200.0, 1200.0, 1200.0, 1200.0, 1200.0, 1200.0]
validation confusion_matrix [[1200, 0, 0, 0, 0, 0], [0, 1200, 0, 0, 0, 0], [0, 0, 1200, 0, 0, 0], [0, 0, 0, 1200, 0, 0], [0, 0, 0, 0, 1200, 0], [0, 0, 0, 0, 0, 1200]]
test accuracy :  0.165833333333
class_total [400.0, 400.0, 400.0, 400.0, 400.0, 400.0]
class_correct [3.0, 0.0, 293.0, 87.0, 4.0, 11.0]
confusion_matrix [[3, 74, 49, 6, 229, 39], [17, 0, 0, 169, 81, 133], [0, 35, 293, 0, 12, 60], [48, 6, 3, 87, 167, 89], [0, 37, 134, 1, 4, 224], [0, 0, 28, 59, 302, 11]]
traning started for  39 epoch
