cuda
Training started
traning started for  1 epoch
epoch 1 loss: 0.00216007232666
validation accuracy :  0.894907407407
validation class_total [3600.0, 3600.0, 3600.0, 3600.0, 3600.0, 3600.0]
validation class_correct [3190.0, 3386.0, 3336.0, 3184.0, 2808.0, 3426.0]
validation confusion_matrix [[3190, 16, 2, 159, 175, 58], [4, 3386, 99, 25, 41, 45], [1, 56, 3336, 6, 14, 187], [30, 12, 6, 3184, 53, 315], [32, 26, 142, 65, 2808, 527], [5, 25, 62, 38, 44, 3426]]
test accuracy :  0.196805555556
class_total [1200.0, 1200.0, 1200.0, 1200.0, 1200.0, 1200.0]
class_correct [73.0, 1.0, 533.0, 91.0, 41.0, 678.0]
confusion_matrix [[73, 321, 357, 162, 75, 212], [4, 1, 13, 61, 120, 1001], [0, 99, 533, 2, 91, 475], [25, 9, 18, 91, 232, 825], [6, 1, 638, 6, 41, 508], [0, 0, 100, 64, 358, 678]]
traning started for  2 epoch
epoch 2 loss: 0.00349473953247
validation accuracy :  0.945601851852
validation class_total [3600.0, 3600.0, 3600.0, 3600.0, 3600.0, 3600.0]
validation class_correct [3431.0, 3492.0, 3437.0, 3510.0, 3025.0, 3530.0]
validation confusion_matrix [[3431, 4, 2, 129, 20, 14], [8, 3492, 34, 14, 17, 35], [2, 34, 3437, 13, 7, 107], [27, 14, 4, 3510, 7, 38], [73, 23, 74, 96, 3025, 309], [6, 3, 17, 38, 6, 3530]]
test accuracy :  0.239444444444
class_total [1200.0, 1200.0, 1200.0, 1200.0, 1200.0, 1200.0]
class_correct [349.0, 2.0, 602.0, 161.0, 32.0, 578.0]
confusion_matrix [[349, 344, 110, 208, 20, 169], [42, 2, 9, 160, 87, 900], [2, 176, 602, 40, 46, 334], [35, 10, 12, 161, 228, 754], [11, 4, 584, 100, 32, 469], [2, 0, 118, 230, 272, 578]]
traning started for  3 epoch
epoch 3 loss: 0.00226211547852
validation accuracy :  0.969907407407
validation class_total [3600.0, 3600.0, 3600.0, 3600.0, 3600.0, 3600.0]
validation class_correct [3481.0, 3513.0, 3498.0, 3509.0, 3418.0, 3531.0]
validation confusion_matrix [[3481, 9, 0, 44, 57, 9], [3, 3513, 26, 16, 10, 32], [1, 13, 3498, 3, 14, 71], [19, 10, 5, 3509, 16, 41], [23, 8, 43, 14, 3418, 94], [9, 4, 9, 12, 35, 3531]]
test accuracy :  0.185
class_total [1200.0, 1200.0, 1200.0, 1200.0, 1200.0, 1200.0]
class_correct [337.0, 1.0, 730.0, 47.0, 61.0, 156.0]
confusion_matrix [[337, 347, 140, 127, 52, 197], [44, 1, 3, 100, 334, 718], [0, 121, 730, 15, 61, 273], [17, 3, 32, 47, 417, 684], [10, 1, 663, 46, 61, 419], [8, 2, 86, 129, 819, 156]]
traning started for  4 epoch
epoch 4 loss: 8.48770141602e-05
validation accuracy :  0.96875
validation class_total [3600.0, 3600.0, 3600.0, 3600.0, 3600.0, 3600.0]
validation class_correct [3452.0, 3513.0, 3405.0, 3564.0, 3414.0, 3577.0]
validation confusion_matrix [[3452, 3, 2, 94, 40, 9], [3, 3513, 16, 23, 14, 31], [0, 16, 3405, 6, 18, 155], [1, 2, 6, 3564, 7, 20], [16, 1, 19, 57, 3414, 93], [0, 1, 2, 11, 9, 3577]]
test accuracy :  0.170416666667
class_total [1200.0, 1200.0, 1200.0, 1200.0, 1200.0, 1200.0]
class_correct [166.0, 0.0, 356.0, 218.0, 23.0, 464.0]
confusion_matrix [[166, 346, 73, 428, 23, 164], [12, 0, 7, 360, 101, 720], [0, 105, 356, 61, 32, 646], [18, 1, 10, 218, 329, 624], [1, 3, 234, 154, 23, 785], [0, 0, 85, 199, 452, 464]]
traning started for  5 epoch
epoch 5 loss: 0.00106525421143
validation accuracy :  0.970138888889
validation class_total [3600.0, 3600.0, 3600.0, 3600.0, 3600.0, 3600.0]
validation class_correct [3581.0, 3567.0, 3214.0, 3557.0, 3454.0, 3582.0]
validation confusion_matrix [[3581, 3, 0, 5, 8, 3], [6, 3567, 0, 1, 16, 10], [1, 81, 3214, 4, 61, 239], [13, 15, 0, 3557, 3, 12], [50, 16, 1, 12, 3454, 67], [3, 3, 1, 3, 8, 3582]]
test accuracy :  0.10375
class_total [1200.0, 1200.0, 1200.0, 1200.0, 1200.0, 1200.0]
class_correct [241.0, 7.0, 127.0, 105.0, 35.0, 232.0]
confusion_matrix [[241, 550, 3, 154, 22, 230], [23, 7, 1, 247, 99, 823], [0, 494, 127, 59, 85, 435], [66, 19, 1, 105, 343, 666], [5, 22, 63, 116, 35, 959], [7, 2, 38, 220, 701, 232]]
traning started for  6 epoch
epoch 6 loss: 9.53674316406e-07
validation accuracy :  0.983796296296
validation class_total [3600.0, 3600.0, 3600.0, 3600.0, 3600.0, 3600.0]
validation class_correct [3544.0, 3527.0, 3587.0, 3553.0, 3488.0, 3551.0]
validation confusion_matrix [[3544, 3, 0, 16, 35, 2], [5, 3527, 45, 5, 17, 1], [0, 8, 3587, 1, 1, 3], [12, 4, 3, 3553, 11, 17], [10, 2, 70, 1, 3488, 29], [4, 6, 27, 6, 6, 3551]]
test accuracy :  0.192777777778
class_total [1200.0, 1200.0, 1200.0, 1200.0, 1200.0, 1200.0]
class_correct [192.0, 3.0, 983.0, 65.0, 27.0, 118.0]
confusion_matrix [[192, 427, 175, 331, 27, 48], [9, 3, 20, 94, 301, 773], [0, 52, 983, 11, 27, 127], [18, 5, 39, 65, 439, 634], [4, 0, 586, 46, 27, 537], [3, 0, 262, 70, 747, 118]]
traning started for  7 epoch
epoch 7 loss: 1.90734863281e-05
validation accuracy :  0.962037037037
validation class_total [3600.0, 3600.0, 3600.0, 3600.0, 3600.0, 3600.0]
validation class_correct [3569.0, 3585.0, 3426.0, 3532.0, 3073.0, 3595.0]
validation confusion_matrix [[3569, 11, 0, 5, 0, 15], [2, 3585, 3, 2, 1, 7], [0, 31, 3426, 1, 2, 140], [6, 13, 0, 3532, 0, 49], [80, 21, 42, 22, 3073, 362], [1, 3, 1, 0, 0, 3595]]
test accuracy :  0.178611111111
class_total [1200.0, 1200.0, 1200.0, 1200.0, 1200.0, 1200.0]
class_correct [161.0, 8.0, 307.0, 136.0, 2.0, 672.0]
confusion_matrix [[161, 609, 16, 151, 4, 259], [12, 8, 0, 141, 17, 1022], [0, 329, 307, 28, 12, 524], [34, 12, 3, 136, 142, 873], [1, 18, 101, 78, 2, 1000], [7, 2, 77, 201, 241, 672]]
traning started for  8 epoch
epoch 8 loss: 0.00106048583984
validation accuracy :  0.983287037037
validation class_total [3600.0, 3600.0, 3600.0, 3600.0, 3600.0, 3600.0]
validation class_correct [3520.0, 3544.0, 3475.0, 3541.0, 3579.0, 3580.0]
validation confusion_matrix [[3520, 0, 0, 10, 68, 2], [6, 3544, 0, 4, 39, 7], [0, 17, 3475, 4, 24, 80], [10, 8, 0, 3541, 29, 12], [3, 0, 1, 8, 3579, 9], [1, 1, 2, 5, 11, 3580]]
test accuracy :  0.127916666667
class_total [1200.0, 1200.0, 1200.0, 1200.0, 1200.0, 1200.0]
class_correct [206.0, 5.0, 414.0, 97.0, 55.0, 144.0]
confusion_matrix [[206, 386, 89, 194, 81, 244], [5, 5, 3, 99, 331, 757], [0, 191, 414, 68, 100, 427], [9, 4, 5, 97, 632, 453], [1, 4, 257, 125, 55, 758], [1, 0, 126, 66, 863, 144]]
traning started for  9 epoch
epoch 9 loss: 0.000913619995117
validation accuracy :  0.989398148148
validation class_total [3600.0, 3600.0, 3600.0, 3600.0, 3600.0, 3600.0]
validation class_correct [3555.0, 3582.0, 3552.0, 3563.0, 3562.0, 3557.0]
validation confusion_matrix [[3555, 0, 0, 43, 2, 0], [3, 3582, 2, 3, 10, 0], [0, 7, 3552, 3, 2, 36], [26, 8, 1, 3563, 2, 0], [16, 2, 6, 12, 3562, 2], [7, 6, 3, 10, 17, 3557]]
test accuracy :  0.229444444444
class_total [1200.0, 1200.0, 1200.0, 1200.0, 1200.0, 1200.0]
class_correct [541.0, 8.0, 745.0, 146.0, 97.0, 115.0]
confusion_matrix [[541, 416, 34, 151, 42, 16], [47, 8, 6, 282, 375, 482], [0, 207, 745, 54, 62, 132], [39, 10, 12, 146, 591, 402], [13, 2, 553, 106, 97, 429], [4, 4, 165, 271, 641, 115]]
traning started for  10 epoch
epoch 10 loss: 5.72204589844e-06
validation accuracy :  0.987361111111
validation class_total [3600.0, 3600.0, 3600.0, 3600.0, 3600.0, 3600.0]
validation class_correct [3430.0, 3578.0, 3596.0, 3577.0, 3586.0, 3560.0]
validation confusion_matrix [[3430, 6, 0, 5, 159, 0], [0, 3578, 7, 4, 10, 1], [0, 0, 3596, 0, 2, 2], [3, 1, 2, 3577, 15, 2], [1, 2, 8, 1, 3586, 2], [0, 4, 13, 2, 21, 3560]]
test accuracy :  0.16125
class_total [1200.0, 1200.0, 1200.0, 1200.0, 1200.0, 1200.0]
class_correct [171.0, 3.0, 758.0, 81.0, 84.0, 64.0]
confusion_matrix [[171, 466, 147, 208, 133, 75], [6, 3, 15, 142, 427, 607], [0, 243, 758, 41, 41, 117], [15, 12, 15, 81, 590, 487], [2, 36, 540, 78, 84, 460], [1, 0, 285, 83, 767, 64]]
traning started for  11 epoch
epoch 11 loss: 2.09808349609e-05
validation accuracy :  0.977037037037
validation class_total [3600.0, 3600.0, 3600.0, 3600.0, 3600.0, 3600.0]
validation class_correct [3294.0, 3584.0, 3526.0, 3553.0, 3588.0, 3559.0]
validation confusion_matrix [[3294, 3, 0, 6, 296, 1], [0, 3584, 0, 0, 16, 0], [0, 36, 3526, 2, 29, 7], [0, 5, 0, 3553, 41, 1], [0, 4, 2, 2, 3588, 4], [0, 11, 1, 13, 16, 3559]]
test accuracy :  0.111388888889
class_total [1200.0, 1200.0, 1200.0, 1200.0, 1200.0, 1200.0]
class_correct [138.0, 7.0, 404.0, 79.0, 135.0, 39.0]
confusion_matrix [[138, 544, 46, 287, 138, 47], [3, 7, 1, 111, 406, 672], [0, 403, 404, 98, 73, 222], [9, 14, 1, 79, 566, 531], [0, 23, 380, 88, 135, 574], [1, 2, 78, 57, 1023, 39]]
traning started for  12 epoch
epoch 12 loss: 0.0
validation accuracy :  0.997453703704
validation class_total [3600.0, 3600.0, 3600.0, 3600.0, 3600.0, 3600.0]
validation class_correct [3597.0, 3596.0, 3589.0, 3577.0, 3594.0, 3592.0]
validation confusion_matrix [[3597, 1, 0, 1, 1, 0], [1, 3596, 0, 2, 0, 1], [0, 2, 3589, 0, 3, 6], [9, 5, 0, 3577, 4, 5], [3, 1, 1, 0, 3594, 1], [1, 1, 1, 0, 5, 3592]]
test accuracy :  0.175
class_total [1200.0, 1200.0, 1200.0, 1200.0, 1200.0, 1200.0]
class_correct [297.0, 4.0, 624.0, 72.0, 109.0, 154.0]
confusion_matrix [[297, 569, 43, 180, 34, 77], [20, 4, 10, 139, 421, 606], [0, 208, 624, 18, 74, 276], [37, 10, 9, 72, 572, 500], [4, 5, 323, 68, 109, 691], [4, 1, 121, 57, 863, 154]]
traning started for  13 epoch
epoch 13 loss: 6.67572021484e-06
validation accuracy :  0.987546296296
validation class_total [3600.0, 3600.0, 3600.0, 3600.0, 3600.0, 3600.0]
validation class_correct [3598.0, 3582.0, 3410.0, 3599.0, 3543.0, 3599.0]
validation confusion_matrix [[3598, 0, 0, 2, 0, 0], [1, 3582, 0, 4, 1, 12], [0, 3, 3410, 3, 17, 167], [0, 0, 0, 3599, 1, 0], [16, 0, 0, 2, 3543, 39], [1, 0, 0, 0, 0, 3599]]
test accuracy :  0.157777777778
class_total [1200.0, 1200.0, 1200.0, 1200.0, 1200.0, 1200.0]
class_correct [345.0, 1.0, 234.0, 253.0, 30.0, 273.0]
confusion_matrix [[345, 379, 22, 242, 24, 188], [26, 1, 0, 274, 114, 785], [0, 158, 234, 84, 26, 698], [64, 2, 1, 253, 258, 622], [8, 5, 105, 119, 30, 933], [10, 1, 31, 228, 657, 273]]
traning started for  14 epoch
epoch 14 loss: 3.81469726562e-06
validation accuracy :  0.998240740741
validation class_total [3600.0, 3600.0, 3600.0, 3600.0, 3600.0, 3600.0]
validation class_correct [3597.0, 3586.0, 3599.0, 3586.0, 3597.0, 3597.0]
validation confusion_matrix [[3597, 0, 0, 0, 2, 1], [5, 3586, 3, 2, 3, 1], [0, 0, 3599, 0, 0, 1], [2, 2, 0, 3586, 3, 7], [1, 0, 1, 1, 3597, 0], [0, 0, 1, 0, 2, 3597]]
test accuracy :  0.2075
class_total [1200.0, 1200.0, 1200.0, 1200.0, 1200.0, 1200.0]
class_correct [347.0, 2.0, 810.0, 102.0, 83.0, 150.0]
confusion_matrix [[347, 315, 116, 183, 23, 216], [9, 2, 20, 116, 292, 761], [0, 106, 810, 31, 80, 173], [48, 3, 5, 102, 496, 546], [6, 5, 549, 74, 83, 483], [2, 0, 223, 85, 740, 150]]
traning started for  15 epoch
epoch 15 loss: 0.00013542175293
validation accuracy :  0.993842592593
validation class_total [3600.0, 3600.0, 3600.0, 3600.0, 3600.0, 3600.0]
validation class_correct [3594.0, 3582.0, 3596.0, 3588.0, 3579.0, 3528.0]
validation confusion_matrix [[3594, 0, 0, 2, 4, 0], [2, 3582, 7, 2, 6, 1], [0, 1, 3596, 1, 2, 0], [8, 0, 2, 3588, 1, 1], [6, 4, 2, 9, 3579, 0], [5, 1, 19, 15, 32, 3528]]
test accuracy :  0.213055555556
class_total [1200.0, 1200.0, 1200.0, 1200.0, 1200.0, 1200.0]
class_correct [329.0, 3.0, 823.0, 273.0, 77.0, 29.0]
confusion_matrix [[329, 411, 171, 187, 42, 60], [33, 3, 19, 342, 472, 331], [0, 115, 823, 73, 78, 111], [61, 8, 18, 273, 554, 286], [9, 16, 598, 144, 77, 356], [2, 0, 245, 73, 851, 29]]
traning started for  16 epoch
epoch 16 loss: 0.0
validation accuracy :  0.997592592593
validation class_total [3600.0, 3600.0, 3600.0, 3600.0, 3600.0, 3600.0]
validation class_correct [3596.0, 3598.0, 3584.0, 3587.0, 3593.0, 3590.0]
validation confusion_matrix [[3596, 0, 0, 3, 1, 0], [1, 3598, 1, 0, 0, 0], [0, 3, 3584, 1, 6, 6], [7, 1, 0, 3587, 4, 1], [5, 1, 0, 1, 3593, 0], [1, 0, 0, 2, 7, 3590]]
test accuracy :  0.155416666667
class_total [1200.0, 1200.0, 1200.0, 1200.0, 1200.0, 1200.0]
class_correct [246.0, 5.0, 464.0, 101.0, 174.0, 129.0]
confusion_matrix [[246, 553, 45, 221, 29, 106], [6, 5, 2, 135, 366, 686], [0, 196, 464, 39, 190, 311], [33, 7, 4, 101, 666, 389], [6, 9, 335, 45, 174, 631], [0, 1, 208, 170, 692, 129]]
traning started for  17 epoch
epoch 17 loss: 0.0
validation accuracy :  0.998333333333
validation class_total [3600.0, 3600.0, 3600.0, 3600.0, 3600.0, 3600.0]
validation class_correct [3596.0, 3597.0, 3598.0, 3587.0, 3594.0, 3592.0]
validation confusion_matrix [[3596, 0, 0, 1, 3, 0], [0, 3597, 1, 1, 0, 1], [0, 0, 3598, 0, 0, 2], [7, 0, 1, 3587, 2, 3], [2, 0, 3, 0, 3594, 1], [0, 4, 3, 1, 0, 3592]]
test accuracy :  0.185
class_total [1200.0, 1200.0, 1200.0, 1200.0, 1200.0, 1200.0]
class_correct [334.0, 4.0, 785.0, 100.0, 31.0, 78.0]
confusion_matrix [[334, 499, 65, 199, 25, 78], [8, 4, 14, 111, 360, 703], [0, 210, 785, 30, 34, 141], [34, 9, 12, 100, 429, 616], [3, 18, 446, 60, 31, 642], [0, 1, 282, 105, 734, 78]]
traning started for  18 epoch
