cuda
Training started
traning started for  1 epoch
epoch 1 loss: 0.632776737213
validation accuracy :  0.718333333333
validation class_total [1200.0, 1200.0, 1200.0, 1200.0, 1200.0, 1200.0]
validation class_correct [225.0, 993.0, 1176.0, 793.0, 1052.0, 933.0]
validation confusion_matrix [[225, 0, 3, 685, 244, 43], [0, 993, 88, 0, 6, 113], [0, 11, 1176, 0, 12, 1], [281, 0, 0, 793, 113, 13], [3, 0, 105, 2, 1052, 38], [17, 8, 36, 18, 188, 933]]
test accuracy :  0.2325
class_total [400.0, 400.0, 400.0, 400.0, 400.0, 400.0]
class_correct [3.0, 0.0, 361.0, 23.0, 161.0, 10.0]
confusion_matrix [[3, 32, 51, 3, 100, 211], [15, 0, 5, 16, 303, 61], [0, 5, 361, 0, 28, 6], [16, 0, 12, 23, 309, 40], [0, 1, 182, 0, 161, 56], [4, 0, 45, 2, 339, 10]]
traning started for  2 epoch
epoch 2 loss: 0.375549793243
validation accuracy :  0.923611111111
validation class_total [1200.0, 1200.0, 1200.0, 1200.0, 1200.0, 1200.0]
validation class_correct [910.0, 1166.0, 1167.0, 1092.0, 1116.0, 1199.0]
validation confusion_matrix [[910, 1, 2, 83, 135, 69], [0, 1166, 10, 0, 0, 24], [0, 15, 1167, 0, 5, 13], [26, 8, 0, 1092, 3, 71], [3, 0, 25, 0, 1116, 56], [0, 1, 0, 0, 0, 1199]]
test accuracy :  0.16875
class_total [400.0, 400.0, 400.0, 400.0, 400.0, 400.0]
class_correct [4.0, 0.0, 176.0, 6.0, 57.0, 162.0]
confusion_matrix [[4, 161, 39, 14, 8, 174], [3, 0, 0, 0, 90, 307], [0, 37, 176, 0, 25, 162], [11, 0, 1, 6, 106, 276], [0, 0, 24, 0, 57, 319], [4, 5, 32, 2, 195, 162]]
traning started for  3 epoch
epoch 3 loss: 0.0333943367004
validation accuracy :  0.967777777778
validation class_total [1200.0, 1200.0, 1200.0, 1200.0, 1200.0, 1200.0]
validation class_correct [1051.0, 1191.0, 1196.0, 1152.0, 1189.0, 1189.0]
validation confusion_matrix [[1051, 1, 1, 1, 146, 0], [0, 1191, 5, 0, 0, 4], [0, 1, 1196, 0, 3, 0], [35, 3, 0, 1152, 8, 2], [0, 0, 11, 0, 1189, 0], [0, 1, 0, 0, 10, 1189]]
test accuracy :  0.230833333333
class_total [400.0, 400.0, 400.0, 400.0, 400.0, 400.0]
class_correct [10.0, 0.0, 345.0, 2.0, 175.0, 22.0]
confusion_matrix [[10, 164, 173, 12, 27, 14], [5, 0, 0, 1, 269, 125], [0, 37, 345, 0, 6, 12], [3, 0, 9, 2, 225, 161], [0, 0, 176, 0, 175, 49], [5, 4, 37, 3, 329, 22]]
traning started for  4 epoch
epoch 4 loss: 0.00057315826416
validation accuracy :  0.978888888889
validation class_total [1200.0, 1200.0, 1200.0, 1200.0, 1200.0, 1200.0]
validation class_correct [1145.0, 1179.0, 1191.0, 1141.0, 1197.0, 1195.0]
validation confusion_matrix [[1145, 1, 1, 0, 51, 2], [0, 1179, 10, 2, 1, 8], [0, 0, 1191, 0, 9, 0], [42, 0, 0, 1141, 5, 12], [1, 0, 1, 0, 1197, 1], [0, 0, 0, 1, 4, 1195]]
test accuracy :  0.214583333333
class_total [400.0, 400.0, 400.0, 400.0, 400.0, 400.0]
class_correct [39.0, 0.0, 238.0, 2.0, 176.0, 60.0]
confusion_matrix [[39, 194, 78, 61, 15, 13], [5, 0, 0, 3, 212, 180], [0, 6, 238, 0, 55, 101], [27, 0, 0, 2, 224, 147], [0, 0, 140, 0, 176, 84], [4, 0, 24, 3, 309, 60]]
traning started for  5 epoch
epoch 5 loss: 0.00023365020752
validation accuracy :  0.987361111111
validation class_total [1200.0, 1200.0, 1200.0, 1200.0, 1200.0, 1200.0]
validation class_correct [1167.0, 1187.0, 1199.0, 1184.0, 1192.0, 1180.0]
validation confusion_matrix [[1167, 0, 2, 0, 31, 0], [0, 1187, 11, 0, 1, 1], [0, 0, 1199, 0, 1, 0], [11, 1, 0, 1184, 4, 0], [3, 0, 5, 0, 1192, 0], [1, 2, 2, 2, 13, 1180]]
test accuracy :  0.225
class_total [400.0, 400.0, 400.0, 400.0, 400.0, 400.0]
class_correct [19.0, 0.0, 310.0, 20.0, 168.0, 23.0]
confusion_matrix [[19, 190, 145, 11, 18, 17], [31, 0, 5, 8, 234, 122], [0, 49, 310, 0, 24, 17], [31, 3, 3, 20, 219, 124], [30, 5, 155, 3, 168, 39], [25, 6, 60, 16, 270, 23]]
traning started for  6 epoch
epoch 6 loss: 0.00164031982422
validation accuracy :  0.99625
validation class_total [1200.0, 1200.0, 1200.0, 1200.0, 1200.0, 1200.0]
validation class_correct [1197.0, 1197.0, 1197.0, 1197.0, 1186.0, 1199.0]
validation confusion_matrix [[1197, 1, 1, 1, 0, 0], [0, 1197, 1, 2, 0, 0], [1, 1, 1197, 0, 1, 0], [2, 1, 0, 1197, 0, 0], [8, 0, 2, 0, 1186, 4], [0, 0, 1, 0, 0, 1199]]
test accuracy :  0.16625
class_total [400.0, 400.0, 400.0, 400.0, 400.0, 400.0]
class_correct [39.0, 0.0, 218.0, 16.0, 51.0, 75.0]
confusion_matrix [[39, 281, 47, 26, 1, 6], [31, 0, 1, 34, 68, 266], [0, 106, 218, 0, 6, 70], [28, 1, 2, 16, 77, 276], [14, 0, 196, 1, 51, 138], [45, 11, 17, 85, 167, 75]]
traning started for  7 epoch
epoch 7 loss: 0.00244665145874
validation accuracy :  0.995694444444
validation class_total [1200.0, 1200.0, 1200.0, 1200.0, 1200.0, 1200.0]
validation class_correct [1196.0, 1200.0, 1196.0, 1192.0, 1186.0, 1199.0]
validation confusion_matrix [[1196, 0, 0, 2, 2, 0], [0, 1200, 0, 0, 0, 0], [0, 1, 1196, 0, 3, 0], [4, 1, 0, 1192, 1, 2], [6, 0, 1, 0, 1186, 7], [0, 0, 1, 0, 0, 1199]]
test accuracy :  0.235
class_total [400.0, 400.0, 400.0, 400.0, 400.0, 400.0]
class_correct [63.0, 0.0, 291.0, 10.0, 129.0, 71.0]
confusion_matrix [[63, 193, 94, 36, 1, 13], [22, 0, 0, 7, 90, 281], [0, 48, 291, 0, 16, 45], [25, 0, 1, 10, 145, 219], [25, 0, 167, 0, 129, 79], [37, 5, 20, 19, 248, 71]]
traning started for  8 epoch
epoch 8 loss: 6.19888305664e-05
validation accuracy :  0.996805555556
validation class_total [1200.0, 1200.0, 1200.0, 1200.0, 1200.0, 1200.0]
validation class_correct [1197.0, 1200.0, 1190.0, 1194.0, 1198.0, 1198.0]
validation confusion_matrix [[1197, 0, 0, 0, 3, 0], [0, 1200, 0, 0, 0, 0], [6, 1, 1190, 0, 3, 0], [2, 2, 0, 1194, 0, 2], [0, 1, 1, 0, 1198, 0], [1, 1, 0, 0, 0, 1198]]
test accuracy :  0.212916666667
class_total [400.0, 400.0, 400.0, 400.0, 400.0, 400.0]
class_correct [54.0, 0.0, 282.0, 7.0, 133.0, 35.0]
confusion_matrix [[54, 173, 130, 13, 15, 15], [20, 0, 2, 5, 226, 147], [0, 80, 282, 0, 16, 22], [13, 1, 0, 7, 157, 222], [2, 0, 228, 0, 133, 37], [22, 10, 26, 41, 266, 35]]
traning started for  9 epoch
epoch 9 loss: 0.000116348266602
validation accuracy :  0.997638888889
validation class_total [1200.0, 1200.0, 1200.0, 1200.0, 1200.0, 1200.0]
validation class_correct [1197.0, 1200.0, 1200.0, 1194.0, 1193.0, 1199.0]
validation confusion_matrix [[1197, 0, 1, 1, 1, 0], [0, 1200, 0, 0, 0, 0], [0, 0, 1200, 0, 0, 0], [3, 3, 0, 1194, 0, 0], [3, 2, 1, 0, 1193, 1], [0, 0, 1, 0, 0, 1199]]
test accuracy :  0.195833333333
class_total [400.0, 400.0, 400.0, 400.0, 400.0, 400.0]
class_correct [27.0, 0.0, 302.0, 34.0, 37.0, 70.0]
confusion_matrix [[27, 258, 76, 33, 2, 4], [17, 0, 2, 44, 136, 201], [0, 71, 302, 0, 8, 19], [13, 2, 1, 34, 141, 209], [4, 2, 289, 3, 37, 65], [27, 8, 35, 77, 183, 70]]
traning started for  10 epoch
epoch 10 loss: 4.76837158203e-06
validation accuracy :  0.998194444444
validation class_total [1200.0, 1200.0, 1200.0, 1200.0, 1200.0, 1200.0]
validation class_correct [1196.0, 1199.0, 1198.0, 1199.0, 1196.0, 1199.0]
validation confusion_matrix [[1196, 0, 0, 4, 0, 0], [0, 1199, 0, 1, 0, 0], [0, 0, 1198, 0, 1, 1], [0, 1, 0, 1199, 0, 0], [2, 0, 0, 0, 1196, 2], [0, 0, 0, 1, 0, 1199]]
test accuracy :  0.159583333333
class_total [400.0, 400.0, 400.0, 400.0, 400.0, 400.0]
class_correct [31.0, 0.0, 176.0, 41.0, 38.0, 97.0]
confusion_matrix [[31, 174, 46, 89, 2, 58], [2, 0, 1, 69, 43, 285], [0, 160, 176, 0, 13, 51], [4, 0, 0, 41, 74, 281], [6, 1, 199, 5, 38, 151], [4, 8, 11, 142, 138, 97]]
traning started for  11 epoch
epoch 11 loss: 0.0003662109375
validation accuracy :  0.999305555556
validation class_total [1200.0, 1200.0, 1200.0, 1200.0, 1200.0, 1200.0]
validation class_correct [1200.0, 1199.0, 1197.0, 1199.0, 1200.0, 1200.0]
validation confusion_matrix [[1200, 0, 0, 0, 0, 0], [0, 1199, 0, 1, 0, 0], [0, 0, 1197, 0, 3, 0], [1, 0, 0, 1199, 0, 0], [0, 0, 0, 0, 1200, 0], [0, 0, 0, 0, 0, 1200]]
test accuracy :  0.19625
class_total [400.0, 400.0, 400.0, 400.0, 400.0, 400.0]
class_correct [42.0, 0.0, 267.0, 17.0, 77.0, 68.0]
confusion_matrix [[42, 242, 42, 58, 8, 8], [21, 0, 0, 32, 162, 185], [0, 45, 267, 0, 11, 77], [11, 0, 0, 17, 161, 211], [12, 0, 155, 1, 77, 155], [29, 1, 4, 63, 235, 68]]
traning started for  12 epoch
epoch 12 loss: 2.67028808594e-05
validation accuracy :  0.999722222222
validation class_total [1200.0, 1200.0, 1200.0, 1200.0, 1200.0, 1200.0]
validation class_correct [1200.0, 1200.0, 1200.0, 1200.0, 1200.0, 1198.0]
validation confusion_matrix [[1200, 0, 0, 0, 0, 0], [0, 1200, 0, 0, 0, 0], [0, 0, 1200, 0, 0, 0], [0, 0, 0, 1200, 0, 0], [0, 0, 0, 0, 1200, 0], [0, 0, 1, 1, 0, 1198]]
test accuracy :  0.19375
class_total [400.0, 400.0, 400.0, 400.0, 400.0, 400.0]
class_correct [45.0, 0.0, 279.0, 37.0, 42.0, 62.0]
confusion_matrix [[45, 276, 48, 23, 3, 5], [24, 0, 1, 66, 90, 219], [0, 92, 279, 0, 5, 24], [11, 0, 0, 37, 120, 232], [37, 1, 207, 2, 42, 111], [18, 4, 22, 98, 196, 62]]
traning started for  13 epoch
epoch 13 loss: 0.000395774841309
validation accuracy :  0.999583333333
validation class_total [1200.0, 1200.0, 1200.0, 1200.0, 1200.0, 1200.0]
validation class_correct [1200.0, 1199.0, 1199.0, 1200.0, 1200.0, 1199.0]
validation confusion_matrix [[1200, 0, 0, 0, 0, 0], [0, 1199, 0, 1, 0, 0], [0, 1, 1199, 0, 0, 0], [0, 0, 0, 1200, 0, 0], [0, 0, 0, 0, 1200, 0], [0, 0, 0, 0, 1, 1199]]
test accuracy :  0.174166666667
class_total [400.0, 400.0, 400.0, 400.0, 400.0, 400.0]
class_correct [26.0, 0.0, 282.0, 17.0, 49.0, 44.0]
confusion_matrix [[26, 310, 31, 27, 2, 4], [20, 0, 2, 49, 130, 199], [0, 67, 282, 0, 5, 46], [13, 0, 0, 17, 151, 219], [17, 0, 247, 1, 49, 86], [10, 3, 8, 66, 269, 44]]
traning started for  14 epoch
epoch 14 loss: 1.14440917969e-05
validation accuracy :  0.98875
validation class_total [1200.0, 1200.0, 1200.0, 1200.0, 1200.0, 1200.0]
validation class_correct [1180.0, 1197.0, 1180.0, 1188.0, 1174.0, 1200.0]
validation confusion_matrix [[1180, 0, 2, 6, 0, 12], [0, 1197, 1, 0, 0, 2], [0, 19, 1180, 0, 0, 1], [6, 0, 1, 1188, 0, 5], [1, 0, 5, 1, 1174, 19], [0, 0, 0, 0, 0, 1200]]
test accuracy :  0.202916666667
class_total [400.0, 400.0, 400.0, 400.0, 400.0, 400.0]
class_correct [23.0, 0.0, 239.0, 7.0, 12.0, 206.0]
confusion_matrix [[23, 254, 48, 18, 0, 57], [26, 0, 0, 26, 35, 313], [0, 108, 239, 0, 1, 52], [10, 0, 7, 7, 50, 326], [14, 0, 175, 1, 12, 198], [8, 11, 17, 105, 53, 206]]
traning started for  15 epoch
epoch 15 loss: 0.0687770843506
validation accuracy :  0.976944444444
validation class_total [1200.0, 1200.0, 1200.0, 1200.0, 1200.0, 1200.0]
validation class_correct [1101.0, 1191.0, 1195.0, 1190.0, 1200.0, 1157.0]
validation confusion_matrix [[1101, 0, 1, 2, 94, 2], [0, 1191, 3, 1, 4, 1], [0, 0, 1195, 0, 5, 0], [2, 0, 0, 1190, 8, 0], [0, 0, 0, 0, 1200, 0], [0, 0, 0, 0, 43, 1157]]
test accuracy :  0.214583333333
class_total [400.0, 400.0, 400.0, 400.0, 400.0, 400.0]
class_correct [6.0, 0.0, 308.0, 10.0, 170.0, 21.0]
confusion_matrix [[6, 116, 27, 55, 65, 131], [31, 0, 1, 4, 310, 54], [0, 36, 308, 0, 26, 30], [3, 0, 0, 10, 306, 81], [43, 0, 57, 18, 170, 112], [1, 2, 18, 28, 330, 21]]
traning started for  16 epoch
epoch 16 loss: 0.0333104133606
validation accuracy :  0.9025
validation class_total [1200.0, 1200.0, 1200.0, 1200.0, 1200.0, 1200.0]
validation class_correct [1099.0, 1086.0, 1197.0, 1105.0, 1198.0, 813.0]
validation confusion_matrix [[1099, 0, 0, 2, 99, 0], [0, 1086, 14, 48, 50, 2], [0, 0, 1197, 0, 3, 0], [89, 0, 0, 1105, 4, 2], [2, 0, 0, 0, 1198, 0], [49, 0, 5, 14, 319, 813]]
test accuracy :  0.195833333333
class_total [400.0, 400.0, 400.0, 400.0, 400.0, 400.0]
class_correct [23.0, 0.0, 278.0, 9.0, 153.0, 7.0]
confusion_matrix [[23, 86, 75, 115, 79, 22], [132, 0, 0, 7, 259, 2], [0, 0, 278, 0, 120, 2], [136, 0, 0, 9, 245, 10], [215, 0, 23, 1, 153, 8], [8, 1, 13, 50, 321, 7]]
traning started for  17 epoch
epoch 17 loss: 7.72476196289e-05
validation accuracy :  0.999722222222
validation class_total [1200.0, 1200.0, 1200.0, 1200.0, 1200.0, 1200.0]
validation class_correct [1200.0, 1200.0, 1200.0, 1199.0, 1199.0, 1200.0]
validation confusion_matrix [[1200, 0, 0, 0, 0, 0], [0, 1200, 0, 0, 0, 0], [0, 0, 1200, 0, 0, 0], [0, 0, 0, 1199, 0, 1], [1, 0, 0, 0, 1199, 0], [0, 0, 0, 0, 0, 1200]]
test accuracy :  0.205416666667
class_total [400.0, 400.0, 400.0, 400.0, 400.0, 400.0]
class_correct [36.0, 0.0, 298.0, 20.0, 118.0, 21.0]
confusion_matrix [[36, 249, 37, 45, 5, 28], [33, 0, 1, 59, 131, 176], [0, 29, 298, 0, 31, 42], [12, 0, 0, 20, 153, 215], [35, 0, 113, 1, 118, 133], [20, 2, 10, 87, 260, 21]]
traning started for  18 epoch
epoch 18 loss: 0.000102043151855
validation accuracy :  0.999861111111
validation class_total [1200.0, 1200.0, 1200.0, 1200.0, 1200.0, 1200.0]
validation class_correct [1200.0, 1200.0, 1200.0, 1199.0, 1200.0, 1200.0]
validation confusion_matrix [[1200, 0, 0, 0, 0, 0], [0, 1200, 0, 0, 0, 0], [0, 0, 1200, 0, 0, 0], [0, 0, 0, 1199, 0, 1], [0, 0, 0, 0, 1200, 0], [0, 0, 0, 0, 0, 1200]]
test accuracy :  0.201666666667
class_total [400.0, 400.0, 400.0, 400.0, 400.0, 400.0]
class_correct [41.0, 0.0, 301.0, 29.0, 66.0, 47.0]
confusion_matrix [[41, 250, 41, 43, 4, 21], [27, 0, 1, 33, 178, 161], [0, 58, 301, 0, 8, 33], [15, 0, 0, 29, 154, 202], [22, 1, 175, 3, 66, 133], [10, 8, 15, 131, 189, 47]]
traning started for  19 epoch
epoch 19 loss: 0.000194549560547
validation accuracy :  0.997361111111
validation class_total [1200.0, 1200.0, 1200.0, 1200.0, 1200.0, 1200.0]
validation class_correct [1198.0, 1200.0, 1198.0, 1198.0, 1188.0, 1199.0]
validation confusion_matrix [[1198, 2, 0, 0, 0, 0], [0, 1200, 0, 0, 0, 0], [0, 2, 1198, 0, 0, 0], [0, 2, 0, 1198, 0, 0], [1, 6, 2, 0, 1188, 3], [0, 1, 0, 0, 0, 1199]]
test accuracy :  0.173333333333
class_total [400.0, 400.0, 400.0, 400.0, 400.0, 400.0]
class_correct [13.0, 0.0, 227.0, 72.0, 12.0, 92.0]
confusion_matrix [[13, 324, 35, 13, 2, 13], [13, 0, 4, 63, 76, 244], [0, 151, 227, 0, 2, 20], [5, 5, 1, 72, 61, 256], [21, 18, 192, 17, 12, 140], [8, 16, 12, 137, 135, 92]]
traning started for  20 epoch
epoch 20 loss: 0.00380802154541
validation accuracy :  0.997361111111
validation class_total [1200.0, 1200.0, 1200.0, 1200.0, 1200.0, 1200.0]
validation class_correct [1199.0, 1191.0, 1193.0, 1199.0, 1200.0, 1199.0]
validation confusion_matrix [[1199, 0, 0, 1, 0, 0], [1, 1191, 1, 0, 5, 2], [1, 0, 1193, 0, 6, 0], [1, 0, 0, 1199, 0, 0], [0, 0, 0, 0, 1200, 0], [0, 0, 1, 0, 0, 1199]]
test accuracy :  0.226666666667
class_total [400.0, 400.0, 400.0, 400.0, 400.0, 400.0]
class_correct [38.0, 0.0, 273.0, 14.0, 183.0, 36.0]
confusion_matrix [[38, 153, 116, 26, 8, 59], [21, 0, 0, 41, 161, 177], [0, 38, 273, 0, 37, 52], [8, 0, 0, 14, 164, 214], [38, 0, 83, 3, 183, 93], [31, 2, 7, 73, 251, 36]]
traning started for  21 epoch
epoch 21 loss: 2.5749206543e-05
validation accuracy :  0.999861111111
validation class_total [1200.0, 1200.0, 1200.0, 1200.0, 1200.0, 1200.0]
validation class_correct [1200.0, 1200.0, 1200.0, 1199.0, 1200.0, 1200.0]
validation confusion_matrix [[1200, 0, 0, 0, 0, 0], [0, 1200, 0, 0, 0, 0], [0, 0, 1200, 0, 0, 0], [0, 1, 0, 1199, 0, 0], [0, 0, 0, 0, 1200, 0], [0, 0, 0, 0, 0, 1200]]
test accuracy :  0.180833333333
class_total [400.0, 400.0, 400.0, 400.0, 400.0, 400.0]
class_correct [11.0, 0.0, 272.0, 35.0, 65.0, 51.0]
confusion_matrix [[11, 322, 25, 20, 1, 21], [40, 0, 4, 62, 102, 192], [0, 96, 272, 0, 12, 20], [10, 0, 0, 35, 147, 208], [10, 2, 232, 2, 65, 89], [33, 6, 23, 90, 197, 51]]
traning started for  22 epoch
epoch 22 loss: 0.00294971466064
validation accuracy :  0.972638888889
validation class_total [1200.0, 1200.0, 1200.0, 1200.0, 1200.0, 1200.0]
validation class_correct [1077.0, 1198.0, 1193.0, 1179.0, 1200.0, 1156.0]
validation confusion_matrix [[1077, 3, 1, 0, 119, 0], [0, 1198, 1, 0, 1, 0], [0, 0, 1193, 0, 7, 0], [1, 0, 0, 1179, 19, 1], [0, 0, 0, 0, 1200, 0], [0, 0, 5, 2, 37, 1156]]
test accuracy :  0.235
class_total [400.0, 400.0, 400.0, 400.0, 400.0, 400.0]
class_correct [2.0, 0.0, 288.0, 26.0, 239.0, 9.0]
confusion_matrix [[2, 179, 158, 11, 43, 7], [21, 0, 4, 17, 340, 18], [0, 56, 288, 0, 50, 6], [10, 0, 0, 26, 302, 62], [1, 0, 156, 0, 239, 4], [0, 4, 11, 12, 364, 9]]
traning started for  23 epoch
epoch 23 loss: 0.00354814529419
validation accuracy :  0.99875
validation class_total [1200.0, 1200.0, 1200.0, 1200.0, 1200.0, 1200.0]
validation class_correct [1196.0, 1200.0, 1200.0, 1200.0, 1198.0, 1197.0]
validation confusion_matrix [[1196, 1, 0, 2, 1, 0], [0, 1200, 0, 0, 0, 0], [0, 0, 1200, 0, 0, 0], [0, 0, 0, 1200, 0, 0], [1, 0, 0, 0, 1198, 1], [0, 1, 1, 1, 0, 1197]]
test accuracy :  0.191666666667
class_total [400.0, 400.0, 400.0, 400.0, 400.0, 400.0]
class_correct [11.0, 0.0, 273.0, 32.0, 96.0, 48.0]
confusion_matrix [[11, 359, 18, 7, 1, 4], [4, 0, 3, 53, 177, 163], [0, 79, 273, 0, 10, 38], [3, 0, 0, 32, 167, 198], [32, 5, 175, 10, 96, 82], [12, 10, 33, 80, 217, 48]]
traning started for  24 epoch
epoch 24 loss: 9.53674316406e-07
validation accuracy :  0.988472222222
validation class_total [1200.0, 1200.0, 1200.0, 1200.0, 1200.0, 1200.0]
validation class_correct [1191.0, 1198.0, 1170.0, 1197.0, 1161.0, 1200.0]
validation confusion_matrix [[1191, 1, 0, 5, 0, 3], [0, 1198, 0, 1, 1, 0], [0, 19, 1170, 0, 1, 10], [1, 0, 0, 1197, 1, 1], [1, 0, 6, 2, 1161, 30], [0, 0, 0, 0, 0, 1200]]
test accuracy :  0.147916666667
class_total [400.0, 400.0, 400.0, 400.0, 400.0, 400.0]
class_correct [20.0, 0.0, 69.0, 11.0, 54.0, 201.0]
confusion_matrix [[20, 206, 28, 40, 5, 101], [3, 0, 0, 31, 51, 315], [0, 133, 69, 0, 3, 195], [2, 0, 0, 11, 147, 240], [0, 0, 159, 3, 54, 184], [7, 4, 10, 159, 19, 201]]
traning started for  25 epoch
epoch 25 loss: 1.52587890625e-05
validation accuracy :  0.999583333333
validation class_total [1200.0, 1200.0, 1200.0, 1200.0, 1200.0, 1200.0]
validation class_correct [1200.0, 1200.0, 1199.0, 1199.0, 1199.0, 1200.0]
validation confusion_matrix [[1200, 0, 0, 0, 0, 0], [0, 1200, 0, 0, 0, 0], [0, 1, 1199, 0, 0, 0], [0, 0, 0, 1199, 1, 0], [0, 0, 0, 0, 1199, 1], [0, 0, 0, 0, 0, 1200]]
test accuracy :  0.18875
class_total [400.0, 400.0, 400.0, 400.0, 400.0, 400.0]
class_correct [36.0, 0.0, 234.0, 19.0, 73.0, 91.0]
confusion_matrix [[36, 268, 42, 41, 0, 13], [0, 0, 3, 38, 96, 263], [0, 101, 234, 0, 7, 58], [1, 0, 1, 19, 111, 268], [1, 0, 145, 12, 73, 169], [2, 3, 10, 74, 220, 91]]
traning started for  26 epoch
epoch 26 loss: 0.00257110595703
validation accuracy :  0.999861111111
validation class_total [1200.0, 1200.0, 1200.0, 1200.0, 1200.0, 1200.0]
validation class_correct [1199.0, 1200.0, 1200.0, 1200.0, 1200.0, 1200.0]
validation confusion_matrix [[1199, 1, 0, 0, 0, 0], [0, 1200, 0, 0, 0, 0], [0, 0, 1200, 0, 0, 0], [0, 0, 0, 1200, 0, 0], [0, 0, 0, 0, 1200, 0], [0, 0, 0, 0, 0, 1200]]
test accuracy :  0.18125
class_total [400.0, 400.0, 400.0, 400.0, 400.0, 400.0]
class_correct [27.0, 0.0, 267.0, 28.0, 63.0, 50.0]
confusion_matrix [[27, 327, 21, 14, 3, 8], [2, 0, 3, 71, 147, 177], [0, 105, 267, 0, 8, 20], [6, 0, 0, 28, 139, 227], [3, 1, 223, 5, 63, 105], [9, 6, 22, 105, 208, 50]]
traning started for  27 epoch
epoch 27 loss: 0.000185012817383
validation accuracy :  0.999861111111
validation class_total [1200.0, 1200.0, 1200.0, 1200.0, 1200.0, 1200.0]
validation class_correct [1200.0, 1200.0, 1200.0, 1200.0, 1200.0, 1199.0]
validation confusion_matrix [[1200, 0, 0, 0, 0, 0], [0, 1200, 0, 0, 0, 0], [0, 0, 1200, 0, 0, 0], [0, 0, 0, 1200, 0, 0], [0, 0, 0, 0, 1200, 0], [0, 0, 0, 1, 0, 1199]]
test accuracy :  0.1875
class_total [400.0, 400.0, 400.0, 400.0, 400.0, 400.0]
class_correct [34.0, 0.0, 283.0, 23.0, 59.0, 51.0]
confusion_matrix [[34, 304, 26, 16, 2, 18], [6, 0, 4, 50, 138, 202], [0, 69, 283, 0, 7, 41], [4, 0, 1, 23, 125, 247], [2, 1, 222, 0, 59, 116], [10, 3, 20, 91, 225, 51]]
traning started for  28 epoch
epoch 28 loss: 1.04904174805e-05
validation accuracy :  1.0
validation class_total [1200.0, 1200.0, 1200.0, 1200.0, 1200.0, 1200.0]
validation class_correct [1200.0, 1200.0, 1200.0, 1200.0, 1200.0, 1200.0]
validation confusion_matrix [[1200, 0, 0, 0, 0, 0], [0, 1200, 0, 0, 0, 0], [0, 0, 1200, 0, 0, 0], [0, 0, 0, 1200, 0, 0], [0, 0, 0, 0, 1200, 0], [0, 0, 0, 0, 0, 1200]]
test accuracy :  0.16625
class_total [400.0, 400.0, 400.0, 400.0, 400.0, 400.0]
class_correct [21.0, 0.0, 232.0, 29.0, 57.0, 60.0]
confusion_matrix [[21, 315, 20, 29, 2, 13], [3, 0, 1, 73, 136, 187], [0, 106, 232, 0, 7, 55], [4, 0, 0, 29, 118, 249], [5, 0, 173, 4, 57, 161], [9, 4, 15, 137, 175, 60]]
traning started for  29 epoch
epoch 29 loss: 0.00149583816528
validation accuracy :  1.0
validation class_total [1200.0, 1200.0, 1200.0, 1200.0, 1200.0, 1200.0]
validation class_correct [1200.0, 1200.0, 1200.0, 1200.0, 1200.0, 1200.0]
validation confusion_matrix [[1200, 0, 0, 0, 0, 0], [0, 1200, 0, 0, 0, 0], [0, 0, 1200, 0, 0, 0], [0, 0, 0, 1200, 0, 0], [0, 0, 0, 0, 1200, 0], [0, 0, 0, 0, 0, 1200]]
test accuracy :  0.17
class_total [400.0, 400.0, 400.0, 400.0, 400.0, 400.0]
class_correct [20.0, 0.0, 250.0, 18.0, 65.0, 55.0]
confusion_matrix [[20, 286, 25, 32, 3, 34], [4, 0, 0, 54, 141, 201], [0, 71, 250, 0, 9, 70], [2, 0, 0, 18, 135, 245], [3, 0, 176, 1, 65, 155], [8, 2, 14, 134, 187, 55]]
traning started for  30 epoch
epoch 30 loss: 0.000497341156006
validation accuracy :  0.999722222222
validation class_total [1200.0, 1200.0, 1200.0, 1200.0, 1200.0, 1200.0]
validation class_correct [1200.0, 1200.0, 1200.0, 1198.0, 1200.0, 1200.0]
validation confusion_matrix [[1200, 0, 0, 0, 0, 0], [0, 1200, 0, 0, 0, 0], [0, 0, 1200, 0, 0, 0], [0, 2, 0, 1198, 0, 0], [0, 0, 0, 0, 1200, 0], [0, 0, 0, 0, 0, 1200]]
test accuracy :  0.163333333333
class_total [400.0, 400.0, 400.0, 400.0, 400.0, 400.0]
class_correct [10.0, 0.0, 238.0, 6.0, 98.0, 40.0]
confusion_matrix [[10, 339, 29, 3, 5, 14], [3, 0, 2, 19, 194, 182], [0, 92, 238, 0, 13, 57], [0, 0, 2, 6, 158, 234], [2, 0, 178, 0, 98, 122], [4, 3, 14, 47, 292, 40]]
traning started for  31 epoch
epoch 31 loss: 0.000101089477539
validation accuracy :  0.999722222222
validation class_total [1200.0, 1200.0, 1200.0, 1200.0, 1200.0, 1200.0]
validation class_correct [1200.0, 1200.0, 1200.0, 1200.0, 1198.0, 1200.0]
validation confusion_matrix [[1200, 0, 0, 0, 0, 0], [0, 1200, 0, 0, 0, 0], [0, 0, 1200, 0, 0, 0], [0, 0, 0, 1200, 0, 0], [1, 0, 0, 0, 1198, 1], [0, 0, 0, 0, 0, 1200]]
test accuracy :  0.135416666667
class_total [400.0, 400.0, 400.0, 400.0, 400.0, 400.0]
class_correct [28.0, 0.0, 185.0, 13.0, 45.0, 54.0]
confusion_matrix [[28, 317, 22, 16, 1, 16], [9, 0, 0, 37, 122, 232], [0, 100, 185, 0, 7, 108], [5, 0, 0, 13, 106, 276], [4, 0, 205, 0, 45, 146], [21, 3, 23, 86, 213, 54]]
traning started for  32 epoch
epoch 32 loss: 0.00364446640015
validation accuracy :  0.995
validation class_total [1200.0, 1200.0, 1200.0, 1200.0, 1200.0, 1200.0]
validation class_correct [1195.0, 1182.0, 1196.0, 1195.0, 1200.0, 1196.0]
validation confusion_matrix [[1195, 0, 0, 0, 5, 0], [0, 1182, 1, 1, 7, 9], [1, 0, 1196, 0, 3, 0], [0, 0, 0, 1195, 5, 0], [0, 0, 0, 0, 1200, 0], [0, 0, 0, 1, 3, 1196]]
test accuracy :  0.282916666667
class_total [400.0, 400.0, 400.0, 400.0, 400.0, 400.0]
class_correct [47.0, 0.0, 254.0, 35.0, 329.0, 14.0]
confusion_matrix [[47, 120, 68, 34, 26, 105], [3, 0, 1, 18, 270, 108], [0, 23, 254, 0, 77, 46], [2, 0, 1, 35, 212, 150], [7, 0, 55, 2, 329, 7], [12, 0, 12, 22, 340, 14]]
traning started for  33 epoch
epoch 33 loss: 0.000454902648926
validation accuracy :  0.988888888889
validation class_total [1200.0, 1200.0, 1200.0, 1200.0, 1200.0, 1200.0]
validation class_correct [1187.0, 1162.0, 1200.0, 1186.0, 1192.0, 1193.0]
validation confusion_matrix [[1187, 0, 0, 0, 13, 0], [29, 1162, 3, 0, 5, 1], [0, 0, 1200, 0, 0, 0], [2, 0, 0, 1186, 11, 1], [0, 0, 8, 0, 1192, 0], [0, 0, 3, 0, 4, 1193]]
test accuracy :  0.28375
class_total [400.0, 400.0, 400.0, 400.0, 400.0, 400.0]
class_correct [136.0, 0.0, 310.0, 2.0, 196.0, 37.0]
confusion_matrix [[136, 91, 113, 13, 31, 16], [0, 0, 0, 0, 322, 78], [0, 34, 310, 1, 31, 24], [0, 0, 1, 2, 285, 112], [2, 0, 153, 1, 196, 48], [6, 0, 54, 15, 288, 37]]
traning started for  34 epoch
epoch 34 loss: 0.000535488128662
validation accuracy :  0.999583333333
validation class_total [1200.0, 1200.0, 1200.0, 1200.0, 1200.0, 1200.0]
validation class_correct [1200.0, 1200.0, 1199.0, 1200.0, 1200.0, 1198.0]
validation confusion_matrix [[1200, 0, 0, 0, 0, 0], [0, 1200, 0, 0, 0, 0], [0, 0, 1199, 0, 1, 0], [0, 0, 0, 1200, 0, 0], [0, 0, 0, 0, 1200, 0], [0, 0, 1, 1, 0, 1198]]
test accuracy :  0.1975
class_total [400.0, 400.0, 400.0, 400.0, 400.0, 400.0]
class_correct [63.0, 0.0, 215.0, 36.0, 112.0, 48.0]
confusion_matrix [[63, 162, 94, 28, 1, 52], [5, 0, 3, 47, 156, 189], [0, 160, 215, 0, 8, 17], [7, 0, 1, 36, 169, 187], [14, 1, 149, 9, 112, 115], [34, 2, 34, 66, 216, 48]]
traning started for  35 epoch
epoch 35 loss: 8.20159912109e-05
validation accuracy :  0.999722222222
validation class_total [1200.0, 1200.0, 1200.0, 1200.0, 1200.0, 1200.0]
validation class_correct [1200.0, 1200.0, 1199.0, 1200.0, 1200.0, 1199.0]
validation confusion_matrix [[1200, 0, 0, 0, 0, 0], [0, 1200, 0, 0, 0, 0], [0, 0, 1199, 0, 1, 0], [0, 0, 0, 1200, 0, 0], [0, 0, 0, 0, 1200, 0], [0, 0, 0, 0, 1, 1199]]
test accuracy :  0.185
class_total [400.0, 400.0, 400.0, 400.0, 400.0, 400.0]
class_correct [9.0, 0.0, 258.0, 12.0, 124.0, 41.0]
confusion_matrix [[9, 267, 76, 23, 3, 22], [6, 0, 4, 26, 186, 178], [0, 123, 258, 0, 7, 12], [8, 0, 0, 12, 163, 217], [11, 0, 176, 0, 124, 89], [10, 7, 28, 58, 256, 41]]
traning started for  36 epoch
epoch 36 loss: 0.000125885009766
validation accuracy :  0.999861111111
validation class_total [1200.0, 1200.0, 1200.0, 1200.0, 1200.0, 1200.0]
validation class_correct [1200.0, 1200.0, 1200.0, 1199.0, 1200.0, 1200.0]
validation confusion_matrix [[1200, 0, 0, 0, 0, 0], [0, 1200, 0, 0, 0, 0], [0, 0, 1200, 0, 0, 0], [0, 1, 0, 1199, 0, 0], [0, 0, 0, 0, 1200, 0], [0, 0, 0, 0, 0, 1200]]
test accuracy :  0.154166666667
class_total [400.0, 400.0, 400.0, 400.0, 400.0, 400.0]
class_correct [8.0, 0.0, 240.0, 19.0, 50.0, 53.0]
confusion_matrix [[8, 257, 79, 28, 1, 27], [3, 0, 4, 19, 186, 188], [0, 97, 240, 0, 4, 59], [5, 0, 1, 19, 173, 202], [4, 0, 166, 0, 50, 180], [6, 3, 24, 55, 259, 53]]
traning started for  37 epoch
epoch 37 loss: 4.38690185547e-05
validation accuracy :  0.999722222222
validation class_total [1200.0, 1200.0, 1200.0, 1200.0, 1200.0, 1200.0]
validation class_correct [1200.0, 1199.0, 1199.0, 1200.0, 1200.0, 1200.0]
validation confusion_matrix [[1200, 0, 0, 0, 0, 0], [0, 1199, 0, 1, 0, 0], [0, 0, 1199, 0, 1, 0], [0, 0, 0, 1200, 0, 0], [0, 0, 0, 0, 1200, 0], [0, 0, 0, 0, 0, 1200]]
test accuracy :  0.207916666667
class_total [400.0, 400.0, 400.0, 400.0, 400.0, 400.0]
class_correct [49.0, 0.0, 255.0, 16.0, 118.0, 61.0]
confusion_matrix [[49, 231, 56, 17, 4, 43], [18, 0, 2, 17, 228, 135], [0, 64, 255, 0, 5, 76], [5, 0, 1, 16, 221, 157], [19, 0, 231, 0, 118, 32], [14, 1, 31, 49, 244, 61]]
traning started for  38 epoch
epoch 38 loss: 0.00086784362793
validation accuracy :  0.999444444444
validation class_total [1200.0, 1200.0, 1200.0, 1200.0, 1200.0, 1200.0]
validation class_correct [1197.0, 1199.0, 1200.0, 1200.0, 1200.0, 1200.0]
validation confusion_matrix [[1197, 2, 0, 1, 0, 0], [0, 1199, 1, 0, 0, 0], [0, 0, 1200, 0, 0, 0], [0, 0, 0, 1200, 0, 0], [0, 0, 0, 0, 1200, 0], [0, 0, 0, 0, 0, 1200]]
test accuracy :  0.18875
class_total [400.0, 400.0, 400.0, 400.0, 400.0, 400.0]
class_correct [14.0, 0.0, 300.0, 19.0, 92.0, 28.0]
confusion_matrix [[14, 271, 47, 42, 2, 24], [3, 0, 5, 28, 206, 158], [0, 83, 300, 0, 9, 8], [2, 0, 1, 19, 153, 225], [10, 0, 259, 2, 92, 37], [3, 3, 18, 93, 255, 28]]
traning started for  39 epoch
epoch 39 loss: 0.00555753707886
validation accuracy :  1.0
validation class_total [1200.0, 1200.0, 1200.0, 1200.0, 1200.0, 1200.0]
validation class_correct [1200.0, 1200.0, 1200.0, 1200.0, 1200.0, 1200.0]
validation confusion_matrix [[1200, 0, 0, 0, 0, 0], [0, 1200, 0, 0, 0, 0], [0, 0, 1200, 0, 0, 0], [0, 0, 0, 1200, 0, 0], [0, 0, 0, 0, 1200, 0], [0, 0, 0, 0, 0, 1200]]
test accuracy :  0.1925
class_total [400.0, 400.0, 400.0, 400.0, 400.0, 400.0]
class_correct [32.0, 0.0, 251.0, 17.0, 95.0, 67.0]
confusion_matrix [[32, 270, 28, 42, 2, 26], [7, 0, 2, 53, 186, 152], [0, 93, 251, 0, 8, 48], [4, 0, 1, 17, 165, 213], [13, 0, 241, 2, 95, 49], [19, 3, 15, 116, 180, 67]]
traning started for  40 epoch
epoch 40 loss: 0.00015926361084
validation accuracy :  1.0
validation class_total [1200.0, 1200.0, 1200.0, 1200.0, 1200.0, 1200.0]
validation class_correct [1200.0, 1200.0, 1200.0, 1200.0, 1200.0, 1200.0]
validation confusion_matrix [[1200, 0, 0, 0, 0, 0], [0, 1200, 0, 0, 0, 0], [0, 0, 1200, 0, 0, 0], [0, 0, 0, 1200, 0, 0], [0, 0, 0, 0, 1200, 0], [0, 0, 0, 0, 0, 1200]]
test accuracy :  0.19625
class_total [400.0, 400.0, 400.0, 400.0, 400.0, 400.0]
class_correct [65.0, 0.0, 246.0, 15.0, 79.0, 66.0]
confusion_matrix [[65, 267, 20, 30, 0, 18], [10, 0, 1, 66, 138, 185], [0, 105, 246, 1, 5, 43], [3, 0, 1, 15, 147, 234], [30, 1, 187, 3, 79, 100], [26, 3, 24, 130, 151, 66]]
traning started for  41 epoch
epoch 41 loss: 0.000815868377686
validation accuracy :  1.0
validation class_total [1200.0, 1200.0, 1200.0, 1200.0, 1200.0, 1200.0]
validation class_correct [1200.0, 1200.0, 1200.0, 1200.0, 1200.0, 1200.0]
validation confusion_matrix [[1200, 0, 0, 0, 0, 0], [0, 1200, 0, 0, 0, 0], [0, 0, 1200, 0, 0, 0], [0, 0, 0, 1200, 0, 0], [0, 0, 0, 0, 1200, 0], [0, 0, 0, 0, 0, 1200]]
test accuracy :  0.192083333333
class_total [400.0, 400.0, 400.0, 400.0, 400.0, 400.0]
class_correct [47.0, 0.0, 265.0, 13.0, 79.0, 57.0]
confusion_matrix [[47, 280, 17, 43, 1, 12], [4, 0, 3, 60, 176, 157], [0, 81, 265, 0, 5, 49], [2, 0, 1, 13, 160, 224], [30, 0, 204, 6, 79, 81], [5, 1, 22, 109, 206, 57]]
traning started for  42 epoch
epoch 42 loss: 0.00262928009033
validation accuracy :  1.0
validation class_total [1200.0, 1200.0, 1200.0, 1200.0, 1200.0, 1200.0]
validation class_correct [1200.0, 1200.0, 1200.0, 1200.0, 1200.0, 1200.0]
validation confusion_matrix [[1200, 0, 0, 0, 0, 0], [0, 1200, 0, 0, 0, 0], [0, 0, 1200, 0, 0, 0], [0, 0, 0, 1200, 0, 0], [0, 0, 0, 0, 1200, 0], [0, 0, 0, 0, 0, 1200]]
test accuracy :  0.18875
class_total [400.0, 400.0, 400.0, 400.0, 400.0, 400.0]
class_correct [35.0, 0.0, 252.0, 12.0, 89.0, 65.0]
confusion_matrix [[35, 259, 21, 40, 1, 44], [3, 0, 1, 76, 148, 172], [0, 68, 252, 1, 10, 69], [2, 0, 1, 12, 169, 216], [24, 0, 160, 0, 89, 127], [7, 2, 19, 126, 181, 65]]
traning started for  43 epoch
epoch 43 loss: 0.00107002258301
validation accuracy :  1.0
validation class_total [1200.0, 1200.0, 1200.0, 1200.0, 1200.0, 1200.0]
validation class_correct [1200.0, 1200.0, 1200.0, 1200.0, 1200.0, 1200.0]
validation confusion_matrix [[1200, 0, 0, 0, 0, 0], [0, 1200, 0, 0, 0, 0], [0, 0, 1200, 0, 0, 0], [0, 0, 0, 1200, 0, 0], [0, 0, 0, 0, 1200, 0], [0, 0, 0, 0, 0, 1200]]
test accuracy :  0.162083333333
class_total [400.0, 400.0, 400.0, 400.0, 400.0, 400.0]
class_correct [29.0, 0.0, 206.0, 14.0, 74.0, 66.0]
confusion_matrix [[29, 260, 15, 53, 1, 42], [4, 0, 1, 70, 139, 186], [0, 93, 206, 0, 10, 91], [1, 0, 0, 14, 154, 231], [20, 0, 137, 8, 74, 161], [4, 3, 7, 145, 175, 66]]
traning started for  44 epoch
epoch 44 loss: 0.00023078918457
validation accuracy :  1.0
validation class_total [1200.0, 1200.0, 1200.0, 1200.0, 1200.0, 1200.0]
validation class_correct [1200.0, 1200.0, 1200.0, 1200.0, 1200.0, 1200.0]
validation confusion_matrix [[1200, 0, 0, 0, 0, 0], [0, 1200, 0, 0, 0, 0], [0, 0, 1200, 0, 0, 0], [0, 0, 0, 1200, 0, 0], [0, 0, 0, 0, 1200, 0], [0, 0, 0, 0, 0, 1200]]
test accuracy :  0.162083333333
class_total [400.0, 400.0, 400.0, 400.0, 400.0, 400.0]
class_correct [48.0, 0.0, 189.0, 16.0, 80.0, 56.0]
confusion_matrix [[48, 240, 17, 58, 2, 35], [2, 0, 1, 52, 164, 181], [0, 102, 189, 0, 6, 103], [3, 0, 1, 16, 182, 198], [6, 1, 152, 6, 80, 155], [1, 2, 14, 132, 195, 56]]
traning started for  45 epoch
epoch 45 loss: 0.00581741333008
validation accuracy :  1.0
validation class_total [1200.0, 1200.0, 1200.0, 1200.0, 1200.0, 1200.0]
validation class_correct [1200.0, 1200.0, 1200.0, 1200.0, 1200.0, 1200.0]
validation confusion_matrix [[1200, 0, 0, 0, 0, 0], [0, 1200, 0, 0, 0, 0], [0, 0, 1200, 0, 0, 0], [0, 0, 0, 1200, 0, 0], [0, 0, 0, 0, 1200, 0], [0, 0, 0, 0, 0, 1200]]
test accuracy :  0.167916666667
class_total [400.0, 400.0, 400.0, 400.0, 400.0, 400.0]
class_correct [40.0, 0.0, 214.0, 11.0, 100.0, 38.0]
confusion_matrix [[40, 267, 13, 51, 3, 26], [1, 0, 2, 69, 157, 171], [0, 97, 214, 1, 14, 74], [0, 0, 1, 11, 177, 211], [9, 0, 111, 9, 100, 171], [3, 2, 12, 119, 226, 38]]
traning started for  46 epoch
epoch 46 loss: 0.000426292419434
validation accuracy :  1.0
validation class_total [1200.0, 1200.0, 1200.0, 1200.0, 1200.0, 1200.0]
validation class_correct [1200.0, 1200.0, 1200.0, 1200.0, 1200.0, 1200.0]
validation confusion_matrix [[1200, 0, 0, 0, 0, 0], [0, 1200, 0, 0, 0, 0], [0, 0, 1200, 0, 0, 0], [0, 0, 0, 1200, 0, 0], [0, 0, 0, 0, 1200, 0], [0, 0, 0, 0, 0, 1200]]
test accuracy :  0.183333333333
class_total [400.0, 400.0, 400.0, 400.0, 400.0, 400.0]
class_correct [54.0, 0.0, 230.0, 8.0, 106.0, 42.0]
confusion_matrix [[54, 268, 24, 28, 1, 25], [4, 0, 1, 38, 192, 165], [0, 62, 230, 0, 21, 87], [1, 0, 0, 8, 211, 180], [33, 0, 125, 0, 106, 136], [3, 1, 18, 103, 233, 42]]
traning started for  47 epoch
epoch 47 loss: 0.00450038909912
validation accuracy :  1.0
validation class_total [1200.0, 1200.0, 1200.0, 1200.0, 1200.0, 1200.0]
validation class_correct [1200.0, 1200.0, 1200.0, 1200.0, 1200.0, 1200.0]
validation confusion_matrix [[1200, 0, 0, 0, 0, 0], [0, 1200, 0, 0, 0, 0], [0, 0, 1200, 0, 0, 0], [0, 0, 0, 1200, 0, 0], [0, 0, 0, 0, 1200, 0], [0, 0, 0, 0, 0, 1200]]
test accuracy :  0.152916666667
class_total [400.0, 400.0, 400.0, 400.0, 400.0, 400.0]
class_correct [25.0, 0.0, 204.0, 18.0, 57.0, 63.0]
confusion_matrix [[25, 287, 13, 40, 1, 34], [9, 0, 1, 64, 147, 179], [0, 83, 204, 0, 10, 103], [2, 0, 0, 18, 165, 215], [22, 0, 119, 5, 57, 197], [9, 1, 22, 119, 186, 63]]
traning started for  48 epoch
epoch 48 loss: 0.000978469848633
validation accuracy :  1.0
validation class_total [1200.0, 1200.0, 1200.0, 1200.0, 1200.0, 1200.0]
validation class_correct [1200.0, 1200.0, 1200.0, 1200.0, 1200.0, 1200.0]
validation confusion_matrix [[1200, 0, 0, 0, 0, 0], [0, 1200, 0, 0, 0, 0], [0, 0, 1200, 0, 0, 0], [0, 0, 0, 1200, 0, 0], [0, 0, 0, 0, 1200, 0], [0, 0, 0, 0, 0, 1200]]
test accuracy :  0.157083333333
class_total [400.0, 400.0, 400.0, 400.0, 400.0, 400.0]
class_correct [40.0, 0.0, 203.0, 12.0, 64.0, 58.0]
confusion_matrix [[40, 268, 16, 45, 1, 30], [3, 0, 2, 63, 140, 192], [0, 92, 203, 0, 11, 94], [4, 0, 0, 12, 173, 211], [21, 0, 101, 2, 64, 212], [7, 1, 15, 140, 179, 58]]
traning started for  49 epoch
epoch 49 loss: 0.000823974609375
validation accuracy :  1.0
validation class_total [1200.0, 1200.0, 1200.0, 1200.0, 1200.0, 1200.0]
validation class_correct [1200.0, 1200.0, 1200.0, 1200.0, 1200.0, 1200.0]
validation confusion_matrix [[1200, 0, 0, 0, 0, 0], [0, 1200, 0, 0, 0, 0], [0, 0, 1200, 0, 0, 0], [0, 0, 0, 1200, 0, 0], [0, 0, 0, 0, 1200, 0], [0, 0, 0, 0, 0, 1200]]
test accuracy :  0.166666666667
class_total [400.0, 400.0, 400.0, 400.0, 400.0, 400.0]
class_correct [38.0, 0.0, 203.0, 10.0, 94.0, 55.0]
confusion_matrix [[38, 233, 20, 18, 1, 90], [2, 0, 2, 25, 206, 165], [0, 62, 203, 0, 17, 118], [1, 0, 1, 10, 217, 171], [13, 0, 78, 2, 94, 213], [2, 2, 17, 78, 246, 55]]
traning started for  50 epoch
epoch 50 loss: 0.0106606483459
validation accuracy :  1.0
validation class_total [1200.0, 1200.0, 1200.0, 1200.0, 1200.0, 1200.0]
validation class_correct [1200.0, 1200.0, 1200.0, 1200.0, 1200.0, 1200.0]
validation confusion_matrix [[1200, 0, 0, 0, 0, 0], [0, 1200, 0, 0, 0, 0], [0, 0, 1200, 0, 0, 0], [0, 0, 0, 1200, 0, 0], [0, 0, 0, 0, 1200, 0], [0, 0, 0, 0, 0, 1200]]
test accuracy :  0.16875
class_total [400.0, 400.0, 400.0, 400.0, 400.0, 400.0]
class_correct [41.0, 0.0, 224.0, 6.0, 71.0, 63.0]
confusion_matrix [[41, 275, 18, 30, 2, 34], [2, 0, 1, 33, 197, 167], [0, 37, 224, 0, 14, 125], [0, 0, 1, 6, 216, 177], [11, 0, 100, 1, 71, 217], [6, 3, 31, 124, 173, 63]]
traning started for  51 epoch
epoch 51 loss: 0.00227737426758
validation accuracy :  0.986944444444
validation class_total [1200.0, 1200.0, 1200.0, 1200.0, 1200.0, 1200.0]
validation class_correct [1175.0, 1187.0, 1200.0, 1167.0, 1185.0, 1192.0]
validation confusion_matrix [[1175, 1, 1, 0, 23, 0], [0, 1187, 6, 0, 3, 4], [0, 0, 1200, 0, 0, 0], [4, 8, 1, 1167, 12, 8], [0, 0, 11, 0, 1185, 4], [1, 0, 6, 0, 1, 1192]]
test accuracy :  0.157916666667
class_total [400.0, 400.0, 400.0, 400.0, 400.0, 400.0]
class_correct [54.0, 0.0, 161.0, 4.0, 59.0, 101.0]
confusion_matrix [[54, 204, 87, 4, 7, 44], [1, 0, 5, 1, 279, 114], [0, 187, 161, 0, 7, 45], [1, 1, 1, 4, 228, 165], [7, 1, 143, 5, 59, 185], [6, 4, 83, 26, 180, 101]]
traning started for  52 epoch
epoch 52 loss: 0.00185871124268
validation accuracy :  0.9825
validation class_total [1200.0, 1200.0, 1200.0, 1200.0, 1200.0, 1200.0]
validation class_correct [1184.0, 1187.0, 1175.0, 1188.0, 1171.0, 1169.0]
validation confusion_matrix [[1184, 0, 0, 2, 11, 3], [1, 1187, 2, 2, 3, 5], [0, 0, 1175, 0, 1, 24], [6, 0, 0, 1188, 5, 1], [5, 0, 3, 1, 1171, 20], [0, 0, 0, 11, 20, 1169]]
test accuracy :  0.280833333333
class_total [400.0, 400.0, 400.0, 400.0, 400.0, 400.0]
class_correct [176.0, 0.0, 88.0, 37.0, 201.0, 172.0]
confusion_matrix [[176, 69, 35, 84, 11, 25], [5, 0, 0, 19, 346, 30], [0, 181, 88, 8, 62, 61], [7, 1, 0, 37, 271, 84], [2, 0, 34, 14, 201, 149], [8, 1, 4, 55, 160, 172]]
traning started for  53 epoch
epoch 53 loss: 0.0142197608948
validation accuracy :  0.994027777778
validation class_total [1200.0, 1200.0, 1200.0, 1200.0, 1200.0, 1200.0]
validation class_correct [1188.0, 1199.0, 1199.0, 1192.0, 1198.0, 1181.0]
validation confusion_matrix [[1188, 1, 0, 0, 11, 0], [0, 1199, 0, 1, 0, 0], [0, 0, 1199, 0, 1, 0], [6, 2, 0, 1192, 0, 0], [0, 0, 2, 0, 1198, 0], [3, 0, 2, 1, 13, 1181]]
test accuracy :  0.221666666667
class_total [400.0, 400.0, 400.0, 400.0, 400.0, 400.0]
class_correct [104.0, 0.0, 218.0, 24.0, 161.0, 25.0]
confusion_matrix [[104, 107, 129, 36, 8, 16], [27, 0, 3, 26, 324, 20], [0, 109, 218, 4, 51, 18], [25, 0, 5, 24, 274, 72], [120, 0, 63, 30, 161, 26], [17, 2, 41, 73, 242, 25]]
traning started for  54 epoch
