cuda
Training started
traning started for  1 epoch
epoch 1 loss: 3.52774238586
validation accuracy :  0.577083333333
validation class_total [720.0, 720.0, 720.0, 720.0, 720.0, 720.0]
validation class_correct [240.0, 709.0, 432.0, 402.0, 334.0, 376.0]
validation confusion_matrix [[240, 1, 0, 399, 18, 62], [0, 709, 8, 0, 0, 3], [0, 282, 432, 0, 2, 4], [264, 0, 0, 402, 19, 35], [34, 44, 49, 54, 334, 205], [22, 238, 6, 28, 50, 376]]
test accuracy :  0.128472222222
class_total [240.0, 240.0, 240.0, 240.0, 240.0, 240.0]
class_correct [1.0, 3.0, 74.0, 66.0, 22.0, 19.0]
confusion_matrix [[1, 151, 3, 2, 11, 72], [36, 3, 3, 52, 98, 48], [0, 165, 74, 0, 0, 1], [52, 5, 1, 66, 30, 86], [0, 66, 128, 0, 22, 24], [17, 1, 16, 32, 155, 19]]
traning started for  2 epoch
epoch 2 loss: 0.00261688232422
validation accuracy :  0.853935185185
validation class_total [720.0, 720.0, 720.0, 720.0, 720.0, 720.0]
validation class_correct [534.0, 710.0, 697.0, 363.0, 693.0, 692.0]
validation confusion_matrix [[534, 0, 0, 156, 7, 23], [0, 710, 5, 0, 0, 5], [0, 13, 697, 0, 7, 3], [312, 0, 0, 363, 26, 19], [2, 0, 16, 6, 693, 3], [2, 7, 9, 1, 9, 692]]
test accuracy :  0.203472222222
class_total [240.0, 240.0, 240.0, 240.0, 240.0, 240.0]
class_correct [1.0, 0.0, 225.0, 29.0, 33.0, 5.0]
confusion_matrix [[1, 55, 34, 0, 7, 143], [19, 0, 4, 8, 86, 123], [0, 6, 225, 0, 5, 4], [6, 0, 3, 29, 187, 15], [0, 3, 56, 1, 33, 147], [0, 0, 5, 16, 214, 5]]
traning started for  3 epoch
epoch 3 loss: 0.00194454193115
validation accuracy :  0.946064814815
validation class_total [720.0, 720.0, 720.0, 720.0, 720.0, 720.0]
validation class_correct [581.0, 677.0, 708.0, 707.0, 707.0, 707.0]
validation confusion_matrix [[581, 0, 0, 134, 3, 2], [5, 677, 6, 2, 4, 26], [0, 0, 708, 0, 12, 0], [2, 0, 0, 707, 11, 0], [0, 0, 3, 10, 707, 0], [2, 0, 1, 2, 8, 707]]
test accuracy :  0.232638888889
class_total [240.0, 240.0, 240.0, 240.0, 240.0, 240.0]
class_correct [19.0, 0.0, 210.0, 44.0, 62.0, 0.0]
confusion_matrix [[19, 31, 45, 22, 41, 82], [9, 0, 1, 32, 101, 97], [0, 0, 210, 0, 24, 6], [0, 0, 0, 44, 177, 19], [2, 0, 45, 1, 62, 130], [0, 0, 1, 17, 222, 0]]
traning started for  4 epoch
epoch 4 loss: 0.00170421600342
validation accuracy :  0.988888888889
validation class_total [720.0, 720.0, 720.0, 720.0, 720.0, 720.0]
validation class_correct [715.0, 718.0, 714.0, 707.0, 704.0, 714.0]
validation confusion_matrix [[715, 0, 0, 2, 0, 3], [1, 718, 0, 0, 0, 1], [0, 6, 714, 0, 0, 0], [9, 0, 0, 707, 4, 0], [0, 0, 6, 5, 704, 5], [2, 4, 0, 0, 0, 714]]
test accuracy :  0.1625
class_total [240.0, 240.0, 240.0, 240.0, 240.0, 240.0]
class_correct [33.0, 0.0, 167.0, 23.0, 10.0, 1.0]
confusion_matrix [[33, 155, 16, 0, 2, 34], [11, 0, 3, 9, 64, 153], [0, 73, 167, 0, 0, 0], [3, 0, 6, 23, 156, 52], [3, 11, 165, 0, 10, 51], [0, 0, 5, 15, 219, 1]]
traning started for  5 epoch
epoch 5 loss: 0.00169706344604
validation accuracy :  0.964814814815
validation class_total [720.0, 720.0, 720.0, 720.0, 720.0, 720.0]
validation class_correct [691.0, 691.0, 686.0, 719.0, 673.0, 708.0]
validation confusion_matrix [[691, 0, 0, 28, 0, 1], [9, 691, 6, 1, 4, 9], [0, 1, 686, 0, 31, 2], [0, 0, 0, 719, 1, 0], [0, 0, 0, 47, 673, 0], [1, 0, 0, 4, 7, 708]]
test accuracy :  0.197916666667
class_total [240.0, 240.0, 240.0, 240.0, 240.0, 240.0]
class_correct [16.0, 0.0, 43.0, 60.0, 165.0, 1.0]
confusion_matrix [[16, 2, 9, 23, 76, 114], [2, 0, 0, 66, 83, 89], [0, 0, 43, 0, 193, 4], [0, 0, 0, 60, 158, 22], [1, 0, 34, 3, 165, 37], [0, 0, 0, 61, 178, 1]]
traning started for  6 epoch
epoch 6 loss: 0.0042462348938
validation accuracy :  0.991666666667
validation class_total [720.0, 720.0, 720.0, 720.0, 720.0, 720.0]
validation class_correct [713.0, 720.0, 719.0, 712.0, 713.0, 707.0]
validation confusion_matrix [[713, 4, 0, 2, 0, 1], [0, 720, 0, 0, 0, 0], [0, 1, 719, 0, 0, 0], [5, 0, 0, 712, 3, 0], [0, 0, 7, 0, 713, 0], [0, 10, 1, 0, 2, 707]]
test accuracy :  0.227777777778
class_total [240.0, 240.0, 240.0, 240.0, 240.0, 240.0]
class_correct [39.0, 0.0, 216.0, 8.0, 65.0, 0.0]
confusion_matrix [[39, 126, 45, 3, 10, 17], [2, 0, 3, 12, 183, 40], [0, 17, 216, 0, 7, 0], [0, 0, 0, 8, 211, 21], [3, 0, 141, 1, 65, 30], [0, 0, 1, 16, 223, 0]]
traning started for  7 epoch
epoch 7 loss: 9.53674316406e-06
validation accuracy :  0.99375
validation class_total [720.0, 720.0, 720.0, 720.0, 720.0, 720.0]
validation class_correct [716.0, 718.0, 720.0, 718.0, 704.0, 717.0]
validation confusion_matrix [[716, 2, 0, 2, 0, 0], [0, 718, 2, 0, 0, 0], [0, 0, 720, 0, 0, 0], [2, 0, 0, 718, 0, 0], [2, 0, 14, 0, 704, 0], [0, 1, 1, 0, 1, 717]]
test accuracy :  0.195138888889
class_total [240.0, 240.0, 240.0, 240.0, 240.0, 240.0]
class_correct [16.0, 0.0, 218.0, 3.0, 39.0, 5.0]
confusion_matrix [[16, 82, 94, 1, 4, 43], [2, 0, 0, 3, 105, 130], [0, 5, 218, 0, 14, 3], [0, 0, 0, 3, 194, 43], [1, 1, 160, 0, 39, 39], [0, 0, 6, 12, 217, 5]]
traning started for  8 epoch
epoch 8 loss: 0.000301361083984
validation accuracy :  0.971527777778
validation class_total [720.0, 720.0, 720.0, 720.0, 720.0, 720.0]
validation class_correct [705.0, 668.0, 691.0, 720.0, 694.0, 719.0]
validation confusion_matrix [[705, 0, 0, 15, 0, 0], [52, 668, 0, 0, 0, 0], [1, 6, 691, 0, 16, 6], [0, 0, 0, 720, 0, 0], [1, 0, 0, 22, 694, 3], [0, 0, 0, 1, 0, 719]]
test accuracy :  0.221527777778
class_total [240.0, 240.0, 240.0, 240.0, 240.0, 240.0]
class_correct [146.0, 0.0, 84.0, 23.0, 65.0, 1.0]
confusion_matrix [[146, 12, 3, 49, 11, 19], [16, 0, 0, 50, 63, 111], [1, 14, 84, 0, 93, 48], [2, 0, 0, 23, 112, 103], [3, 0, 12, 3, 65, 157], [0, 0, 0, 42, 197, 1]]
traning started for  9 epoch
epoch 9 loss: 0.000128746032715
validation accuracy :  0.99837962963
validation class_total [720.0, 720.0, 720.0, 720.0, 720.0, 720.0]
validation class_correct [717.0, 717.0, 719.0, 720.0, 720.0, 720.0]
validation confusion_matrix [[717, 0, 0, 1, 1, 1], [1, 717, 2, 0, 0, 0], [0, 0, 719, 0, 1, 0], [0, 0, 0, 720, 0, 0], [0, 0, 0, 0, 720, 0], [0, 0, 0, 0, 0, 720]]
test accuracy :  0.23125
class_total [240.0, 240.0, 240.0, 240.0, 240.0, 240.0]
class_correct [69.0, 0.0, 224.0, 11.0, 29.0, 0.0]
confusion_matrix [[69, 70, 32, 7, 16, 46], [9, 0, 0, 37, 117, 77], [0, 4, 224, 0, 8, 4], [0, 0, 0, 11, 137, 92], [3, 1, 36, 0, 29, 171], [0, 0, 1, 18, 221, 0]]
traning started for  10 epoch
epoch 10 loss: 0.000192642211914
validation accuracy :  0.999537037037
validation class_total [720.0, 720.0, 720.0, 720.0, 720.0, 720.0]
validation class_correct [720.0, 720.0, 720.0, 719.0, 720.0, 719.0]
validation confusion_matrix [[720, 0, 0, 0, 0, 0], [0, 720, 0, 0, 0, 0], [0, 0, 720, 0, 0, 0], [0, 0, 0, 719, 1, 0], [0, 0, 0, 0, 720, 0], [0, 0, 0, 0, 1, 719]]
test accuracy :  0.209027777778
class_total [240.0, 240.0, 240.0, 240.0, 240.0, 240.0]
class_correct [70.0, 0.0, 207.0, 2.0, 22.0, 0.0]
confusion_matrix [[70, 94, 14, 1, 4, 57], [0, 0, 0, 6, 136, 98], [0, 13, 207, 0, 5, 15], [0, 0, 0, 2, 190, 48], [0, 0, 38, 0, 22, 180], [0, 0, 1, 20, 219, 0]]
traning started for  11 epoch
epoch 11 loss: 0.000296592712402
validation accuracy :  0.996759259259
validation class_total [720.0, 720.0, 720.0, 720.0, 720.0, 720.0]
validation class_correct [716.0, 720.0, 720.0, 716.0, 715.0, 719.0]
validation confusion_matrix [[716, 2, 0, 0, 0, 2], [0, 720, 0, 0, 0, 0], [0, 0, 720, 0, 0, 0], [1, 0, 0, 716, 3, 0], [0, 0, 3, 0, 715, 2], [0, 0, 1, 0, 0, 719]]
test accuracy :  0.219444444444
class_total [240.0, 240.0, 240.0, 240.0, 240.0, 240.0]
class_correct [48.0, 0.0, 229.0, 2.0, 37.0, 0.0]
confusion_matrix [[48, 151, 21, 3, 2, 15], [1, 0, 0, 4, 80, 155], [0, 5, 229, 0, 2, 4], [0, 0, 1, 2, 149, 88], [0, 0, 108, 0, 37, 95], [0, 0, 5, 1, 234, 0]]
traning started for  12 epoch
epoch 12 loss: 0.0023307800293
validation accuracy :  0.998148148148
validation class_total [720.0, 720.0, 720.0, 720.0, 720.0, 720.0]
validation class_correct [720.0, 719.0, 720.0, 716.0, 717.0, 720.0]
validation confusion_matrix [[720, 0, 0, 0, 0, 0], [1, 719, 0, 0, 0, 0], [0, 0, 720, 0, 0, 0], [4, 0, 0, 716, 0, 0], [0, 0, 1, 2, 717, 0], [0, 0, 0, 0, 0, 720]]
test accuracy :  0.254166666667
class_total [240.0, 240.0, 240.0, 240.0, 240.0, 240.0]
class_correct [130.0, 0.0, 198.0, 20.0, 18.0, 0.0]
confusion_matrix [[130, 93, 10, 2, 1, 4], [28, 0, 0, 51, 57, 104], [0, 41, 198, 0, 0, 1], [10, 0, 0, 20, 150, 60], [8, 16, 82, 0, 18, 116], [0, 0, 2, 43, 195, 0]]
traning started for  13 epoch
epoch 13 loss: 7.34329223633e-05
validation accuracy :  0.999305555556
validation class_total [720.0, 720.0, 720.0, 720.0, 720.0, 720.0]
validation class_correct [720.0, 720.0, 719.0, 718.0, 720.0, 720.0]
validation confusion_matrix [[720, 0, 0, 0, 0, 0], [0, 720, 0, 0, 0, 0], [0, 1, 719, 0, 0, 0], [2, 0, 0, 718, 0, 0], [0, 0, 0, 0, 720, 0], [0, 0, 0, 0, 0, 720]]
test accuracy :  0.213888888889
class_total [240.0, 240.0, 240.0, 240.0, 240.0, 240.0]
class_correct [82.0, 0.0, 202.0, 3.0, 19.0, 2.0]
confusion_matrix [[82, 110, 19, 2, 4, 23], [2, 0, 1, 10, 55, 172], [0, 12, 202, 0, 4, 22], [1, 0, 0, 3, 165, 71], [0, 0, 32, 1, 19, 188], [0, 0, 1, 19, 218, 2]]
traning started for  14 epoch
epoch 14 loss: 2.95639038086e-05
validation accuracy :  1.0
validation class_total [720.0, 720.0, 720.0, 720.0, 720.0, 720.0]
validation class_correct [720.0, 720.0, 720.0, 720.0, 720.0, 720.0]
validation confusion_matrix [[720, 0, 0, 0, 0, 0], [0, 720, 0, 0, 0, 0], [0, 0, 720, 0, 0, 0], [0, 0, 0, 720, 0, 0], [0, 0, 0, 0, 720, 0], [0, 0, 0, 0, 0, 720]]
test accuracy :  0.214583333333
class_total [240.0, 240.0, 240.0, 240.0, 240.0, 240.0]
class_correct [100.0, 0.0, 179.0, 9.0, 21.0, 0.0]
confusion_matrix [[100, 109, 9, 5, 4, 13], [1, 0, 0, 33, 48, 158], [0, 20, 179, 0, 5, 36], [0, 0, 0, 9, 169, 62], [0, 0, 11, 5, 21, 203], [0, 0, 0, 18, 222, 0]]
traning started for  15 epoch
epoch 15 loss: 0.000234603881836
validation accuracy :  0.999768518519
validation class_total [720.0, 720.0, 720.0, 720.0, 720.0, 720.0]
validation class_correct [720.0, 719.0, 720.0, 720.0, 720.0, 720.0]
validation confusion_matrix [[720, 0, 0, 0, 0, 0], [1, 719, 0, 0, 0, 0], [0, 0, 720, 0, 0, 0], [0, 0, 0, 720, 0, 0], [0, 0, 0, 0, 720, 0], [0, 0, 0, 0, 0, 720]]
test accuracy :  0.261111111111
class_total [240.0, 240.0, 240.0, 240.0, 240.0, 240.0]
class_correct [133.0, 0.0, 203.0, 9.0, 31.0, 0.0]
confusion_matrix [[133, 61, 16, 6, 5, 19], [2, 0, 0, 23, 80, 135], [0, 14, 203, 0, 6, 17], [0, 0, 0, 9, 203, 28], [1, 0, 33, 2, 31, 173], [0, 0, 0, 24, 216, 0]]
traning started for  16 epoch
epoch 16 loss: 3.71932983398e-05
validation accuracy :  0.998148148148
validation class_total [720.0, 720.0, 720.0, 720.0, 720.0, 720.0]
validation class_correct [718.0, 720.0, 717.0, 719.0, 718.0, 720.0]
validation confusion_matrix [[718, 1, 0, 1, 0, 0], [0, 720, 0, 0, 0, 0], [0, 2, 717, 0, 0, 1], [0, 0, 0, 719, 1, 0], [0, 0, 1, 1, 718, 0], [0, 0, 0, 0, 0, 720]]
test accuracy :  0.174305555556
class_total [240.0, 240.0, 240.0, 240.0, 240.0, 240.0]
class_correct [48.0, 0.0, 159.0, 12.0, 27.0, 5.0]
confusion_matrix [[48, 133, 30, 4, 9, 16], [3, 0, 0, 39, 73, 125], [0, 61, 159, 0, 7, 13], [0, 0, 0, 12, 108, 120], [0, 0, 10, 1, 27, 202], [0, 0, 1, 37, 197, 5]]
traning started for  17 epoch
epoch 17 loss: 0.0
validation accuracy :  0.996296296296
validation class_total [720.0, 720.0, 720.0, 720.0, 720.0, 720.0]
validation class_correct [720.0, 720.0, 720.0, 708.0, 716.0, 720.0]
validation confusion_matrix [[720, 0, 0, 0, 0, 0], [0, 720, 0, 0, 0, 0], [0, 0, 720, 0, 0, 0], [9, 0, 0, 708, 3, 0], [0, 0, 3, 0, 716, 1], [0, 0, 0, 0, 0, 720]]
test accuracy :  0.239583333333
class_total [240.0, 240.0, 240.0, 240.0, 240.0, 240.0]
class_correct [76.0, 0.0, 216.0, 0.0, 48.0, 5.0]
confusion_matrix [[76, 131, 14, 1, 1, 17], [3, 0, 0, 1, 67, 169], [0, 6, 216, 0, 3, 15], [1, 0, 0, 0, 108, 131], [0, 0, 42, 0, 48, 150], [1, 0, 14, 0, 220, 5]]
traning started for  18 epoch
epoch 18 loss: 0.00567674636841
validation accuracy :  1.0
validation class_total [720.0, 720.0, 720.0, 720.0, 720.0, 720.0]
validation class_correct [720.0, 720.0, 720.0, 720.0, 720.0, 720.0]
validation confusion_matrix [[720, 0, 0, 0, 0, 0], [0, 720, 0, 0, 0, 0], [0, 0, 720, 0, 0, 0], [0, 0, 0, 720, 0, 0], [0, 0, 0, 0, 720, 0], [0, 0, 0, 0, 0, 720]]
test accuracy :  0.205555555556
class_total [240.0, 240.0, 240.0, 240.0, 240.0, 240.0]
class_correct [62.0, 1.0, 195.0, 18.0, 18.0, 2.0]
confusion_matrix [[62, 120, 32, 9, 7, 10], [4, 1, 1, 48, 82, 104], [0, 35, 195, 0, 3, 7], [0, 0, 1, 18, 146, 75], [3, 6, 76, 1, 18, 136], [0, 0, 0, 42, 196, 2]]
traning started for  19 epoch
epoch 19 loss: 4.76837158203e-06
validation accuracy :  0.999768518519
validation class_total [720.0, 720.0, 720.0, 720.0, 720.0, 720.0]
validation class_correct [719.0, 720.0, 720.0, 720.0, 720.0, 720.0]
validation confusion_matrix [[719, 0, 0, 1, 0, 0], [0, 720, 0, 0, 0, 0], [0, 0, 720, 0, 0, 0], [0, 0, 0, 720, 0, 0], [0, 0, 0, 0, 720, 0], [0, 0, 0, 0, 0, 720]]
test accuracy :  0.225694444444
class_total [240.0, 240.0, 240.0, 240.0, 240.0, 240.0]
class_correct [60.0, 0.0, 221.0, 5.0, 39.0, 0.0]
confusion_matrix [[60, 94, 50, 6, 12, 18], [0, 0, 2, 26, 119, 93], [0, 11, 221, 0, 1, 7], [0, 0, 0, 5, 156, 79], [0, 0, 86, 1, 39, 114], [0, 0, 0, 21, 219, 0]]
traning started for  20 epoch
epoch 20 loss: 7.62939453125e-06
validation accuracy :  0.993518518519
validation class_total [720.0, 720.0, 720.0, 720.0, 720.0, 720.0]
validation class_correct [719.0, 719.0, 718.0, 703.0, 720.0, 713.0]
validation confusion_matrix [[719, 0, 0, 0, 1, 0], [0, 719, 1, 0, 0, 0], [0, 0, 718, 0, 2, 0], [0, 0, 0, 703, 17, 0], [0, 0, 0, 0, 720, 0], [0, 0, 1, 0, 6, 713]]
test accuracy :  0.238888888889
class_total [240.0, 240.0, 240.0, 240.0, 240.0, 240.0]
class_correct [24.0, 0.0, 227.0, 1.0, 90.0, 2.0]
confusion_matrix [[24, 61, 53, 2, 13, 87], [0, 0, 2, 0, 208, 30], [0, 1, 227, 0, 7, 5], [0, 0, 1, 1, 204, 34], [0, 0, 106, 0, 90, 44], [0, 0, 1, 5, 232, 2]]
traning started for  21 epoch
epoch 21 loss: 9.53674316406e-07
validation accuracy :  1.0
validation class_total [720.0, 720.0, 720.0, 720.0, 720.0, 720.0]
validation class_correct [720.0, 720.0, 720.0, 720.0, 720.0, 720.0]
validation confusion_matrix [[720, 0, 0, 0, 0, 0], [0, 720, 0, 0, 0, 0], [0, 0, 720, 0, 0, 0], [0, 0, 0, 720, 0, 0], [0, 0, 0, 0, 720, 0], [0, 0, 0, 0, 0, 720]]
test accuracy :  0.194444444444
class_total [240.0, 240.0, 240.0, 240.0, 240.0, 240.0]
class_correct [45.0, 0.0, 185.0, 9.0, 34.0, 7.0]
confusion_matrix [[45, 54, 17, 3, 6, 115], [1, 0, 0, 19, 59, 161], [0, 18, 185, 0, 5, 32], [0, 0, 0, 9, 132, 99], [0, 0, 48, 0, 34, 158], [0, 0, 0, 16, 217, 7]]
traning started for  22 epoch
epoch 22 loss: 0.00020694732666
validation accuracy :  1.0
validation class_total [720.0, 720.0, 720.0, 720.0, 720.0, 720.0]
validation class_correct [720.0, 720.0, 720.0, 720.0, 720.0, 720.0]
validation confusion_matrix [[720, 0, 0, 0, 0, 0], [0, 720, 0, 0, 0, 0], [0, 0, 720, 0, 0, 0], [0, 0, 0, 720, 0, 0], [0, 0, 0, 0, 720, 0], [0, 0, 0, 0, 0, 720]]
test accuracy :  0.210416666667
class_total [240.0, 240.0, 240.0, 240.0, 240.0, 240.0]
class_correct [61.0, 0.0, 186.0, 8.0, 48.0, 0.0]
confusion_matrix [[61, 102, 25, 3, 5, 44], [6, 0, 0, 42, 66, 126], [0, 35, 186, 0, 1, 18], [0, 0, 0, 8, 121, 111], [1, 0, 72, 2, 48, 117], [0, 0, 0, 27, 213, 0]]
traning started for  23 epoch
epoch 23 loss: 0.000470161437988
validation accuracy :  1.0
validation class_total [720.0, 720.0, 720.0, 720.0, 720.0, 720.0]
validation class_correct [720.0, 720.0, 720.0, 720.0, 720.0, 720.0]
validation confusion_matrix [[720, 0, 0, 0, 0, 0], [0, 720, 0, 0, 0, 0], [0, 0, 720, 0, 0, 0], [0, 0, 0, 720, 0, 0], [0, 0, 0, 0, 720, 0], [0, 0, 0, 0, 0, 720]]
test accuracy :  0.241666666667
class_total [240.0, 240.0, 240.0, 240.0, 240.0, 240.0]
class_correct [74.0, 0.0, 204.0, 2.0, 68.0, 0.0]
confusion_matrix [[74, 71, 36, 9, 12, 38], [1, 0, 0, 39, 125, 75], [0, 18, 204, 0, 6, 12], [0, 0, 0, 2, 187, 51], [1, 0, 84, 3, 68, 84], [0, 0, 0, 17, 223, 0]]
traning started for  24 epoch
epoch 24 loss: 7.62939453125e-06
validation accuracy :  0.997916666667
validation class_total [720.0, 720.0, 720.0, 720.0, 720.0, 720.0]
validation class_correct [720.0, 718.0, 717.0, 720.0, 717.0, 719.0]
validation confusion_matrix [[720, 0, 0, 0, 0, 0], [2, 718, 0, 0, 0, 0], [0, 0, 717, 0, 1, 2], [0, 0, 0, 720, 0, 0], [0, 0, 0, 2, 717, 1], [1, 0, 0, 0, 0, 719]]
test accuracy :  0.16875
class_total [240.0, 240.0, 240.0, 240.0, 240.0, 240.0]
class_correct [60.0, 0.0, 115.0, 13.0, 52.0, 3.0]
confusion_matrix [[60, 90, 22, 2, 4, 62], [24, 0, 0, 21, 23, 172], [0, 64, 115, 0, 27, 34], [1, 0, 0, 13, 131, 95], [1, 1, 25, 0, 52, 161], [0, 0, 0, 35, 202, 3]]
traning started for  25 epoch
epoch 25 loss: 2.86102294922e-06
validation accuracy :  1.0
validation class_total [720.0, 720.0, 720.0, 720.0, 720.0, 720.0]
validation class_correct [720.0, 720.0, 720.0, 720.0, 720.0, 720.0]
validation confusion_matrix [[720, 0, 0, 0, 0, 0], [0, 720, 0, 0, 0, 0], [0, 0, 720, 0, 0, 0], [0, 0, 0, 720, 0, 0], [0, 0, 0, 0, 720, 0], [0, 0, 0, 0, 0, 720]]
test accuracy :  0.241666666667
class_total [240.0, 240.0, 240.0, 240.0, 240.0, 240.0]
class_correct [77.0, 0.0, 187.0, 4.0, 78.0, 2.0]
confusion_matrix [[77, 78, 33, 6, 11, 35], [13, 0, 0, 28, 116, 83], [0, 19, 187, 0, 17, 17], [0, 0, 0, 4, 197, 39], [1, 0, 44, 0, 78, 117], [0, 0, 0, 32, 206, 2]]
traning started for  26 epoch
epoch 26 loss: 0.000306129455566
validation accuracy :  0.998842592593
validation class_total [720.0, 720.0, 720.0, 720.0, 720.0, 720.0]
validation class_correct [720.0, 720.0, 720.0, 720.0, 715.0, 720.0]
validation confusion_matrix [[720, 0, 0, 0, 0, 0], [0, 720, 0, 0, 0, 0], [0, 0, 720, 0, 0, 0], [0, 0, 0, 720, 0, 0], [0, 0, 1, 0, 715, 4], [0, 0, 0, 0, 0, 720]]
test accuracy :  0.16875
class_total [240.0, 240.0, 240.0, 240.0, 240.0, 240.0]
class_correct [70.0, 0.0, 136.0, 8.0, 24.0, 5.0]
confusion_matrix [[70, 128, 12, 3, 0, 27], [11, 0, 0, 17, 36, 176], [0, 65, 136, 0, 3, 36], [2, 0, 0, 8, 115, 115], [1, 0, 38, 0, 24, 177], [0, 0, 1, 42, 192, 5]]
traning started for  27 epoch
epoch 27 loss: 0.000118255615234
validation accuracy :  0.999768518519
validation class_total [720.0, 720.0, 720.0, 720.0, 720.0, 720.0]
validation class_correct [720.0, 720.0, 719.0, 720.0, 720.0, 720.0]
validation confusion_matrix [[720, 0, 0, 0, 0, 0], [0, 720, 0, 0, 0, 0], [0, 0, 719, 0, 0, 1], [0, 0, 0, 720, 0, 0], [0, 0, 0, 0, 720, 0], [0, 0, 0, 0, 0, 720]]
test accuracy :  0.190277777778
class_total [240.0, 240.0, 240.0, 240.0, 240.0, 240.0]
class_correct [79.0, 0.0, 140.0, 4.0, 48.0, 3.0]
confusion_matrix [[79, 69, 25, 7, 20, 40], [9, 0, 0, 10, 85, 136], [0, 86, 140, 0, 3, 11], [1, 0, 0, 4, 140, 95], [0, 3, 42, 0, 48, 147], [0, 0, 4, 28, 205, 3]]
traning started for  28 epoch
epoch 28 loss: 0.0
validation accuracy :  0.999768518519
validation class_total [720.0, 720.0, 720.0, 720.0, 720.0, 720.0]
validation class_correct [719.0, 720.0, 720.0, 720.0, 720.0, 720.0]
validation confusion_matrix [[719, 1, 0, 0, 0, 0], [0, 720, 0, 0, 0, 0], [0, 0, 720, 0, 0, 0], [0, 0, 0, 720, 0, 0], [0, 0, 0, 0, 720, 0], [0, 0, 0, 0, 0, 720]]
test accuracy :  0.172222222222
class_total [240.0, 240.0, 240.0, 240.0, 240.0, 240.0]
class_correct [62.0, 0.0, 150.0, 3.0, 32.0, 1.0]
confusion_matrix [[62, 125, 17, 5, 5, 26], [1, 0, 0, 28, 97, 114], [0, 55, 150, 0, 5, 30], [0, 0, 0, 3, 140, 97], [0, 1, 23, 0, 32, 184], [0, 0, 2, 34, 203, 1]]
traning started for  29 epoch
epoch 29 loss: 0.00116539001465
validation accuracy :  0.999537037037
validation class_total [720.0, 720.0, 720.0, 720.0, 720.0, 720.0]
validation class_correct [719.0, 720.0, 720.0, 720.0, 719.0, 720.0]
validation confusion_matrix [[719, 0, 0, 1, 0, 0], [0, 720, 0, 0, 0, 0], [0, 0, 720, 0, 0, 0], [0, 0, 0, 720, 0, 0], [0, 0, 1, 0, 719, 0], [0, 0, 0, 0, 0, 720]]
test accuracy :  0.209722222222
class_total [240.0, 240.0, 240.0, 240.0, 240.0, 240.0]
class_correct [36.0, 0.0, 201.0, 7.0, 58.0, 0.0]
confusion_matrix [[36, 52, 69, 17, 26, 40], [1, 0, 0, 43, 74, 122], [0, 10, 201, 0, 5, 24], [0, 0, 0, 7, 122, 111], [0, 0, 30, 0, 58, 152], [0, 0, 1, 17, 222, 0]]
traning started for  30 epoch
epoch 30 loss: 6.67572021484e-05
validation accuracy :  0.999768518519
validation class_total [720.0, 720.0, 720.0, 720.0, 720.0, 720.0]
validation class_correct [720.0, 720.0, 720.0, 719.0, 720.0, 720.0]
validation confusion_matrix [[720, 0, 0, 0, 0, 0], [0, 720, 0, 0, 0, 0], [0, 0, 720, 0, 0, 0], [0, 0, 0, 719, 1, 0], [0, 0, 0, 0, 720, 0], [0, 0, 0, 0, 0, 720]]
test accuracy :  0.191666666667
class_total [240.0, 240.0, 240.0, 240.0, 240.0, 240.0]
class_correct [37.0, 0.0, 182.0, 3.0, 54.0, 0.0]
confusion_matrix [[37, 27, 68, 8, 51, 49], [0, 0, 0, 14, 143, 83], [0, 26, 182, 0, 6, 26], [0, 0, 0, 3, 180, 57], [0, 3, 55, 0, 54, 128], [0, 0, 0, 29, 211, 0]]
traning started for  31 epoch
epoch 31 loss: 0.00167226791382
validation accuracy :  1.0
validation class_total [720.0, 720.0, 720.0, 720.0, 720.0, 720.0]
validation class_correct [720.0, 720.0, 720.0, 720.0, 720.0, 720.0]
validation confusion_matrix [[720, 0, 0, 0, 0, 0], [0, 720, 0, 0, 0, 0], [0, 0, 720, 0, 0, 0], [0, 0, 0, 720, 0, 0], [0, 0, 0, 0, 720, 0], [0, 0, 0, 0, 0, 720]]
test accuracy :  0.213194444444
class_total [240.0, 240.0, 240.0, 240.0, 240.0, 240.0]
class_correct [62.0, 0.0, 179.0, 4.0, 62.0, 0.0]
confusion_matrix [[62, 86, 25, 7, 13, 47], [0, 0, 0, 28, 116, 96], [0, 21, 179, 0, 5, 35], [0, 0, 0, 4, 150, 86], [0, 0, 52, 1, 62, 125], [0, 0, 0, 41, 199, 0]]
traning started for  32 epoch
epoch 32 loss: 0.00157737731934
validation accuracy :  1.0
validation class_total [720.0, 720.0, 720.0, 720.0, 720.0, 720.0]
validation class_correct [720.0, 720.0, 720.0, 720.0, 720.0, 720.0]
validation confusion_matrix [[720, 0, 0, 0, 0, 0], [0, 720, 0, 0, 0, 0], [0, 0, 720, 0, 0, 0], [0, 0, 0, 720, 0, 0], [0, 0, 0, 0, 720, 0], [0, 0, 0, 0, 0, 720]]
test accuracy :  0.232638888889
class_total [240.0, 240.0, 240.0, 240.0, 240.0, 240.0]
class_correct [73.0, 0.0, 189.0, 7.0, 66.0, 0.0]
confusion_matrix [[73, 91, 27, 5, 11, 33], [3, 0, 0, 35, 139, 63], [0, 27, 189, 0, 5, 19], [0, 0, 0, 7, 171, 62], [1, 0, 45, 0, 66, 128], [0, 0, 0, 36, 204, 0]]
traning started for  33 epoch
epoch 33 loss: 1.90734863281e-06
validation accuracy :  0.999537037037
validation class_total [720.0, 720.0, 720.0, 720.0, 720.0, 720.0]
validation class_correct [720.0, 720.0, 720.0, 720.0, 719.0, 719.0]
validation confusion_matrix [[720, 0, 0, 0, 0, 0], [0, 720, 0, 0, 0, 0], [0, 0, 720, 0, 0, 0], [0, 0, 0, 720, 0, 0], [0, 0, 1, 0, 719, 0], [0, 0, 0, 0, 1, 719]]
test accuracy :  0.244444444444
class_total [240.0, 240.0, 240.0, 240.0, 240.0, 240.0]
class_correct [92.0, 0.0, 196.0, 5.0, 59.0, 0.0]
confusion_matrix [[92, 75, 32, 13, 16, 12], [3, 0, 0, 53, 102, 82], [0, 25, 196, 0, 4, 15], [1, 0, 0, 5, 174, 60], [1, 0, 61, 2, 59, 117], [0, 0, 0, 31, 209, 0]]
traning started for  34 epoch
epoch 34 loss: 0.000168800354004
validation accuracy :  1.0
validation class_total [720.0, 720.0, 720.0, 720.0, 720.0, 720.0]
validation class_correct [720.0, 720.0, 720.0, 720.0, 720.0, 720.0]
validation confusion_matrix [[720, 0, 0, 0, 0, 0], [0, 720, 0, 0, 0, 0], [0, 0, 720, 0, 0, 0], [0, 0, 0, 720, 0, 0], [0, 0, 0, 0, 720, 0], [0, 0, 0, 0, 0, 720]]
test accuracy :  0.243055555556
class_total [240.0, 240.0, 240.0, 240.0, 240.0, 240.0]
class_correct [86.0, 0.0, 203.0, 5.0, 56.0, 0.0]
confusion_matrix [[86, 76, 35, 10, 15, 18], [5, 0, 0, 35, 112, 88], [0, 15, 203, 0, 4, 18], [0, 0, 0, 5, 176, 59], [1, 1, 62, 0, 56, 120], [0, 0, 0, 25, 215, 0]]
traning started for  35 epoch
epoch 35 loss: 0.000491619110107
validation accuracy :  1.0
validation class_total [720.0, 720.0, 720.0, 720.0, 720.0, 720.0]
validation class_correct [720.0, 720.0, 720.0, 720.0, 720.0, 720.0]
validation confusion_matrix [[720, 0, 0, 0, 0, 0], [0, 720, 0, 0, 0, 0], [0, 0, 720, 0, 0, 0], [0, 0, 0, 720, 0, 0], [0, 0, 0, 0, 720, 0], [0, 0, 0, 0, 0, 720]]
test accuracy :  0.239583333333
class_total [240.0, 240.0, 240.0, 240.0, 240.0, 240.0]
class_correct [83.0, 0.0, 199.0, 5.0, 58.0, 0.0]
confusion_matrix [[83, 84, 29, 13, 12, 19], [2, 0, 0, 33, 110, 95], [0, 17, 199, 0, 6, 18], [0, 0, 0, 5, 175, 60], [0, 0, 55, 0, 58, 127], [0, 0, 0, 27, 213, 0]]
traning started for  36 epoch
epoch 36 loss: 6.67572021484e-06
validation accuracy :  0.999768518519
validation class_total [720.0, 720.0, 720.0, 720.0, 720.0, 720.0]
validation class_correct [720.0, 719.0, 720.0, 720.0, 720.0, 720.0]
validation confusion_matrix [[720, 0, 0, 0, 0, 0], [1, 719, 0, 0, 0, 0], [0, 0, 720, 0, 0, 0], [0, 0, 0, 720, 0, 0], [0, 0, 0, 0, 720, 0], [0, 0, 0, 0, 0, 720]]
test accuracy :  0.242361111111
class_total [240.0, 240.0, 240.0, 240.0, 240.0, 240.0]
class_correct [85.0, 0.0, 202.0, 6.0, 56.0, 0.0]
confusion_matrix [[85, 85, 29, 9, 12, 20], [1, 0, 0, 38, 99, 102], [0, 19, 202, 0, 2, 17], [0, 0, 0, 6, 162, 72], [0, 0, 53, 0, 56, 131], [0, 0, 1, 32, 207, 0]]
traning started for  37 epoch
epoch 37 loss: 0.00267648696899
validation accuracy :  1.0
validation class_total [720.0, 720.0, 720.0, 720.0, 720.0, 720.0]
validation class_correct [720.0, 720.0, 720.0, 720.0, 720.0, 720.0]
validation confusion_matrix [[720, 0, 0, 0, 0, 0], [0, 720, 0, 0, 0, 0], [0, 0, 720, 0, 0, 0], [0, 0, 0, 720, 0, 0], [0, 0, 0, 0, 720, 0], [0, 0, 0, 0, 0, 720]]
test accuracy :  0.243055555556
class_total [240.0, 240.0, 240.0, 240.0, 240.0, 240.0]
class_correct [94.0, 0.0, 197.0, 5.0, 54.0, 0.0]
confusion_matrix [[94, 78, 24, 9, 9, 26], [4, 0, 0, 42, 94, 100], [0, 20, 197, 0, 4, 19], [0, 0, 0, 5, 168, 67], [1, 1, 45, 0, 54, 139], [0, 0, 0, 28, 212, 0]]
traning started for  38 epoch
epoch 38 loss: 4.76837158203e-06
validation accuracy :  1.0
validation class_total [720.0, 720.0, 720.0, 720.0, 720.0, 720.0]
validation class_correct [720.0, 720.0, 720.0, 720.0, 720.0, 720.0]
validation confusion_matrix [[720, 0, 0, 0, 0, 0], [0, 720, 0, 0, 0, 0], [0, 0, 720, 0, 0, 0], [0, 0, 0, 720, 0, 0], [0, 0, 0, 0, 720, 0], [0, 0, 0, 0, 0, 720]]
test accuracy :  0.2375
class_total [240.0, 240.0, 240.0, 240.0, 240.0, 240.0]
class_correct [88.0, 0.0, 192.0, 5.0, 57.0, 0.0]
confusion_matrix [[88, 75, 36, 7, 14, 20], [3, 0, 0, 39, 103, 95], [0, 23, 192, 0, 1, 24], [0, 0, 0, 5, 168, 67], [0, 0, 45, 0, 57, 138], [0, 0, 1, 32, 207, 0]]
traning started for  39 epoch
epoch 39 loss: 6.67572021484e-06
validation accuracy :  1.0
validation class_total [720.0, 720.0, 720.0, 720.0, 720.0, 720.0]
validation class_correct [720.0, 720.0, 720.0, 720.0, 720.0, 720.0]
validation confusion_matrix [[720, 0, 0, 0, 0, 0], [0, 720, 0, 0, 0, 0], [0, 0, 720, 0, 0, 0], [0, 0, 0, 720, 0, 0], [0, 0, 0, 0, 720, 0], [0, 0, 0, 0, 0, 720]]
test accuracy :  0.210416666667
class_total [240.0, 240.0, 240.0, 240.0, 240.0, 240.0]
class_correct [53.0, 0.0, 198.0, 4.0, 48.0, 0.0]
confusion_matrix [[53, 117, 27, 10, 11, 22], [0, 0, 0, 33, 120, 87], [0, 25, 198, 0, 2, 15], [0, 0, 0, 4, 180, 56], [0, 0, 55, 0, 48, 137], [0, 0, 1, 23, 216, 0]]
traning started for  40 epoch
epoch 40 loss: 1.90734863281e-06
validation accuracy :  1.0
validation class_total [720.0, 720.0, 720.0, 720.0, 720.0, 720.0]
validation class_correct [720.0, 720.0, 720.0, 720.0, 720.0, 720.0]
validation confusion_matrix [[720, 0, 0, 0, 0, 0], [0, 720, 0, 0, 0, 0], [0, 0, 720, 0, 0, 0], [0, 0, 0, 720, 0, 0], [0, 0, 0, 0, 720, 0], [0, 0, 0, 0, 0, 720]]
test accuracy :  0.229166666667
class_total [240.0, 240.0, 240.0, 240.0, 240.0, 240.0]
class_correct [86.0, 0.0, 183.0, 4.0, 57.0, 0.0]
confusion_matrix [[86, 87, 23, 9, 16, 19], [1, 0, 0, 39, 115, 85], [0, 31, 183, 0, 2, 24], [0, 0, 0, 4, 185, 51], [1, 0, 41, 0, 57, 141], [0, 0, 0, 39, 201, 0]]
traning started for  41 epoch
epoch 41 loss: 4.48226928711e-05
validation accuracy :  1.0
validation class_total [720.0, 720.0, 720.0, 720.0, 720.0, 720.0]
validation class_correct [720.0, 720.0, 720.0, 720.0, 720.0, 720.0]
validation confusion_matrix [[720, 0, 0, 0, 0, 0], [0, 720, 0, 0, 0, 0], [0, 0, 720, 0, 0, 0], [0, 0, 0, 720, 0, 0], [0, 0, 0, 0, 720, 0], [0, 0, 0, 0, 0, 720]]
test accuracy :  0.227777777778
class_total [240.0, 240.0, 240.0, 240.0, 240.0, 240.0]
class_correct [89.0, 0.0, 179.0, 7.0, 53.0, 0.0]
confusion_matrix [[89, 84, 25, 9, 9, 24], [2, 0, 0, 52, 97, 89], [0, 35, 179, 0, 3, 23], [0, 0, 0, 7, 172, 61], [0, 0, 43, 1, 53, 143], [0, 0, 0, 34, 206, 0]]
traning started for  42 epoch
epoch 42 loss: 1.90734863281e-06
validation accuracy :  1.0
validation class_total [720.0, 720.0, 720.0, 720.0, 720.0, 720.0]
validation class_correct [720.0, 720.0, 720.0, 720.0, 720.0, 720.0]
validation confusion_matrix [[720, 0, 0, 0, 0, 0], [0, 720, 0, 0, 0, 0], [0, 0, 720, 0, 0, 0], [0, 0, 0, 720, 0, 0], [0, 0, 0, 0, 720, 0], [0, 0, 0, 0, 0, 720]]
test accuracy :  0.228472222222
class_total [240.0, 240.0, 240.0, 240.0, 240.0, 240.0]
class_correct [80.0, 0.0, 195.0, 4.0, 50.0, 0.0]
confusion_matrix [[80, 87, 28, 6, 13, 26], [1, 0, 0, 25, 116, 98], [0, 24, 195, 0, 3, 18], [0, 0, 0, 4, 177, 59], [0, 0, 45, 1, 50, 144], [0, 0, 0, 18, 222, 0]]
traning started for  43 epoch
epoch 43 loss: 1.90734863281e-06
validation accuracy :  1.0
validation class_total [720.0, 720.0, 720.0, 720.0, 720.0, 720.0]
validation class_correct [720.0, 720.0, 720.0, 720.0, 720.0, 720.0]
validation confusion_matrix [[720, 0, 0, 0, 0, 0], [0, 720, 0, 0, 0, 0], [0, 0, 720, 0, 0, 0], [0, 0, 0, 720, 0, 0], [0, 0, 0, 0, 720, 0], [0, 0, 0, 0, 0, 720]]
test accuracy :  0.223611111111
class_total [240.0, 240.0, 240.0, 240.0, 240.0, 240.0]
class_correct [94.0, 0.0, 178.0, 4.0, 45.0, 1.0]
confusion_matrix [[94, 85, 25, 5, 9, 22], [2, 0, 0, 37, 95, 106], [0, 36, 178, 0, 3, 23], [1, 0, 0, 4, 175, 60], [0, 0, 37, 0, 45, 158], [0, 0, 1, 27, 211, 1]]
traning started for  44 epoch
epoch 44 loss: 0.0
validation accuracy :  1.0
validation class_total [720.0, 720.0, 720.0, 720.0, 720.0, 720.0]
validation class_correct [720.0, 720.0, 720.0, 720.0, 720.0, 720.0]
validation confusion_matrix [[720, 0, 0, 0, 0, 0], [0, 720, 0, 0, 0, 0], [0, 0, 720, 0, 0, 0], [0, 0, 0, 720, 0, 0], [0, 0, 0, 0, 720, 0], [0, 0, 0, 0, 0, 720]]
test accuracy :  0.234722222222
class_total [240.0, 240.0, 240.0, 240.0, 240.0, 240.0]
class_correct [94.0, 0.0, 190.0, 5.0, 49.0, 0.0]
confusion_matrix [[94, 84, 20, 4, 9, 29], [1, 0, 0, 31, 105, 103], [0, 24, 190, 0, 4, 22], [0, 0, 0, 5, 173, 62], [3, 0, 37, 0, 49, 151], [0, 0, 0, 20, 220, 0]]
traning started for  45 epoch
epoch 45 loss: 4.38690185547e-05
validation accuracy :  1.0
validation class_total [720.0, 720.0, 720.0, 720.0, 720.0, 720.0]
validation class_correct [720.0, 720.0, 720.0, 720.0, 720.0, 720.0]
validation confusion_matrix [[720, 0, 0, 0, 0, 0], [0, 720, 0, 0, 0, 0], [0, 0, 720, 0, 0, 0], [0, 0, 0, 720, 0, 0], [0, 0, 0, 0, 720, 0], [0, 0, 0, 0, 0, 720]]
test accuracy :  0.230555555556
class_total [240.0, 240.0, 240.0, 240.0, 240.0, 240.0]
class_correct [79.0, 0.0, 197.0, 5.0, 51.0, 0.0]
confusion_matrix [[79, 90, 25, 10, 11, 25], [1, 0, 0, 37, 112, 90], [0, 18, 197, 0, 4, 21], [0, 0, 0, 5, 179, 56], [0, 0, 41, 0, 51, 148], [0, 0, 0, 19, 221, 0]]
traning started for  46 epoch
epoch 46 loss: 0.0
validation accuracy :  1.0
validation class_total [720.0, 720.0, 720.0, 720.0, 720.0, 720.0]
validation class_correct [720.0, 720.0, 720.0, 720.0, 720.0, 720.0]
validation confusion_matrix [[720, 0, 0, 0, 0, 0], [0, 720, 0, 0, 0, 0], [0, 0, 720, 0, 0, 0], [0, 0, 0, 720, 0, 0], [0, 0, 0, 0, 720, 0], [0, 0, 0, 0, 0, 720]]
test accuracy :  0.238194444444
class_total [240.0, 240.0, 240.0, 240.0, 240.0, 240.0]
class_correct [87.0, 0.0, 195.0, 4.0, 56.0, 1.0]
confusion_matrix [[87, 77, 29, 7, 14, 26], [1, 0, 0, 38, 107, 94], [0, 21, 195, 0, 5, 19], [0, 0, 0, 4, 175, 61], [1, 0, 39, 0, 56, 144], [0, 0, 0, 24, 215, 1]]
traning started for  47 epoch
epoch 47 loss: 0.0
validation accuracy :  0.999768518519
validation class_total [720.0, 720.0, 720.0, 720.0, 720.0, 720.0]
validation class_correct [720.0, 720.0, 719.0, 720.0, 720.0, 720.0]
validation confusion_matrix [[720, 0, 0, 0, 0, 0], [0, 720, 0, 0, 0, 0], [0, 0, 719, 0, 1, 0], [0, 0, 0, 720, 0, 0], [0, 0, 0, 0, 720, 0], [0, 0, 0, 0, 0, 720]]
test accuracy :  0.24375
class_total [240.0, 240.0, 240.0, 240.0, 240.0, 240.0]
class_correct [97.0, 0.0, 189.0, 7.0, 58.0, 0.0]
confusion_matrix [[97, 76, 28, 6, 9, 24], [1, 0, 0, 31, 117, 91], [0, 21, 189, 0, 4, 26], [0, 0, 0, 7, 172, 61], [0, 0, 40, 1, 58, 141], [0, 0, 1, 22, 217, 0]]
traning started for  48 epoch
epoch 48 loss: 9.53674316406e-07
validation accuracy :  1.0
validation class_total [720.0, 720.0, 720.0, 720.0, 720.0, 720.0]
validation class_correct [720.0, 720.0, 720.0, 720.0, 720.0, 720.0]
validation confusion_matrix [[720, 0, 0, 0, 0, 0], [0, 720, 0, 0, 0, 0], [0, 0, 720, 0, 0, 0], [0, 0, 0, 720, 0, 0], [0, 0, 0, 0, 720, 0], [0, 0, 0, 0, 0, 720]]
test accuracy :  0.236805555556
class_total [240.0, 240.0, 240.0, 240.0, 240.0, 240.0]
class_correct [95.0, 0.0, 191.0, 4.0, 51.0, 0.0]
confusion_matrix [[95, 82, 22, 5, 14, 22], [4, 0, 0, 34, 112, 90], [0, 17, 191, 0, 4, 28], [0, 0, 0, 4, 172, 64], [1, 0, 37, 0, 51, 151], [0, 0, 1, 22, 217, 0]]
traning started for  49 epoch
epoch 49 loss: 3.71932983398e-05
validation accuracy :  1.0
validation class_total [720.0, 720.0, 720.0, 720.0, 720.0, 720.0]
validation class_correct [720.0, 720.0, 720.0, 720.0, 720.0, 720.0]
validation confusion_matrix [[720, 0, 0, 0, 0, 0], [0, 720, 0, 0, 0, 0], [0, 0, 720, 0, 0, 0], [0, 0, 0, 720, 0, 0], [0, 0, 0, 0, 720, 0], [0, 0, 0, 0, 0, 720]]
test accuracy :  0.224305555556
class_total [240.0, 240.0, 240.0, 240.0, 240.0, 240.0]
class_correct [88.0, 0.0, 195.0, 4.0, 36.0, 0.0]
confusion_matrix [[88, 102, 21, 1, 6, 22], [2, 0, 0, 29, 93, 116], [0, 23, 195, 0, 2, 20], [0, 0, 0, 4, 159, 77], [1, 0, 45, 0, 36, 158], [0, 0, 0, 21, 219, 0]]
traning started for  50 epoch
epoch 50 loss: 3.81469726562e-06
validation accuracy :  1.0
validation class_total [720.0, 720.0, 720.0, 720.0, 720.0, 720.0]
validation class_correct [720.0, 720.0, 720.0, 720.0, 720.0, 720.0]
validation confusion_matrix [[720, 0, 0, 0, 0, 0], [0, 720, 0, 0, 0, 0], [0, 0, 720, 0, 0, 0], [0, 0, 0, 720, 0, 0], [0, 0, 0, 0, 720, 0], [0, 0, 0, 0, 0, 720]]
test accuracy :  0.251388888889
class_total [240.0, 240.0, 240.0, 240.0, 240.0, 240.0]
class_correct [80.0, 0.0, 224.0, 4.0, 54.0, 0.0]
confusion_matrix [[80, 73, 38, 6, 16, 27], [1, 0, 0, 24, 123, 92], [0, 4, 224, 0, 4, 8], [0, 0, 0, 4, 183, 53], [0, 0, 52, 0, 54, 134], [0, 0, 2, 10, 228, 0]]
traning started for  51 epoch
epoch 51 loss: 1.90734863281e-06
validation accuracy :  1.0
validation class_total [720.0, 720.0, 720.0, 720.0, 720.0, 720.0]
validation class_correct [720.0, 720.0, 720.0, 720.0, 720.0, 720.0]
validation confusion_matrix [[720, 0, 0, 0, 0, 0], [0, 720, 0, 0, 0, 0], [0, 0, 720, 0, 0, 0], [0, 0, 0, 720, 0, 0], [0, 0, 0, 0, 720, 0], [0, 0, 0, 0, 0, 720]]
test accuracy :  0.225
class_total [240.0, 240.0, 240.0, 240.0, 240.0, 240.0]
class_correct [90.0, 0.0, 191.0, 3.0, 40.0, 0.0]
confusion_matrix [[90, 87, 26, 6, 12, 19], [3, 0, 0, 34, 109, 94], [0, 29, 191, 0, 4, 16], [0, 0, 0, 3, 181, 56], [0, 0, 27, 2, 40, 171], [0, 0, 1, 28, 211, 0]]
traning started for  52 epoch
epoch 52 loss: 1.14440917969e-05
validation accuracy :  1.0
validation class_total [720.0, 720.0, 720.0, 720.0, 720.0, 720.0]
validation class_correct [720.0, 720.0, 720.0, 720.0, 720.0, 720.0]
validation confusion_matrix [[720, 0, 0, 0, 0, 0], [0, 720, 0, 0, 0, 0], [0, 0, 720, 0, 0, 0], [0, 0, 0, 720, 0, 0], [0, 0, 0, 0, 720, 0], [0, 0, 0, 0, 0, 720]]
test accuracy :  0.2375
class_total [240.0, 240.0, 240.0, 240.0, 240.0, 240.0]
class_correct [71.0, 0.0, 196.0, 5.0, 69.0, 1.0]
confusion_matrix [[71, 84, 36, 12, 15, 22], [0, 0, 0, 46, 120, 74], [0, 19, 196, 0, 4, 21], [0, 0, 0, 5, 195, 40], [0, 0, 32, 1, 69, 138], [0, 0, 0, 28, 211, 1]]
traning started for  53 epoch
epoch 53 loss: 0.0
validation accuracy :  1.0
validation class_total [720.0, 720.0, 720.0, 720.0, 720.0, 720.0]
validation class_correct [720.0, 720.0, 720.0, 720.0, 720.0, 720.0]
validation confusion_matrix [[720, 0, 0, 0, 0, 0], [0, 720, 0, 0, 0, 0], [0, 0, 720, 0, 0, 0], [0, 0, 0, 720, 0, 0], [0, 0, 0, 0, 720, 0], [0, 0, 0, 0, 0, 720]]
test accuracy :  0.222916666667
class_total [240.0, 240.0, 240.0, 240.0, 240.0, 240.0]
class_correct [67.0, 0.0, 200.0, 4.0, 50.0, 0.0]
confusion_matrix [[67, 94, 27, 11, 15, 26], [1, 0, 0, 38, 120, 81], [0, 19, 200, 0, 4, 17], [0, 0, 0, 4, 185, 51], [0, 0, 38, 0, 50, 152], [0, 0, 0, 25, 215, 0]]
traning started for  54 epoch
epoch 54 loss: 9.53674316406e-07
validation accuracy :  1.0
validation class_total [720.0, 720.0, 720.0, 720.0, 720.0, 720.0]
validation class_correct [720.0, 720.0, 720.0, 720.0, 720.0, 720.0]
validation confusion_matrix [[720, 0, 0, 0, 0, 0], [0, 720, 0, 0, 0, 0], [0, 0, 720, 0, 0, 0], [0, 0, 0, 720, 0, 0], [0, 0, 0, 0, 720, 0], [0, 0, 0, 0, 0, 720]]
test accuracy :  0.228472222222
class_total [240.0, 240.0, 240.0, 240.0, 240.0, 240.0]
class_correct [72.0, 0.0, 203.0, 3.0, 49.0, 2.0]
confusion_matrix [[72, 87, 37, 5, 11, 28], [1, 0, 0, 29, 110, 100], [0, 19, 203, 0, 1, 17], [0, 0, 0, 3, 180, 57], [1, 0, 36, 1, 49, 153], [0, 0, 1, 16, 221, 2]]
traning started for  55 epoch
epoch 55 loss: 7.62939453125e-06
validation accuracy :  1.0
validation class_total [720.0, 720.0, 720.0, 720.0, 720.0, 720.0]
validation class_correct [720.0, 720.0, 720.0, 720.0, 720.0, 720.0]
validation confusion_matrix [[720, 0, 0, 0, 0, 0], [0, 720, 0, 0, 0, 0], [0, 0, 720, 0, 0, 0], [0, 0, 0, 720, 0, 0], [0, 0, 0, 0, 720, 0], [0, 0, 0, 0, 0, 720]]
test accuracy :  0.229861111111
class_total [240.0, 240.0, 240.0, 240.0, 240.0, 240.0]
class_correct [80.0, 0.0, 198.0, 3.0, 48.0, 2.0]
confusion_matrix [[80, 87, 29, 5, 11, 28], [1, 0, 0, 27, 103, 109], [0, 17, 198, 0, 2, 23], [0, 0, 0, 3, 172, 65], [0, 0, 43, 1, 48, 148], [0, 0, 1, 22, 215, 2]]
traning started for  56 epoch
epoch 56 loss: 1.90734863281e-06
validation accuracy :  1.0
validation class_total [720.0, 720.0, 720.0, 720.0, 720.0, 720.0]
validation class_correct [720.0, 720.0, 720.0, 720.0, 720.0, 720.0]
validation confusion_matrix [[720, 0, 0, 0, 0, 0], [0, 720, 0, 0, 0, 0], [0, 0, 720, 0, 0, 0], [0, 0, 0, 720, 0, 0], [0, 0, 0, 0, 720, 0], [0, 0, 0, 0, 0, 720]]
test accuracy :  0.234027777778
class_total [240.0, 240.0, 240.0, 240.0, 240.0, 240.0]
class_correct [72.0, 0.0, 208.0, 4.0, 51.0, 2.0]
confusion_matrix [[72, 100, 40, 6, 9, 13], [2, 0, 0, 34, 103, 101], [0, 23, 208, 0, 0, 9], [0, 0, 0, 4, 184, 52], [1, 0, 60, 1, 51, 127], [0, 0, 2, 19, 217, 2]]
traning started for  57 epoch
epoch 57 loss: 1.90734863281e-06
validation accuracy :  1.0
validation class_total [720.0, 720.0, 720.0, 720.0, 720.0, 720.0]
validation class_correct [720.0, 720.0, 720.0, 720.0, 720.0, 720.0]
validation confusion_matrix [[720, 0, 0, 0, 0, 0], [0, 720, 0, 0, 0, 0], [0, 0, 720, 0, 0, 0], [0, 0, 0, 720, 0, 0], [0, 0, 0, 0, 720, 0], [0, 0, 0, 0, 0, 720]]
test accuracy :  0.239583333333
class_total [240.0, 240.0, 240.0, 240.0, 240.0, 240.0]
class_correct [85.0, 0.0, 208.0, 5.0, 47.0, 0.0]
confusion_matrix [[85, 95, 34, 4, 8, 14], [2, 0, 0, 38, 101, 99], [0, 20, 208, 0, 0, 12], [0, 0, 0, 5, 169, 66], [1, 0, 55, 1, 47, 136], [0, 0, 1, 20, 219, 0]]
traning started for  58 epoch
epoch 58 loss: 1.90734863281e-06
validation accuracy :  1.0
validation class_total [720.0, 720.0, 720.0, 720.0, 720.0, 720.0]
validation class_correct [720.0, 720.0, 720.0, 720.0, 720.0, 720.0]
validation confusion_matrix [[720, 0, 0, 0, 0, 0], [0, 720, 0, 0, 0, 0], [0, 0, 720, 0, 0, 0], [0, 0, 0, 720, 0, 0], [0, 0, 0, 0, 720, 0], [0, 0, 0, 0, 0, 720]]
test accuracy :  0.246527777778
class_total [240.0, 240.0, 240.0, 240.0, 240.0, 240.0]
class_correct [81.0, 0.0, 209.0, 7.0, 55.0, 3.0]
confusion_matrix [[81, 90, 37, 7, 10, 15], [2, 0, 0, 43, 101, 94], [0, 19, 209, 0, 2, 10], [0, 0, 0, 7, 169, 64], [1, 0, 47, 1, 55, 136], [0, 0, 0, 18, 219, 3]]
traning started for  59 epoch
epoch 59 loss: 0.0
validation accuracy :  1.0
validation class_total [720.0, 720.0, 720.0, 720.0, 720.0, 720.0]
validation class_correct [720.0, 720.0, 720.0, 720.0, 720.0, 720.0]
validation confusion_matrix [[720, 0, 0, 0, 0, 0], [0, 720, 0, 0, 0, 0], [0, 0, 720, 0, 0, 0], [0, 0, 0, 720, 0, 0], [0, 0, 0, 0, 720, 0], [0, 0, 0, 0, 0, 720]]
test accuracy :  0.242361111111
class_total [240.0, 240.0, 240.0, 240.0, 240.0, 240.0]
class_correct [83.0, 0.0, 205.0, 6.0, 53.0, 2.0]
confusion_matrix [[83, 92, 33, 4, 9, 19], [2, 0, 0, 46, 93, 99], [0, 24, 205, 0, 1, 10], [0, 0, 0, 6, 175, 59], [1, 0, 43, 1, 53, 142], [0, 0, 2, 23, 213, 2]]
traning started for  60 epoch
epoch 60 loss: 0.0
validation accuracy :  1.0
validation class_total [720.0, 720.0, 720.0, 720.0, 720.0, 720.0]
validation class_correct [720.0, 720.0, 720.0, 720.0, 720.0, 720.0]
validation confusion_matrix [[720, 0, 0, 0, 0, 0], [0, 720, 0, 0, 0, 0], [0, 0, 720, 0, 0, 0], [0, 0, 0, 720, 0, 0], [0, 0, 0, 0, 720, 0], [0, 0, 0, 0, 0, 720]]
test accuracy :  0.233333333333
class_total [240.0, 240.0, 240.0, 240.0, 240.0, 240.0]
class_correct [86.0, 0.0, 199.0, 5.0, 45.0, 1.0]
confusion_matrix [[86, 93, 27, 5, 9, 20], [0, 0, 0, 47, 99, 94], [0, 27, 199, 0, 2, 12], [0, 0, 0, 5, 168, 67], [0, 0, 42, 2, 45, 151], [0, 0, 1, 19, 219, 1]]
traning started for  61 epoch
epoch 61 loss: 9.53674316406e-07
validation accuracy :  1.0
validation class_total [720.0, 720.0, 720.0, 720.0, 720.0, 720.0]
validation class_correct [720.0, 720.0, 720.0, 720.0, 720.0, 720.0]
validation confusion_matrix [[720, 0, 0, 0, 0, 0], [0, 720, 0, 0, 0, 0], [0, 0, 720, 0, 0, 0], [0, 0, 0, 720, 0, 0], [0, 0, 0, 0, 720, 0], [0, 0, 0, 0, 0, 720]]
test accuracy :  0.232638888889
class_total [240.0, 240.0, 240.0, 240.0, 240.0, 240.0]
class_correct [77.0, 0.0, 198.0, 5.0, 55.0, 0.0]
confusion_matrix [[77, 101, 30, 6, 7, 19], [2, 0, 0, 49, 88, 101], [0, 27, 198, 0, 1, 14], [0, 0, 0, 5, 170, 65], [0, 0, 41, 0, 55, 144], [0, 0, 0, 19, 221, 0]]
traning started for  62 epoch
epoch 62 loss: 4.76837158203e-06
validation accuracy :  1.0
validation class_total [720.0, 720.0, 720.0, 720.0, 720.0, 720.0]
validation class_correct [720.0, 720.0, 720.0, 720.0, 720.0, 720.0]
validation confusion_matrix [[720, 0, 0, 0, 0, 0], [0, 720, 0, 0, 0, 0], [0, 0, 720, 0, 0, 0], [0, 0, 0, 720, 0, 0], [0, 0, 0, 0, 720, 0], [0, 0, 0, 0, 0, 720]]
test accuracy :  0.234722222222
class_total [240.0, 240.0, 240.0, 240.0, 240.0, 240.0]
class_correct [86.0, 0.0, 194.0, 8.0, 49.0, 1.0]
confusion_matrix [[86, 99, 28, 6, 5, 16], [3, 0, 0, 51, 89, 97], [0, 32, 194, 0, 2, 12], [0, 0, 0, 8, 166, 66], [0, 1, 40, 1, 49, 149], [0, 0, 0, 28, 211, 1]]
traning started for  63 epoch
epoch 63 loss: 4.67300415039e-05
validation accuracy :  1.0
validation class_total [720.0, 720.0, 720.0, 720.0, 720.0, 720.0]
validation class_correct [720.0, 720.0, 720.0, 720.0, 720.0, 720.0]
validation confusion_matrix [[720, 0, 0, 0, 0, 0], [0, 720, 0, 0, 0, 0], [0, 0, 720, 0, 0, 0], [0, 0, 0, 720, 0, 0], [0, 0, 0, 0, 720, 0], [0, 0, 0, 0, 0, 720]]
test accuracy :  0.221527777778
class_total [240.0, 240.0, 240.0, 240.0, 240.0, 240.0]
class_correct [73.0, 0.0, 194.0, 6.0, 46.0, 0.0]
confusion_matrix [[73, 105, 30, 6, 10, 16], [3, 0, 0, 44, 95, 98], [0, 33, 194, 0, 3, 10], [0, 0, 0, 6, 182, 52], [1, 0, 41, 0, 46, 152], [0, 0, 2, 24, 214, 0]]
traning started for  64 epoch
epoch 64 loss: 0.0
validation accuracy :  1.0
validation class_total [720.0, 720.0, 720.0, 720.0, 720.0, 720.0]
validation class_correct [720.0, 720.0, 720.0, 720.0, 720.0, 720.0]
validation confusion_matrix [[720, 0, 0, 0, 0, 0], [0, 720, 0, 0, 0, 0], [0, 0, 720, 0, 0, 0], [0, 0, 0, 720, 0, 0], [0, 0, 0, 0, 720, 0], [0, 0, 0, 0, 0, 720]]
test accuracy :  0.225
class_total [240.0, 240.0, 240.0, 240.0, 240.0, 240.0]
class_correct [81.0, 0.0, 196.0, 6.0, 40.0, 1.0]
confusion_matrix [[81, 102, 28, 6, 4, 19], [1, 0, 0, 49, 95, 95], [0, 30, 196, 0, 2, 12], [0, 0, 0, 6, 173, 61], [0, 0, 45, 0, 40, 155], [0, 0, 1, 21, 217, 1]]
traning started for  65 epoch
epoch 65 loss: 5.24520874023e-05
validation accuracy :  1.0
validation class_total [720.0, 720.0, 720.0, 720.0, 720.0, 720.0]
validation class_correct [720.0, 720.0, 720.0, 720.0, 720.0, 720.0]
validation confusion_matrix [[720, 0, 0, 0, 0, 0], [0, 720, 0, 0, 0, 0], [0, 0, 720, 0, 0, 0], [0, 0, 0, 720, 0, 0], [0, 0, 0, 0, 720, 0], [0, 0, 0, 0, 0, 720]]
test accuracy :  0.23125
class_total [240.0, 240.0, 240.0, 240.0, 240.0, 240.0]
class_correct [88.0, 0.0, 199.0, 4.0, 42.0, 0.0]
confusion_matrix [[88, 103, 22, 4, 7, 16], [3, 0, 0, 51, 97, 89], [0, 27, 199, 0, 0, 14], [0, 0, 0, 4, 177, 59], [1, 0, 43, 1, 42, 153], [0, 0, 1, 24, 215, 0]]
traning started for  66 epoch
epoch 66 loss: 9.53674316406e-07
validation accuracy :  1.0
validation class_total [720.0, 720.0, 720.0, 720.0, 720.0, 720.0]
validation class_correct [720.0, 720.0, 720.0, 720.0, 720.0, 720.0]
validation confusion_matrix [[720, 0, 0, 0, 0, 0], [0, 720, 0, 0, 0, 0], [0, 0, 720, 0, 0, 0], [0, 0, 0, 720, 0, 0], [0, 0, 0, 0, 720, 0], [0, 0, 0, 0, 0, 720]]
test accuracy :  0.230555555556
class_total [240.0, 240.0, 240.0, 240.0, 240.0, 240.0]
class_correct [82.0, 0.0, 197.0, 6.0, 47.0, 0.0]
confusion_matrix [[82, 107, 19, 4, 6, 22], [3, 0, 0, 49, 95, 93], [0, 29, 197, 0, 0, 14], [0, 0, 0, 6, 177, 57], [1, 0, 45, 1, 47, 146], [0, 0, 2, 23, 215, 0]]
traning started for  67 epoch
epoch 67 loss: 5.72204589844e-06
validation accuracy :  1.0
validation class_total [720.0, 720.0, 720.0, 720.0, 720.0, 720.0]
validation class_correct [720.0, 720.0, 720.0, 720.0, 720.0, 720.0]
validation confusion_matrix [[720, 0, 0, 0, 0, 0], [0, 720, 0, 0, 0, 0], [0, 0, 720, 0, 0, 0], [0, 0, 0, 720, 0, 0], [0, 0, 0, 0, 720, 0], [0, 0, 0, 0, 0, 720]]
test accuracy :  0.233333333333
class_total [240.0, 240.0, 240.0, 240.0, 240.0, 240.0]
class_correct [89.0, 0.0, 192.0, 6.0, 48.0, 1.0]
confusion_matrix [[89, 93, 27, 6, 13, 12], [2, 0, 0, 54, 96, 88], [0, 31, 192, 0, 2, 15], [0, 0, 0, 6, 184, 50], [1, 0, 37, 1, 48, 153], [0, 0, 1, 25, 213, 1]]
traning started for  68 epoch
epoch 68 loss: 5.72204589844e-06
validation accuracy :  1.0
validation class_total [720.0, 720.0, 720.0, 720.0, 720.0, 720.0]
validation class_correct [720.0, 720.0, 720.0, 720.0, 720.0, 720.0]
validation confusion_matrix [[720, 0, 0, 0, 0, 0], [0, 720, 0, 0, 0, 0], [0, 0, 720, 0, 0, 0], [0, 0, 0, 720, 0, 0], [0, 0, 0, 0, 720, 0], [0, 0, 0, 0, 0, 720]]
test accuracy :  0.23125
class_total [240.0, 240.0, 240.0, 240.0, 240.0, 240.0]
class_correct [87.0, 0.0, 199.0, 4.0, 42.0, 1.0]
confusion_matrix [[87, 96, 25, 6, 9, 17], [1, 0, 0, 46, 103, 90], [0, 25, 199, 0, 2, 14], [0, 0, 0, 4, 187, 49], [2, 1, 38, 1, 42, 156], [0, 0, 0, 24, 215, 1]]
traning started for  69 epoch
epoch 69 loss: 0.0
validation accuracy :  1.0
validation class_total [720.0, 720.0, 720.0, 720.0, 720.0, 720.0]
validation class_correct [720.0, 720.0, 720.0, 720.0, 720.0, 720.0]
validation confusion_matrix [[720, 0, 0, 0, 0, 0], [0, 720, 0, 0, 0, 0], [0, 0, 720, 0, 0, 0], [0, 0, 0, 720, 0, 0], [0, 0, 0, 0, 720, 0], [0, 0, 0, 0, 0, 720]]
test accuracy :  0.230555555556
class_total [240.0, 240.0, 240.0, 240.0, 240.0, 240.0]
class_correct [87.0, 0.0, 200.0, 6.0, 39.0, 0.0]
confusion_matrix [[87, 95, 24, 5, 10, 19], [2, 0, 0, 43, 105, 90], [0, 24, 200, 0, 2, 14], [0, 0, 0, 6, 176, 58], [2, 0, 36, 2, 39, 161], [0, 0, 2, 31, 207, 0]]
traning started for  70 epoch
epoch 70 loss: 9.53674316406e-07
validation accuracy :  1.0
validation class_total [720.0, 720.0, 720.0, 720.0, 720.0, 720.0]
validation class_correct [720.0, 720.0, 720.0, 720.0, 720.0, 720.0]
validation confusion_matrix [[720, 0, 0, 0, 0, 0], [0, 720, 0, 0, 0, 0], [0, 0, 720, 0, 0, 0], [0, 0, 0, 720, 0, 0], [0, 0, 0, 0, 720, 0], [0, 0, 0, 0, 0, 720]]
test accuracy :  0.213888888889
class_total [240.0, 240.0, 240.0, 240.0, 240.0, 240.0]
class_correct [88.0, 0.0, 188.0, 3.0, 28.0, 1.0]
confusion_matrix [[88, 98, 20, 3, 6, 25], [3, 0, 0, 36, 65, 136], [0, 33, 188, 0, 1, 18], [0, 0, 0, 3, 149, 88], [0, 0, 30, 0, 28, 182], [0, 0, 1, 25, 213, 1]]
traning started for  71 epoch
epoch 71 loss: 2.86102294922e-06
validation accuracy :  1.0
validation class_total [720.0, 720.0, 720.0, 720.0, 720.0, 720.0]
validation class_correct [720.0, 720.0, 720.0, 720.0, 720.0, 720.0]
validation confusion_matrix [[720, 0, 0, 0, 0, 0], [0, 720, 0, 0, 0, 0], [0, 0, 720, 0, 0, 0], [0, 0, 0, 720, 0, 0], [0, 0, 0, 0, 720, 0], [0, 0, 0, 0, 0, 720]]
test accuracy :  0.213888888889
class_total [240.0, 240.0, 240.0, 240.0, 240.0, 240.0]
class_correct [89.0, 0.0, 190.0, 4.0, 24.0, 1.0]
confusion_matrix [[89, 99, 26, 4, 6, 16], [2, 0, 0, 35, 60, 143], [0, 34, 190, 0, 1, 15], [0, 0, 0, 4, 144, 92], [0, 0, 31, 0, 24, 185], [0, 0, 2, 25, 212, 1]]
traning started for  72 epoch
epoch 72 loss: 0.0
validation accuracy :  1.0
validation class_total [720.0, 720.0, 720.0, 720.0, 720.0, 720.0]
validation class_correct [720.0, 720.0, 720.0, 720.0, 720.0, 720.0]
validation confusion_matrix [[720, 0, 0, 0, 0, 0], [0, 720, 0, 0, 0, 0], [0, 0, 720, 0, 0, 0], [0, 0, 0, 720, 0, 0], [0, 0, 0, 0, 720, 0], [0, 0, 0, 0, 0, 720]]
test accuracy :  0.211805555556
class_total [240.0, 240.0, 240.0, 240.0, 240.0, 240.0]
class_correct [88.0, 0.0, 187.0, 5.0, 24.0, 1.0]
confusion_matrix [[88, 95, 23, 4, 9, 21], [4, 0, 0, 33, 77, 126], [0, 30, 187, 0, 1, 22], [0, 0, 0, 5, 144, 91], [0, 1, 33, 0, 24, 182], [0, 0, 0, 25, 214, 1]]
traning started for  73 epoch
epoch 73 loss: 0.0
validation accuracy :  1.0
validation class_total [720.0, 720.0, 720.0, 720.0, 720.0, 720.0]
validation class_correct [720.0, 720.0, 720.0, 720.0, 720.0, 720.0]
validation confusion_matrix [[720, 0, 0, 0, 0, 0], [0, 720, 0, 0, 0, 0], [0, 0, 720, 0, 0, 0], [0, 0, 0, 720, 0, 0], [0, 0, 0, 0, 720, 0], [0, 0, 0, 0, 0, 720]]
test accuracy :  0.217361111111
class_total [240.0, 240.0, 240.0, 240.0, 240.0, 240.0]
class_correct [88.0, 0.0, 186.0, 3.0, 36.0, 0.0]
confusion_matrix [[88, 94, 22, 4, 8, 24], [4, 0, 0, 36, 74, 126], [0, 31, 186, 0, 1, 22], [0, 0, 0, 3, 152, 85], [1, 0, 37, 0, 36, 166], [0, 0, 1, 27, 212, 0]]
traning started for  74 epoch
epoch 74 loss: 9.53674316406e-07
validation accuracy :  1.0
validation class_total [720.0, 720.0, 720.0, 720.0, 720.0, 720.0]
validation class_correct [720.0, 720.0, 720.0, 720.0, 720.0, 720.0]
validation confusion_matrix [[720, 0, 0, 0, 0, 0], [0, 720, 0, 0, 0, 0], [0, 0, 720, 0, 0, 0], [0, 0, 0, 720, 0, 0], [0, 0, 0, 0, 720, 0], [0, 0, 0, 0, 0, 720]]
test accuracy :  0.224305555556
class_total [240.0, 240.0, 240.0, 240.0, 240.0, 240.0]
class_correct [59.0, 0.0, 216.0, 2.0, 45.0, 1.0]
confusion_matrix [[59, 99, 42, 2, 11, 27], [2, 0, 0, 17, 103, 118], [0, 14, 216, 0, 1, 9], [0, 0, 0, 2, 161, 77], [0, 0, 54, 0, 45, 141], [0, 0, 4, 7, 228, 1]]
traning started for  75 epoch
epoch 75 loss: 8.58306884766e-06
validation accuracy :  1.0
validation class_total [720.0, 720.0, 720.0, 720.0, 720.0, 720.0]
validation class_correct [720.0, 720.0, 720.0, 720.0, 720.0, 720.0]
validation confusion_matrix [[720, 0, 0, 0, 0, 0], [0, 720, 0, 0, 0, 0], [0, 0, 720, 0, 0, 0], [0, 0, 0, 720, 0, 0], [0, 0, 0, 0, 720, 0], [0, 0, 0, 0, 0, 720]]
test accuracy :  0.216666666667
class_total [240.0, 240.0, 240.0, 240.0, 240.0, 240.0]
class_correct [71.0, 0.0, 204.0, 3.0, 30.0, 4.0]
confusion_matrix [[71, 95, 31, 3, 9, 31], [2, 0, 0, 10, 106, 122], [0, 28, 204, 0, 2, 6], [0, 0, 0, 3, 143, 94], [0, 0, 62, 0, 30, 148], [0, 0, 2, 20, 214, 4]]
traning started for  76 epoch
epoch 76 loss: 0.0
validation accuracy :  1.0
validation class_total [720.0, 720.0, 720.0, 720.0, 720.0, 720.0]
validation class_correct [720.0, 720.0, 720.0, 720.0, 720.0, 720.0]
validation confusion_matrix [[720, 0, 0, 0, 0, 0], [0, 720, 0, 0, 0, 0], [0, 0, 720, 0, 0, 0], [0, 0, 0, 720, 0, 0], [0, 0, 0, 0, 720, 0], [0, 0, 0, 0, 0, 720]]
test accuracy :  0.220138888889
class_total [240.0, 240.0, 240.0, 240.0, 240.0, 240.0]
class_correct [79.0, 0.0, 203.0, 1.0, 31.0, 3.0]
confusion_matrix [[79, 80, 40, 4, 12, 25], [2, 0, 0, 14, 101, 123], [0, 21, 203, 0, 1, 15], [0, 0, 0, 1, 160, 79], [0, 0, 52, 0, 31, 157], [0, 0, 0, 20, 217, 3]]
traning started for  77 epoch
epoch 77 loss: 0.0
validation accuracy :  1.0
validation class_total [720.0, 720.0, 720.0, 720.0, 720.0, 720.0]
validation class_correct [720.0, 720.0, 720.0, 720.0, 720.0, 720.0]
validation confusion_matrix [[720, 0, 0, 0, 0, 0], [0, 720, 0, 0, 0, 0], [0, 0, 720, 0, 0, 0], [0, 0, 0, 720, 0, 0], [0, 0, 0, 0, 720, 0], [0, 0, 0, 0, 0, 720]]
test accuracy :  0.185416666667
class_total [240.0, 240.0, 240.0, 240.0, 240.0, 240.0]
class_correct [39.0, 0.0, 152.0, 17.0, 53.0, 6.0]
confusion_matrix [[39, 76, 25, 9, 3, 88], [0, 0, 0, 57, 83, 100], [0, 22, 152, 0, 7, 59], [0, 0, 0, 17, 168, 55], [0, 0, 30, 2, 53, 155], [0, 0, 0, 27, 207, 6]]
traning started for  78 epoch
epoch 78 loss: 0.0
validation accuracy :  1.0
validation class_total [720.0, 720.0, 720.0, 720.0, 720.0, 720.0]
validation class_correct [720.0, 720.0, 720.0, 720.0, 720.0, 720.0]
validation confusion_matrix [[720, 0, 0, 0, 0, 0], [0, 720, 0, 0, 0, 0], [0, 0, 720, 0, 0, 0], [0, 0, 0, 720, 0, 0], [0, 0, 0, 0, 720, 0], [0, 0, 0, 0, 0, 720]]
test accuracy :  0.213194444444
class_total [240.0, 240.0, 240.0, 240.0, 240.0, 240.0]
class_correct [58.0, 0.0, 178.0, 8.0, 57.0, 6.0]
confusion_matrix [[58, 83, 32, 6, 6, 55], [2, 0, 0, 46, 104, 88], [0, 21, 178, 0, 6, 35], [0, 0, 0, 8, 185, 47], [0, 0, 41, 0, 57, 142], [0, 0, 0, 30, 204, 6]]
traning started for  79 epoch
epoch 79 loss: 0.0
validation accuracy :  1.0
validation class_total [720.0, 720.0, 720.0, 720.0, 720.0, 720.0]
validation class_correct [720.0, 720.0, 720.0, 720.0, 720.0, 720.0]
validation confusion_matrix [[720, 0, 0, 0, 0, 0], [0, 720, 0, 0, 0, 0], [0, 0, 720, 0, 0, 0], [0, 0, 0, 720, 0, 0], [0, 0, 0, 0, 720, 0], [0, 0, 0, 0, 0, 720]]
test accuracy :  0.223611111111
class_total [240.0, 240.0, 240.0, 240.0, 240.0, 240.0]
class_correct [58.0, 0.0, 192.0, 8.0, 61.0, 3.0]
confusion_matrix [[58, 83, 34, 4, 10, 51], [1, 0, 0, 43, 110, 86], [0, 16, 192, 0, 6, 26], [0, 0, 0, 8, 187, 45], [0, 0, 44, 1, 61, 134], [0, 0, 0, 21, 216, 3]]
traning started for  80 epoch
epoch 80 loss: 0.0
validation accuracy :  1.0
validation class_total [720.0, 720.0, 720.0, 720.0, 720.0, 720.0]
validation class_correct [720.0, 720.0, 720.0, 720.0, 720.0, 720.0]
validation confusion_matrix [[720, 0, 0, 0, 0, 0], [0, 720, 0, 0, 0, 0], [0, 0, 720, 0, 0, 0], [0, 0, 0, 720, 0, 0], [0, 0, 0, 0, 720, 0], [0, 0, 0, 0, 0, 720]]
test accuracy :  0.220138888889
class_total [240.0, 240.0, 240.0, 240.0, 240.0, 240.0]
class_correct [63.0, 0.0, 193.0, 8.0, 50.0, 3.0]
confusion_matrix [[63, 80, 36, 3, 9, 49], [0, 0, 0, 37, 108, 95], [0, 18, 193, 0, 3, 26], [0, 0, 0, 8, 179, 53], [0, 0, 40, 1, 50, 149], [0, 0, 2, 21, 214, 3]]
traning started for  81 epoch
