cuda
Training started
traning started for  1 epoch
epoch 1 loss: 0.694868087769
validation accuracy :  0.672407407407
validation class_total [900.0, 900.0, 900.0, 900.0, 900.0, 900.0]
validation class_correct [47.0, 812.0, 788.0, 816.0, 523.0, 645.0]
validation confusion_matrix [[47, 1, 0, 770, 31, 51], [0, 812, 42, 0, 2, 44], [0, 73, 788, 0, 29, 10], [42, 0, 0, 816, 18, 24], [13, 13, 29, 76, 523, 246], [9, 51, 14, 74, 107, 645]]
test accuracy :  0.266666666667
class_total [300.0, 300.0, 300.0, 300.0, 300.0, 300.0]
class_correct [1.0, 0.0, 219.0, 121.0, 126.0, 13.0]
confusion_matrix [[1, 58, 2, 10, 59, 170], [10, 0, 3, 77, 159, 51], [0, 68, 219, 0, 6, 7], [8, 3, 1, 121, 50, 117], [0, 11, 100, 3, 126, 60], [7, 0, 7, 39, 234, 13]]
traning started for  2 epoch
epoch 2 loss: 0.607623577118
validation accuracy :  0.888333333333
validation class_total [900.0, 900.0, 900.0, 900.0, 900.0, 900.0]
validation class_correct [700.0, 809.0, 849.0, 868.0, 798.0, 773.0]
validation confusion_matrix [[700, 0, 0, 117, 66, 17], [0, 809, 16, 0, 5, 70], [0, 3, 849, 0, 30, 18], [19, 0, 0, 868, 2, 11], [25, 0, 3, 15, 798, 59], [0, 3, 4, 103, 17, 773]]
test accuracy :  0.216111111111
class_total [300.0, 300.0, 300.0, 300.0, 300.0, 300.0]
class_correct [1.0, 0.0, 174.0, 65.0, 99.0, 50.0]
confusion_matrix [[1, 3, 20, 4, 165, 107], [9, 0, 0, 114, 77, 100], [0, 29, 174, 0, 28, 69], [14, 0, 0, 65, 121, 100], [0, 1, 50, 2, 99, 148], [2, 0, 2, 32, 214, 50]]
traning started for  3 epoch
epoch 3 loss: 0.155389785767
validation accuracy :  0.940925925926
validation class_total [900.0, 900.0, 900.0, 900.0, 900.0, 900.0]
validation class_correct [817.0, 893.0, 892.0, 791.0, 881.0, 807.0]
validation confusion_matrix [[817, 0, 0, 1, 82, 0], [0, 893, 7, 0, 0, 0], [0, 8, 892, 0, 0, 0], [68, 0, 0, 791, 2, 39], [0, 0, 18, 0, 881, 1], [0, 54, 16, 2, 21, 807]]
test accuracy :  0.221111111111
class_total [300.0, 300.0, 300.0, 300.0, 300.0, 300.0]
class_correct [0.0, 0.0, 248.0, 6.0, 70.0, 74.0]
confusion_matrix [[0, 137, 28, 1, 74, 60], [9, 0, 6, 14, 217, 54], [0, 37, 248, 0, 8, 7], [10, 0, 7, 6, 248, 29], [0, 2, 143, 0, 70, 85], [0, 0, 21, 0, 205, 74]]
traning started for  4 epoch
epoch 4 loss: 0.000456809997559
validation accuracy :  0.947777777778
validation class_total [900.0, 900.0, 900.0, 900.0, 900.0, 900.0]
validation class_correct [739.0, 897.0, 895.0, 846.0, 881.0, 860.0]
validation confusion_matrix [[739, 0, 0, 1, 159, 1], [0, 897, 3, 0, 0, 0], [0, 1, 895, 0, 3, 1], [29, 0, 0, 846, 12, 13], [0, 0, 19, 0, 881, 0], [0, 13, 8, 1, 18, 860]]
test accuracy :  0.172777777778
class_total [300.0, 300.0, 300.0, 300.0, 300.0, 300.0]
class_correct [0.0, 0.0, 216.0, 7.0, 35.0, 53.0]
confusion_matrix [[0, 56, 88, 0, 101, 55], [0, 0, 10, 0, 213, 77], [0, 66, 216, 0, 6, 12], [3, 0, 4, 7, 243, 43], [0, 3, 90, 0, 35, 172], [0, 0, 5, 3, 239, 53]]
traning started for  5 epoch
epoch 5 loss: 0.0430645942688
validation accuracy :  0.979074074074
validation class_total [900.0, 900.0, 900.0, 900.0, 900.0, 900.0]
validation class_correct [890.0, 900.0, 893.0, 882.0, 894.0, 828.0]
validation confusion_matrix [[890, 0, 0, 3, 7, 0], [0, 900, 0, 0, 0, 0], [0, 0, 893, 0, 6, 1], [15, 0, 0, 882, 0, 3], [5, 0, 1, 0, 894, 0], [1, 19, 12, 16, 24, 828]]
test accuracy :  0.191666666667
class_total [300.0, 300.0, 300.0, 300.0, 300.0, 300.0]
class_correct [29.0, 0.0, 234.0, 13.0, 53.0, 16.0]
confusion_matrix [[29, 42, 32, 2, 170, 25], [1, 0, 2, 24, 192, 81], [0, 63, 234, 0, 2, 1], [4, 0, 3, 13, 239, 41], [0, 0, 189, 0, 53, 58], [4, 0, 7, 19, 254, 16]]
traning started for  6 epoch
epoch 6 loss: 0.000290870666504
validation accuracy :  0.986481481481
validation class_total [900.0, 900.0, 900.0, 900.0, 900.0, 900.0]
validation class_correct [867.0, 900.0, 896.0, 874.0, 893.0, 897.0]
validation confusion_matrix [[867, 0, 0, 7, 25, 1], [0, 900, 0, 0, 0, 0], [0, 0, 896, 0, 1, 3], [1, 0, 0, 874, 0, 25], [0, 0, 1, 0, 893, 6], [0, 0, 1, 0, 2, 897]]
test accuracy :  0.221666666667
class_total [300.0, 300.0, 300.0, 300.0, 300.0, 300.0]
class_correct [3.0, 0.0, 178.0, 5.0, 20.0, 193.0]
confusion_matrix [[3, 118, 14, 0, 48, 117], [0, 0, 2, 0, 63, 235], [0, 14, 178, 0, 12, 96], [1, 0, 1, 5, 197, 96], [0, 0, 74, 0, 20, 206], [0, 0, 0, 11, 96, 193]]
traning started for  7 epoch
epoch 7 loss: 0.00105094909668
validation accuracy :  0.984074074074
validation class_total [900.0, 900.0, 900.0, 900.0, 900.0, 900.0]
validation class_correct [833.0, 900.0, 900.0, 888.0, 898.0, 895.0]
validation confusion_matrix [[833, 0, 0, 2, 65, 0], [0, 900, 0, 0, 0, 0], [0, 0, 900, 0, 0, 0], [0, 0, 0, 888, 2, 10], [0, 0, 2, 0, 898, 0], [0, 1, 0, 0, 4, 895]]
test accuracy :  0.191666666667
class_total [300.0, 300.0, 300.0, 300.0, 300.0, 300.0]
class_correct [0.0, 0.0, 208.0, 24.0, 78.0, 35.0]
confusion_matrix [[0, 70, 33, 0, 80, 117], [0, 0, 1, 15, 78, 206], [0, 33, 208, 0, 24, 35], [0, 0, 0, 24, 174, 102], [0, 0, 74, 0, 78, 148], [0, 0, 2, 4, 259, 35]]
traning started for  8 epoch
epoch 8 loss: 0.000978469848633
validation accuracy :  0.997777777778
validation class_total [900.0, 900.0, 900.0, 900.0, 900.0, 900.0]
validation class_correct [899.0, 900.0, 898.0, 899.0, 894.0, 898.0]
validation confusion_matrix [[899, 0, 0, 0, 1, 0], [0, 900, 0, 0, 0, 0], [0, 2, 898, 0, 0, 0], [0, 0, 0, 899, 0, 1], [3, 0, 1, 1, 894, 1], [0, 0, 0, 2, 0, 898]]
test accuracy :  0.156111111111
class_total [300.0, 300.0, 300.0, 300.0, 300.0, 300.0]
class_correct [18.0, 0.0, 151.0, 29.0, 5.0, 78.0]
confusion_matrix [[18, 163, 4, 3, 25, 87], [1, 0, 5, 17, 100, 177], [0, 73, 151, 0, 2, 74], [1, 0, 3, 29, 110, 157], [0, 0, 66, 2, 5, 227], [18, 0, 1, 31, 172, 78]]
traning started for  9 epoch
epoch 9 loss: 0.00515937805176
validation accuracy :  0.997037037037
validation class_total [900.0, 900.0, 900.0, 900.0, 900.0, 900.0]
validation class_correct [900.0, 900.0, 898.0, 900.0, 896.0, 890.0]
validation confusion_matrix [[900, 0, 0, 0, 0, 0], [0, 900, 0, 0, 0, 0], [0, 0, 898, 0, 2, 0], [0, 0, 0, 900, 0, 0], [3, 0, 1, 0, 896, 0], [0, 5, 0, 4, 1, 890]]
test accuracy :  0.207222222222
class_total [300.0, 300.0, 300.0, 300.0, 300.0, 300.0]
class_correct [39.0, 0.0, 240.0, 16.0, 19.0, 59.0]
confusion_matrix [[39, 152, 8, 7, 36, 58], [2, 0, 1, 24, 123, 150], [0, 27, 240, 0, 8, 25], [1, 0, 3, 16, 211, 69], [0, 0, 145, 0, 19, 136], [12, 0, 3, 65, 161, 59]]
traning started for  10 epoch
epoch 10 loss: 0.0181398391724
validation accuracy :  0.998333333333
validation class_total [900.0, 900.0, 900.0, 900.0, 900.0, 900.0]
validation class_correct [899.0, 900.0, 898.0, 899.0, 896.0, 899.0]
validation confusion_matrix [[899, 0, 0, 0, 1, 0], [0, 900, 0, 0, 0, 0], [0, 0, 898, 0, 1, 1], [1, 0, 0, 899, 0, 0], [1, 0, 3, 0, 896, 0], [0, 0, 0, 1, 0, 899]]
test accuracy :  0.169444444444
class_total [300.0, 300.0, 300.0, 300.0, 300.0, 300.0]
class_correct [31.0, 0.0, 206.0, 15.0, 13.0, 40.0]
confusion_matrix [[31, 99, 6, 2, 45, 117], [0, 0, 7, 9, 95, 189], [0, 55, 206, 0, 1, 38], [1, 0, 1, 15, 176, 107], [0, 0, 130, 0, 13, 157], [3, 0, 7, 14, 236, 40]]
traning started for  11 epoch
epoch 11 loss: 0.142613887787
validation accuracy :  0.998888888889
validation class_total [900.0, 900.0, 900.0, 900.0, 900.0, 900.0]
validation class_correct [899.0, 900.0, 898.0, 898.0, 900.0, 899.0]
validation confusion_matrix [[899, 0, 0, 0, 1, 0], [0, 900, 0, 0, 0, 0], [0, 0, 898, 0, 1, 1], [1, 0, 0, 898, 0, 1], [0, 0, 0, 0, 900, 0], [0, 0, 0, 0, 1, 899]]
test accuracy :  0.221111111111
class_total [300.0, 300.0, 300.0, 300.0, 300.0, 300.0]
class_correct [22.0, 0.0, 208.0, 22.0, 41.0, 105.0]
confusion_matrix [[22, 147, 13, 3, 50, 65], [0, 0, 1, 11, 125, 163], [0, 52, 208, 0, 8, 32], [2, 0, 1, 22, 165, 110], [0, 0, 124, 0, 41, 135], [1, 0, 4, 30, 160, 105]]
traning started for  12 epoch
epoch 12 loss: 0.000160217285156
validation accuracy :  0.998888888889
validation class_total [900.0, 900.0, 900.0, 900.0, 900.0, 900.0]
validation class_correct [900.0, 900.0, 900.0, 898.0, 896.0, 900.0]
validation confusion_matrix [[900, 0, 0, 0, 0, 0], [0, 900, 0, 0, 0, 0], [0, 0, 900, 0, 0, 0], [1, 0, 0, 898, 0, 1], [0, 0, 4, 0, 896, 0], [0, 0, 0, 0, 0, 900]]
test accuracy :  0.182777777778
class_total [300.0, 300.0, 300.0, 300.0, 300.0, 300.0]
class_correct [6.0, 0.0, 215.0, 12.0, 14.0, 82.0]
confusion_matrix [[6, 110, 28, 1, 46, 109], [0, 0, 4, 3, 78, 215], [0, 67, 215, 0, 0, 18], [1, 0, 1, 12, 154, 132], [0, 0, 156, 0, 14, 130], [0, 0, 10, 15, 193, 82]]
traning started for  13 epoch
epoch 13 loss: 0.000103950500488
validation accuracy :  0.999814814815
validation class_total [900.0, 900.0, 900.0, 900.0, 900.0, 900.0]
validation class_correct [900.0, 900.0, 900.0, 900.0, 899.0, 900.0]
validation confusion_matrix [[900, 0, 0, 0, 0, 0], [0, 900, 0, 0, 0, 0], [0, 0, 900, 0, 0, 0], [0, 0, 0, 900, 0, 0], [0, 0, 1, 0, 899, 0], [0, 0, 0, 0, 0, 900]]
test accuracy :  0.165555555556
class_total [300.0, 300.0, 300.0, 300.0, 300.0, 300.0]
class_correct [3.0, 0.0, 178.0, 39.0, 11.0, 67.0]
confusion_matrix [[3, 102, 38, 1, 38, 118], [0, 0, 4, 21, 62, 213], [0, 50, 178, 0, 5, 67], [0, 0, 0, 39, 101, 160], [0, 0, 113, 0, 11, 176], [1, 0, 3, 27, 202, 67]]
traning started for  14 epoch
epoch 14 loss: 0.000697135925293
validation accuracy :  0.940555555556
validation class_total [900.0, 900.0, 900.0, 900.0, 900.0, 900.0]
validation class_correct [814.0, 900.0, 899.0, 859.0, 710.0, 897.0]
validation confusion_matrix [[814, 43, 0, 24, 0, 19], [0, 900, 0, 0, 0, 0], [0, 0, 899, 0, 0, 1], [21, 0, 0, 859, 0, 20], [0, 29, 32, 0, 710, 129], [0, 3, 0, 0, 0, 897]]
test accuracy :  0.186666666667
class_total [300.0, 300.0, 300.0, 300.0, 300.0, 300.0]
class_correct [2.0, 0.0, 114.0, 11.0, 16.0, 193.0]
confusion_matrix [[2, 211, 2, 1, 1, 83], [5, 0, 12, 17, 87, 179], [0, 134, 114, 0, 7, 45], [3, 0, 8, 11, 159, 119], [0, 2, 201, 0, 16, 81], [0, 0, 7, 23, 77, 193]]
traning started for  15 epoch
epoch 15 loss: 0.0126619338989
validation accuracy :  0.99962962963
validation class_total [900.0, 900.0, 900.0, 900.0, 900.0, 900.0]
validation class_correct [900.0, 900.0, 899.0, 899.0, 900.0, 900.0]
validation confusion_matrix [[900, 0, 0, 0, 0, 0], [0, 900, 0, 0, 0, 0], [0, 0, 899, 0, 1, 0], [1, 0, 0, 899, 0, 0], [0, 0, 0, 0, 900, 0], [0, 0, 0, 0, 0, 900]]
test accuracy :  0.159444444444
class_total [300.0, 300.0, 300.0, 300.0, 300.0, 300.0]
class_correct [13.0, 0.0, 157.0, 18.0, 67.0, 32.0]
confusion_matrix [[13, 127, 11, 5, 55, 89], [0, 0, 2, 15, 193, 90], [0, 53, 157, 0, 31, 59], [0, 0, 0, 18, 227, 55], [0, 0, 122, 1, 67, 110], [2, 0, 4, 14, 248, 32]]
traning started for  16 epoch
epoch 16 loss: 0.000368118286133
validation accuracy :  0.999814814815
validation class_total [900.0, 900.0, 900.0, 900.0, 900.0, 900.0]
validation class_correct [900.0, 900.0, 900.0, 900.0, 899.0, 900.0]
validation confusion_matrix [[900, 0, 0, 0, 0, 0], [0, 900, 0, 0, 0, 0], [0, 0, 900, 0, 0, 0], [0, 0, 0, 900, 0, 0], [1, 0, 0, 0, 899, 0], [0, 0, 0, 0, 0, 900]]
test accuracy :  0.166666666667
class_total [300.0, 300.0, 300.0, 300.0, 300.0, 300.0]
class_correct [35.0, 0.0, 168.0, 35.0, 12.0, 50.0]
confusion_matrix [[35, 132, 2, 6, 37, 88], [0, 0, 1, 54, 81, 164], [0, 114, 168, 0, 0, 18], [0, 0, 1, 35, 127, 137], [0, 0, 145, 0, 12, 143], [6, 0, 1, 36, 207, 50]]
traning started for  17 epoch
epoch 17 loss: 0.000140190124512
validation accuracy :  1.0
validation class_total [900.0, 900.0, 900.0, 900.0, 900.0, 900.0]
validation class_correct [900.0, 900.0, 900.0, 900.0, 900.0, 900.0]
validation confusion_matrix [[900, 0, 0, 0, 0, 0], [0, 900, 0, 0, 0, 0], [0, 0, 900, 0, 0, 0], [0, 0, 0, 900, 0, 0], [0, 0, 0, 0, 900, 0], [0, 0, 0, 0, 0, 900]]
test accuracy :  0.107222222222
class_total [300.0, 300.0, 300.0, 300.0, 300.0, 300.0]
class_correct [11.0, 0.0, 89.0, 35.0, 11.0, 47.0]
confusion_matrix [[11, 142, 14, 3, 54, 76], [0, 0, 1, 55, 35, 209], [0, 72, 89, 0, 16, 123], [0, 0, 1, 35, 152, 112], [0, 0, 65, 1, 11, 223], [4, 0, 2, 43, 204, 47]]
traning started for  18 epoch
epoch 18 loss: 2.86102294922e-05
validation accuracy :  0.992592592593
validation class_total [900.0, 900.0, 900.0, 900.0, 900.0, 900.0]
validation class_correct [863.0, 900.0, 899.0, 898.0, 900.0, 900.0]
validation confusion_matrix [[863, 0, 0, 1, 36, 0], [0, 900, 0, 0, 0, 0], [0, 1, 899, 0, 0, 0], [0, 0, 0, 898, 0, 2], [0, 0, 0, 0, 900, 0], [0, 0, 0, 0, 0, 900]]
test accuracy :  0.119444444444
class_total [300.0, 300.0, 300.0, 300.0, 300.0, 300.0]
class_correct [1.0, 0.0, 147.0, 10.0, 9.0, 48.0]
confusion_matrix [[1, 164, 18, 0, 45, 72], [0, 0, 0, 11, 66, 223], [0, 63, 147, 0, 21, 69], [0, 0, 0, 10, 200, 90], [0, 0, 102, 0, 9, 189], [1, 0, 1, 6, 244, 48]]
traning started for  19 epoch
epoch 19 loss: 0.000142097473145
validation accuracy :  1.0
validation class_total [900.0, 900.0, 900.0, 900.0, 900.0, 900.0]
validation class_correct [900.0, 900.0, 900.0, 900.0, 900.0, 900.0]
validation confusion_matrix [[900, 0, 0, 0, 0, 0], [0, 900, 0, 0, 0, 0], [0, 0, 900, 0, 0, 0], [0, 0, 0, 900, 0, 0], [0, 0, 0, 0, 900, 0], [0, 0, 0, 0, 0, 900]]
test accuracy :  0.130555555556
class_total [300.0, 300.0, 300.0, 300.0, 300.0, 300.0]
class_correct [26.0, 0.0, 95.0, 32.0, 14.0, 68.0]
confusion_matrix [[26, 130, 10, 2, 32, 100], [0, 0, 1, 20, 54, 225], [0, 79, 95, 0, 15, 111], [1, 0, 2, 32, 145, 120], [0, 0, 80, 0, 14, 206], [1, 0, 4, 30, 197, 68]]
traning started for  20 epoch
epoch 20 loss: 0.0
validation accuracy :  0.999074074074
validation class_total [900.0, 900.0, 900.0, 900.0, 900.0, 900.0]
validation class_correct [898.0, 900.0, 900.0, 899.0, 900.0, 898.0]
validation confusion_matrix [[898, 0, 0, 0, 2, 0], [0, 900, 0, 0, 0, 0], [0, 0, 900, 0, 0, 0], [0, 0, 0, 899, 0, 1], [0, 0, 0, 0, 900, 0], [0, 1, 1, 0, 0, 898]]
test accuracy :  0.145
class_total [300.0, 300.0, 300.0, 300.0, 300.0, 300.0]
class_correct [21.0, 0.0, 166.0, 33.0, 3.0, 38.0]
confusion_matrix [[21, 201, 12, 0, 19, 47], [0, 0, 1, 32, 38, 229], [0, 96, 166, 0, 0, 38], [1, 0, 5, 33, 96, 165], [0, 0, 126, 1, 3, 170], [0, 0, 4, 8, 250, 38]]
traning started for  21 epoch
epoch 21 loss: 1.90734863281e-06
validation accuracy :  1.0
validation class_total [900.0, 900.0, 900.0, 900.0, 900.0, 900.0]
validation class_correct [900.0, 900.0, 900.0, 900.0, 900.0, 900.0]
validation confusion_matrix [[900, 0, 0, 0, 0, 0], [0, 900, 0, 0, 0, 0], [0, 0, 900, 0, 0, 0], [0, 0, 0, 900, 0, 0], [0, 0, 0, 0, 900, 0], [0, 0, 0, 0, 0, 900]]
test accuracy :  0.153333333333
class_total [300.0, 300.0, 300.0, 300.0, 300.0, 300.0]
class_correct [20.0, 0.0, 164.0, 27.0, 10.0, 55.0]
confusion_matrix [[20, 160, 7, 0, 35, 78], [0, 0, 0, 24, 44, 232], [0, 67, 164, 0, 3, 66], [1, 0, 2, 27, 100, 170], [0, 0, 121, 0, 10, 169], [1, 0, 4, 14, 226, 55]]
traning started for  22 epoch
epoch 22 loss: 7.62939453125e-05
validation accuracy :  0.997962962963
validation class_total [900.0, 900.0, 900.0, 900.0, 900.0, 900.0]
validation class_correct [900.0, 899.0, 900.0, 894.0, 900.0, 896.0]
validation confusion_matrix [[900, 0, 0, 0, 0, 0], [0, 899, 0, 0, 0, 1], [0, 0, 900, 0, 0, 0], [3, 0, 0, 894, 1, 2], [0, 0, 0, 0, 900, 0], [0, 2, 1, 0, 1, 896]]
test accuracy :  0.149444444444
class_total [300.0, 300.0, 300.0, 300.0, 300.0, 300.0]
class_correct [9.0, 0.0, 209.0, 23.0, 20.0, 8.0]
confusion_matrix [[9, 172, 8, 2, 21, 88], [0, 0, 4, 7, 163, 126], [0, 40, 209, 0, 0, 51], [1, 0, 1, 23, 188, 87], [0, 0, 123, 0, 20, 157], [2, 0, 5, 2, 283, 8]]
traning started for  23 epoch
epoch 23 loss: 0.00637817382812
validation accuracy :  0.998888888889
validation class_total [900.0, 900.0, 900.0, 900.0, 900.0, 900.0]
validation class_correct [900.0, 900.0, 900.0, 897.0, 900.0, 897.0]
validation confusion_matrix [[900, 0, 0, 0, 0, 0], [0, 900, 0, 0, 0, 0], [0, 0, 900, 0, 0, 0], [3, 0, 0, 897, 0, 0], [0, 0, 0, 0, 900, 0], [0, 0, 0, 2, 1, 897]]
test accuracy :  0.156666666667
class_total [300.0, 300.0, 300.0, 300.0, 300.0, 300.0]
class_correct [27.0, 0.0, 167.0, 16.0, 21.0, 51.0]
confusion_matrix [[27, 135, 6, 3, 55, 74], [0, 0, 2, 4, 178, 116], [0, 79, 167, 0, 4, 50], [1, 0, 2, 16, 222, 59], [0, 0, 155, 0, 21, 124], [4, 0, 3, 44, 198, 51]]
traning started for  24 epoch
epoch 24 loss: 0.00884056091309
validation accuracy :  0.971666666667
validation class_total [900.0, 900.0, 900.0, 900.0, 900.0, 900.0]
validation class_correct [812.0, 891.0, 895.0, 873.0, 900.0, 876.0]
validation confusion_matrix [[812, 0, 0, 17, 71, 0], [0, 891, 1, 0, 0, 8], [0, 0, 895, 0, 5, 0], [5, 0, 0, 873, 11, 11], [0, 0, 0, 0, 900, 0], [0, 0, 0, 2, 22, 876]]
test accuracy :  0.178333333333
class_total [300.0, 300.0, 300.0, 300.0, 300.0, 300.0]
class_correct [0.0, 0.0, 183.0, 4.0, 116.0, 18.0]
confusion_matrix [[0, 11, 20, 0, 233, 36], [0, 0, 1, 3, 230, 66], [0, 31, 183, 0, 38, 48], [0, 0, 0, 4, 265, 31], [0, 0, 107, 0, 116, 77], [0, 0, 1, 1, 280, 18]]
traning started for  25 epoch
epoch 25 loss: 3.81469726562e-06
validation accuracy :  1.0
validation class_total [900.0, 900.0, 900.0, 900.0, 900.0, 900.0]
validation class_correct [900.0, 900.0, 900.0, 900.0, 900.0, 900.0]
validation confusion_matrix [[900, 0, 0, 0, 0, 0], [0, 900, 0, 0, 0, 0], [0, 0, 900, 0, 0, 0], [0, 0, 0, 900, 0, 0], [0, 0, 0, 0, 900, 0], [0, 0, 0, 0, 0, 900]]
test accuracy :  0.142777777778
class_total [300.0, 300.0, 300.0, 300.0, 300.0, 300.0]
class_correct [19.0, 0.0, 168.0, 18.0, 6.0, 46.0]
confusion_matrix [[19, 120, 16, 1, 84, 60], [0, 0, 2, 13, 61, 224], [0, 91, 168, 0, 1, 40], [0, 0, 2, 18, 125, 155], [0, 0, 94, 0, 6, 200], [2, 0, 5, 24, 223, 46]]
traning started for  26 epoch
epoch 26 loss: 1.04904174805e-05
validation accuracy :  1.0
validation class_total [900.0, 900.0, 900.0, 900.0, 900.0, 900.0]
validation class_correct [900.0, 900.0, 900.0, 900.0, 900.0, 900.0]
validation confusion_matrix [[900, 0, 0, 0, 0, 0], [0, 900, 0, 0, 0, 0], [0, 0, 900, 0, 0, 0], [0, 0, 0, 900, 0, 0], [0, 0, 0, 0, 900, 0], [0, 0, 0, 0, 0, 900]]
test accuracy :  0.183888888889
class_total [300.0, 300.0, 300.0, 300.0, 300.0, 300.0]
class_correct [32.0, 0.0, 194.0, 28.0, 6.0, 71.0]
confusion_matrix [[32, 115, 18, 4, 60, 71], [0, 0, 1, 41, 57, 201], [0, 69, 194, 0, 4, 33], [0, 0, 3, 28, 138, 131], [0, 0, 108, 0, 6, 186], [0, 0, 4, 34, 191, 71]]
traning started for  27 epoch
epoch 27 loss: 1.04904174805e-05
validation accuracy :  0.999814814815
validation class_total [900.0, 900.0, 900.0, 900.0, 900.0, 900.0]
validation class_correct [900.0, 900.0, 900.0, 900.0, 900.0, 899.0]
validation confusion_matrix [[900, 0, 0, 0, 0, 0], [0, 900, 0, 0, 0, 0], [0, 0, 900, 0, 0, 0], [0, 0, 0, 900, 0, 0], [0, 0, 0, 0, 900, 0], [0, 0, 0, 1, 0, 899]]
test accuracy :  0.202777777778
class_total [300.0, 300.0, 300.0, 300.0, 300.0, 300.0]
class_correct [67.0, 0.0, 240.0, 27.0, 8.0, 23.0]
confusion_matrix [[67, 116, 12, 5, 48, 52], [0, 0, 5, 16, 138, 141], [0, 32, 240, 0, 2, 26], [0, 0, 1, 27, 179, 93], [0, 0, 134, 0, 8, 158], [0, 0, 10, 13, 254, 23]]
traning started for  28 epoch
epoch 28 loss: 0.000895500183105
validation accuracy :  0.999444444444
validation class_total [900.0, 900.0, 900.0, 900.0, 900.0, 900.0]
validation class_correct [900.0, 900.0, 898.0, 900.0, 900.0, 899.0]
validation confusion_matrix [[900, 0, 0, 0, 0, 0], [0, 900, 0, 0, 0, 0], [0, 0, 898, 0, 1, 1], [0, 0, 0, 900, 0, 0], [0, 0, 0, 0, 900, 0], [0, 1, 0, 0, 0, 899]]
test accuracy :  0.135
class_total [300.0, 300.0, 300.0, 300.0, 300.0, 300.0]
class_correct [29.0, 0.0, 161.0, 11.0, 12.0, 30.0]
confusion_matrix [[29, 160, 6, 8, 16, 81], [3, 0, 3, 21, 95, 178], [0, 90, 161, 0, 5, 44], [2, 0, 2, 11, 202, 83], [0, 0, 129, 0, 12, 159], [2, 0, 4, 32, 232, 30]]
traning started for  29 epoch
epoch 29 loss: 0.00067138671875
validation accuracy :  0.995740740741
validation class_total [900.0, 900.0, 900.0, 900.0, 900.0, 900.0]
validation class_correct [897.0, 900.0, 895.0, 890.0, 896.0, 899.0]
validation confusion_matrix [[897, 0, 0, 0, 3, 0], [0, 900, 0, 0, 0, 0], [0, 2, 895, 0, 0, 3], [10, 0, 0, 890, 0, 0], [1, 0, 0, 0, 896, 3], [0, 0, 0, 1, 0, 899]]
test accuracy :  0.0922222222222
class_total [300.0, 300.0, 300.0, 300.0, 300.0, 300.0]
class_correct [13.0, 0.0, 59.0, 44.0, 26.0, 24.0]
confusion_matrix [[13, 172, 1, 3, 32, 79], [4, 0, 1, 66, 53, 176], [0, 95, 59, 0, 10, 136], [3, 0, 0, 44, 107, 146], [0, 0, 61, 0, 26, 213], [3, 0, 2, 18, 253, 24]]
traning started for  30 epoch
epoch 30 loss: 0.0
validation accuracy :  1.0
validation class_total [900.0, 900.0, 900.0, 900.0, 900.0, 900.0]
validation class_correct [900.0, 900.0, 900.0, 900.0, 900.0, 900.0]
validation confusion_matrix [[900, 0, 0, 0, 0, 0], [0, 900, 0, 0, 0, 0], [0, 0, 900, 0, 0, 0], [0, 0, 0, 900, 0, 0], [0, 0, 0, 0, 900, 0], [0, 0, 0, 0, 0, 900]]
test accuracy :  0.158888888889
class_total [300.0, 300.0, 300.0, 300.0, 300.0, 300.0]
class_correct [38.0, 0.0, 158.0, 17.0, 20.0, 53.0]
confusion_matrix [[38, 170, 3, 0, 35, 54], [0, 0, 1, 20, 83, 196], [0, 76, 158, 0, 7, 59], [0, 0, 1, 17, 169, 113], [0, 0, 123, 0, 20, 157], [1, 0, 3, 23, 220, 53]]
traning started for  31 epoch
epoch 31 loss: 4.86373901367e-05
validation accuracy :  0.999814814815
validation class_total [900.0, 900.0, 900.0, 900.0, 900.0, 900.0]
validation class_correct [900.0, 900.0, 900.0, 899.0, 900.0, 900.0]
validation confusion_matrix [[900, 0, 0, 0, 0, 0], [0, 900, 0, 0, 0, 0], [0, 0, 900, 0, 0, 0], [0, 0, 0, 899, 0, 1], [0, 0, 0, 0, 900, 0], [0, 0, 0, 0, 0, 900]]
test accuracy :  0.154444444444
class_total [300.0, 300.0, 300.0, 300.0, 300.0, 300.0]
class_correct [37.0, 0.0, 155.0, 17.0, 10.0, 59.0]
confusion_matrix [[37, 166, 3, 0, 29, 65], [1, 0, 0, 23, 58, 218], [0, 71, 155, 0, 7, 67], [0, 0, 1, 17, 151, 131], [0, 0, 103, 0, 10, 187], [2, 0, 4, 26, 209, 59]]
traning started for  32 epoch
epoch 32 loss: 5.72204589844e-06
validation accuracy :  1.0
validation class_total [900.0, 900.0, 900.0, 900.0, 900.0, 900.0]
validation class_correct [900.0, 900.0, 900.0, 900.0, 900.0, 900.0]
validation confusion_matrix [[900, 0, 0, 0, 0, 0], [0, 900, 0, 0, 0, 0], [0, 0, 900, 0, 0, 0], [0, 0, 0, 900, 0, 0], [0, 0, 0, 0, 900, 0], [0, 0, 0, 0, 0, 900]]
test accuracy :  0.16
class_total [300.0, 300.0, 300.0, 300.0, 300.0, 300.0]
class_correct [32.0, 0.0, 161.0, 18.0, 18.0, 59.0]
confusion_matrix [[32, 171, 5, 1, 31, 60], [0, 0, 1, 30, 67, 202], [0, 75, 161, 0, 9, 55], [0, 0, 1, 18, 165, 116], [0, 0, 108, 0, 18, 174], [1, 0, 3, 30, 207, 59]]
traning started for  33 epoch
epoch 33 loss: 9.53674316406e-06
validation accuracy :  1.0
validation class_total [900.0, 900.0, 900.0, 900.0, 900.0, 900.0]
validation class_correct [900.0, 900.0, 900.0, 900.0, 900.0, 900.0]
validation confusion_matrix [[900, 0, 0, 0, 0, 0], [0, 900, 0, 0, 0, 0], [0, 0, 900, 0, 0, 0], [0, 0, 0, 900, 0, 0], [0, 0, 0, 0, 900, 0], [0, 0, 0, 0, 0, 900]]
test accuracy :  0.161111111111
class_total [300.0, 300.0, 300.0, 300.0, 300.0, 300.0]
class_correct [33.0, 0.0, 164.0, 19.0, 15.0, 59.0]
confusion_matrix [[33, 161, 4, 0, 32, 70], [0, 0, 0, 33, 55, 212], [0, 67, 164, 0, 7, 62], [0, 0, 2, 19, 149, 130], [0, 0, 84, 0, 15, 201], [0, 0, 3, 40, 198, 59]]
traning started for  34 epoch
epoch 34 loss: 0.00223779678345
validation accuracy :  1.0
validation class_total [900.0, 900.0, 900.0, 900.0, 900.0, 900.0]
validation class_correct [900.0, 900.0, 900.0, 900.0, 900.0, 900.0]
validation confusion_matrix [[900, 0, 0, 0, 0, 0], [0, 900, 0, 0, 0, 0], [0, 0, 900, 0, 0, 0], [0, 0, 0, 900, 0, 0], [0, 0, 0, 0, 900, 0], [0, 0, 0, 0, 0, 900]]
test accuracy :  0.157222222222
class_total [300.0, 300.0, 300.0, 300.0, 300.0, 300.0]
class_correct [30.0, 0.0, 161.0, 20.0, 7.0, 65.0]
confusion_matrix [[30, 181, 1, 2, 27, 59], [0, 0, 1, 21, 50, 228], [0, 88, 161, 0, 2, 49], [0, 0, 2, 20, 146, 132], [0, 0, 121, 0, 7, 172], [2, 0, 3, 36, 194, 65]]
traning started for  35 epoch
epoch 35 loss: 7.24792480469e-05
validation accuracy :  1.0
validation class_total [900.0, 900.0, 900.0, 900.0, 900.0, 900.0]
validation class_correct [900.0, 900.0, 900.0, 900.0, 900.0, 900.0]
validation confusion_matrix [[900, 0, 0, 0, 0, 0], [0, 900, 0, 0, 0, 0], [0, 0, 900, 0, 0, 0], [0, 0, 0, 900, 0, 0], [0, 0, 0, 0, 900, 0], [0, 0, 0, 0, 0, 900]]
test accuracy :  0.172222222222
class_total [300.0, 300.0, 300.0, 300.0, 300.0, 300.0]
class_correct [40.0, 0.0, 191.0, 21.0, 15.0, 43.0]
confusion_matrix [[40, 167, 4, 1, 34, 54], [0, 0, 1, 27, 67, 205], [0, 61, 191, 0, 7, 41], [0, 0, 1, 21, 162, 116], [0, 0, 117, 0, 15, 168], [2, 0, 5, 32, 218, 43]]
traning started for  36 epoch
epoch 36 loss: 0.000228881835938
validation accuracy :  0.999814814815
validation class_total [900.0, 900.0, 900.0, 900.0, 900.0, 900.0]
validation class_correct [900.0, 900.0, 899.0, 900.0, 900.0, 900.0]
validation confusion_matrix [[900, 0, 0, 0, 0, 0], [0, 900, 0, 0, 0, 0], [0, 1, 899, 0, 0, 0], [0, 0, 0, 900, 0, 0], [0, 0, 0, 0, 900, 0], [0, 0, 0, 0, 0, 900]]
test accuracy :  0.153333333333
class_total [300.0, 300.0, 300.0, 300.0, 300.0, 300.0]
class_correct [9.0, 0.0, 217.0, 24.0, 6.0, 20.0]
confusion_matrix [[9, 159, 9, 2, 44, 77], [0, 0, 2, 38, 53, 207], [0, 58, 217, 0, 0, 25], [0, 0, 2, 24, 125, 149], [0, 0, 182, 0, 6, 112], [5, 0, 3, 53, 219, 20]]
traning started for  37 epoch
epoch 37 loss: 5.72204589844e-06
validation accuracy :  1.0
validation class_total [900.0, 900.0, 900.0, 900.0, 900.0, 900.0]
validation class_correct [900.0, 900.0, 900.0, 900.0, 900.0, 900.0]
validation confusion_matrix [[900, 0, 0, 0, 0, 0], [0, 900, 0, 0, 0, 0], [0, 0, 900, 0, 0, 0], [0, 0, 0, 900, 0, 0], [0, 0, 0, 0, 900, 0], [0, 0, 0, 0, 0, 900]]
test accuracy :  0.173333333333
class_total [300.0, 300.0, 300.0, 300.0, 300.0, 300.0]
class_correct [21.0, 0.0, 218.0, 27.0, 4.0, 42.0]
confusion_matrix [[21, 194, 5, 2, 26, 52], [0, 0, 3, 33, 61, 203], [0, 68, 218, 0, 0, 14], [1, 0, 2, 27, 132, 138], [0, 0, 186, 0, 4, 110], [2, 0, 4, 50, 202, 42]]
traning started for  38 epoch
epoch 38 loss: 1.90734863281e-06
validation accuracy :  0.999814814815
validation class_total [900.0, 900.0, 900.0, 900.0, 900.0, 900.0]
validation class_correct [900.0, 900.0, 900.0, 900.0, 900.0, 899.0]
validation confusion_matrix [[900, 0, 0, 0, 0, 0], [0, 900, 0, 0, 0, 0], [0, 0, 900, 0, 0, 0], [0, 0, 0, 900, 0, 0], [0, 0, 0, 0, 900, 0], [0, 0, 1, 0, 0, 899]]
test accuracy :  0.179444444444
class_total [300.0, 300.0, 300.0, 300.0, 300.0, 300.0]
class_correct [17.0, 0.0, 237.0, 21.0, 11.0, 37.0]
confusion_matrix [[17, 163, 5, 0, 39, 76], [0, 0, 2, 29, 67, 202], [0, 46, 237, 0, 1, 16], [0, 0, 3, 21, 145, 131], [0, 0, 176, 0, 11, 113], [1, 0, 5, 45, 212, 37]]
traning started for  39 epoch
epoch 39 loss: 3.81469726562e-06
validation accuracy :  1.0
validation class_total [900.0, 900.0, 900.0, 900.0, 900.0, 900.0]
validation class_correct [900.0, 900.0, 900.0, 900.0, 900.0, 900.0]
validation confusion_matrix [[900, 0, 0, 0, 0, 0], [0, 900, 0, 0, 0, 0], [0, 0, 900, 0, 0, 0], [0, 0, 0, 900, 0, 0], [0, 0, 0, 0, 900, 0], [0, 0, 0, 0, 0, 900]]
test accuracy :  0.171666666667
class_total [300.0, 300.0, 300.0, 300.0, 300.0, 300.0]
class_correct [16.0, 0.0, 217.0, 24.0, 4.0, 48.0]
confusion_matrix [[16, 148, 9, 1, 36, 90], [0, 0, 1, 31, 52, 216], [0, 41, 217, 0, 0, 42], [0, 0, 1, 24, 131, 144], [0, 0, 143, 0, 4, 153], [2, 0, 4, 41, 205, 48]]
traning started for  40 epoch
epoch 40 loss: 1.90734863281e-06
validation accuracy :  1.0
validation class_total [900.0, 900.0, 900.0, 900.0, 900.0, 900.0]
validation class_correct [900.0, 900.0, 900.0, 900.0, 900.0, 900.0]
validation confusion_matrix [[900, 0, 0, 0, 0, 0], [0, 900, 0, 0, 0, 0], [0, 0, 900, 0, 0, 0], [0, 0, 0, 900, 0, 0], [0, 0, 0, 0, 900, 0], [0, 0, 0, 0, 0, 900]]
test accuracy :  0.17
class_total [300.0, 300.0, 300.0, 300.0, 300.0, 300.0]
class_correct [22.0, 0.0, 206.0, 22.0, 8.0, 48.0]
confusion_matrix [[22, 116, 6, 4, 44, 108], [0, 0, 1, 27, 68, 204], [0, 28, 206, 0, 3, 63], [0, 0, 1, 22, 137, 140], [0, 0, 120, 0, 8, 172], [0, 0, 3, 45, 204, 48]]
traning started for  41 epoch
epoch 41 loss: 0.000266075134277
validation accuracy :  1.0
validation class_total [900.0, 900.0, 900.0, 900.0, 900.0, 900.0]
validation class_correct [900.0, 900.0, 900.0, 900.0, 900.0, 900.0]
validation confusion_matrix [[900, 0, 0, 0, 0, 0], [0, 900, 0, 0, 0, 0], [0, 0, 900, 0, 0, 0], [0, 0, 0, 900, 0, 0], [0, 0, 0, 0, 900, 0], [0, 0, 0, 0, 0, 900]]
test accuracy :  0.164444444444
class_total [300.0, 300.0, 300.0, 300.0, 300.0, 300.0]
class_correct [22.0, 0.0, 201.0, 21.0, 8.0, 44.0]
confusion_matrix [[22, 155, 5, 2, 32, 84], [0, 0, 1, 27, 50, 222], [0, 43, 201, 0, 3, 53], [0, 0, 0, 21, 126, 153], [0, 0, 123, 0, 8, 169], [1, 0, 5, 38, 212, 44]]
traning started for  42 epoch
epoch 42 loss: 0.0
validation accuracy :  1.0
validation class_total [900.0, 900.0, 900.0, 900.0, 900.0, 900.0]
validation class_correct [900.0, 900.0, 900.0, 900.0, 900.0, 900.0]
validation confusion_matrix [[900, 0, 0, 0, 0, 0], [0, 900, 0, 0, 0, 0], [0, 0, 900, 0, 0, 0], [0, 0, 0, 900, 0, 0], [0, 0, 0, 0, 900, 0], [0, 0, 0, 0, 0, 900]]
test accuracy :  0.158888888889
class_total [300.0, 300.0, 300.0, 300.0, 300.0, 300.0]
class_correct [23.0, 0.0, 198.0, 21.0, 7.0, 37.0]
confusion_matrix [[23, 198, 1, 2, 24, 52], [0, 0, 1, 33, 53, 213], [0, 62, 198, 0, 2, 38], [1, 0, 2, 21, 138, 138], [0, 0, 135, 0, 7, 158], [3, 0, 5, 40, 215, 37]]
traning started for  43 epoch
epoch 43 loss: 0.0
validation accuracy :  1.0
validation class_total [900.0, 900.0, 900.0, 900.0, 900.0, 900.0]
validation class_correct [900.0, 900.0, 900.0, 900.0, 900.0, 900.0]
validation confusion_matrix [[900, 0, 0, 0, 0, 0], [0, 900, 0, 0, 0, 0], [0, 0, 900, 0, 0, 0], [0, 0, 0, 900, 0, 0], [0, 0, 0, 0, 900, 0], [0, 0, 0, 0, 0, 900]]
test accuracy :  0.180555555556
class_total [300.0, 300.0, 300.0, 300.0, 300.0, 300.0]
class_correct [19.0, 0.0, 230.0, 19.0, 1.0, 56.0]
confusion_matrix [[19, 181, 10, 0, 23, 67], [0, 0, 2, 18, 33, 247], [0, 40, 230, 0, 0, 30], [1, 0, 2, 19, 85, 193], [0, 0, 193, 0, 1, 106], [1, 0, 5, 37, 201, 56]]
traning started for  44 epoch
epoch 44 loss: 1.90734863281e-06
validation accuracy :  0.999259259259
validation class_total [900.0, 900.0, 900.0, 900.0, 900.0, 900.0]
validation class_correct [900.0, 898.0, 898.0, 900.0, 900.0, 900.0]
validation confusion_matrix [[900, 0, 0, 0, 0, 0], [0, 898, 1, 0, 0, 1], [0, 0, 898, 0, 0, 2], [0, 0, 0, 900, 0, 0], [0, 0, 0, 0, 900, 0], [0, 0, 0, 0, 0, 900]]
test accuracy :  0.0983333333333
class_total [300.0, 300.0, 300.0, 300.0, 300.0, 300.0]
class_correct [24.0, 0.0, 95.0, 19.0, 3.0, 36.0]
confusion_matrix [[24, 99, 17, 2, 33, 125], [0, 0, 1, 24, 39, 236], [0, 38, 95, 0, 12, 155], [0, 0, 2, 19, 124, 155], [0, 0, 79, 0, 3, 218], [2, 0, 2, 59, 201, 36]]
traning started for  45 epoch
epoch 45 loss: 1.33514404297e-05
validation accuracy :  0.999814814815
validation class_total [900.0, 900.0, 900.0, 900.0, 900.0, 900.0]
validation class_correct [899.0, 900.0, 900.0, 900.0, 900.0, 900.0]
validation confusion_matrix [[899, 0, 0, 0, 1, 0], [0, 900, 0, 0, 0, 0], [0, 0, 900, 0, 0, 0], [0, 0, 0, 900, 0, 0], [0, 0, 0, 0, 900, 0], [0, 0, 0, 0, 0, 900]]
test accuracy :  0.135
class_total [300.0, 300.0, 300.0, 300.0, 300.0, 300.0]
class_correct [35.0, 0.0, 159.0, 8.0, 3.0, 38.0]
confusion_matrix [[35, 98, 20, 1, 83, 63], [0, 0, 2, 9, 112, 177], [0, 50, 159, 0, 3, 88], [0, 0, 2, 8, 154, 136], [0, 0, 143, 0, 3, 154], [1, 0, 2, 36, 223, 38]]
traning started for  46 epoch
epoch 46 loss: 0.000839233398438
validation accuracy :  1.0
validation class_total [900.0, 900.0, 900.0, 900.0, 900.0, 900.0]
validation class_correct [900.0, 900.0, 900.0, 900.0, 900.0, 900.0]
validation confusion_matrix [[900, 0, 0, 0, 0, 0], [0, 900, 0, 0, 0, 0], [0, 0, 900, 0, 0, 0], [0, 0, 0, 900, 0, 0], [0, 0, 0, 0, 900, 0], [0, 0, 0, 0, 0, 900]]
test accuracy :  0.143888888889
class_total [300.0, 300.0, 300.0, 300.0, 300.0, 300.0]
class_correct [29.0, 0.0, 208.0, 6.0, 0.0, 16.0]
confusion_matrix [[29, 130, 33, 0, 61, 47], [0, 0, 3, 7, 128, 162], [0, 69, 208, 0, 2, 21], [0, 0, 5, 6, 181, 108], [0, 0, 201, 0, 0, 99], [0, 0, 7, 15, 262, 16]]
traning started for  47 epoch
epoch 47 loss: 0.000110626220703
validation accuracy :  0.99962962963
validation class_total [900.0, 900.0, 900.0, 900.0, 900.0, 900.0]
validation class_correct [899.0, 900.0, 900.0, 900.0, 900.0, 899.0]
validation confusion_matrix [[899, 0, 0, 0, 1, 0], [0, 900, 0, 0, 0, 0], [0, 0, 900, 0, 0, 0], [0, 0, 0, 900, 0, 0], [0, 0, 0, 0, 900, 0], [0, 0, 0, 1, 0, 899]]
test accuracy :  0.160555555556
class_total [300.0, 300.0, 300.0, 300.0, 300.0, 300.0]
class_correct [75.0, 0.0, 134.0, 23.0, 13.0, 44.0]
confusion_matrix [[75, 62, 12, 8, 74, 69], [0, 0, 0, 60, 87, 153], [0, 58, 134, 0, 5, 103], [1, 0, 2, 23, 144, 130], [0, 0, 99, 1, 13, 187], [1, 0, 4, 69, 182, 44]]
traning started for  48 epoch
epoch 48 loss: 2.47955322266e-05
validation accuracy :  1.0
validation class_total [900.0, 900.0, 900.0, 900.0, 900.0, 900.0]
validation class_correct [900.0, 900.0, 900.0, 900.0, 900.0, 900.0]
validation confusion_matrix [[900, 0, 0, 0, 0, 0], [0, 900, 0, 0, 0, 0], [0, 0, 900, 0, 0, 0], [0, 0, 0, 900, 0, 0], [0, 0, 0, 0, 900, 0], [0, 0, 0, 0, 0, 900]]
test accuracy :  0.148333333333
class_total [300.0, 300.0, 300.0, 300.0, 300.0, 300.0]
class_correct [44.0, 0.0, 146.0, 15.0, 7.0, 55.0]
confusion_matrix [[44, 86, 17, 1, 65, 87], [0, 0, 1, 19, 104, 176], [0, 72, 146, 0, 5, 77], [0, 0, 2, 15, 157, 126], [0, 0, 124, 0, 7, 169], [1, 0, 5, 32, 207, 55]]
traning started for  49 epoch
epoch 49 loss: 0.000186920166016
validation accuracy :  1.0
validation class_total [900.0, 900.0, 900.0, 900.0, 900.0, 900.0]
validation class_correct [900.0, 900.0, 900.0, 900.0, 900.0, 900.0]
validation confusion_matrix [[900, 0, 0, 0, 0, 0], [0, 900, 0, 0, 0, 0], [0, 0, 900, 0, 0, 0], [0, 0, 0, 900, 0, 0], [0, 0, 0, 0, 900, 0], [0, 0, 0, 0, 0, 900]]
test accuracy :  0.153333333333
class_total [300.0, 300.0, 300.0, 300.0, 300.0, 300.0]
class_correct [45.0, 0.0, 152.0, 18.0, 6.0, 55.0]
confusion_matrix [[45, 93, 17, 2, 68, 75], [0, 0, 3, 22, 95, 180], [0, 75, 152, 0, 3, 70], [0, 0, 3, 18, 140, 139], [0, 0, 125, 0, 6, 169], [0, 0, 4, 33, 208, 55]]
traning started for  50 epoch
epoch 50 loss: 9.53674316406e-07
validation accuracy :  1.0
validation class_total [900.0, 900.0, 900.0, 900.0, 900.0, 900.0]
validation class_correct [900.0, 900.0, 900.0, 900.0, 900.0, 900.0]
validation confusion_matrix [[900, 0, 0, 0, 0, 0], [0, 900, 0, 0, 0, 0], [0, 0, 900, 0, 0, 0], [0, 0, 0, 900, 0, 0], [0, 0, 0, 0, 900, 0], [0, 0, 0, 0, 0, 900]]
test accuracy :  0.157222222222
class_total [300.0, 300.0, 300.0, 300.0, 300.0, 300.0]
class_correct [62.0, 0.0, 141.0, 18.0, 4.0, 58.0]
confusion_matrix [[62, 87, 15, 4, 58, 74], [0, 0, 1, 26, 85, 188], [0, 75, 141, 0, 4, 80], [0, 0, 1, 18, 137, 144], [0, 0, 120, 0, 4, 176], [1, 0, 4, 34, 203, 58]]
traning started for  51 epoch
epoch 51 loss: 0.0
validation accuracy :  1.0
validation class_total [900.0, 900.0, 900.0, 900.0, 900.0, 900.0]
validation class_correct [900.0, 900.0, 900.0, 900.0, 900.0, 900.0]
validation confusion_matrix [[900, 0, 0, 0, 0, 0], [0, 900, 0, 0, 0, 0], [0, 0, 900, 0, 0, 0], [0, 0, 0, 900, 0, 0], [0, 0, 0, 0, 900, 0], [0, 0, 0, 0, 0, 900]]
test accuracy :  0.145555555556
class_total [300.0, 300.0, 300.0, 300.0, 300.0, 300.0]
class_correct [49.0, 0.0, 136.0, 23.0, 8.0, 46.0]
confusion_matrix [[49, 82, 14, 2, 62, 91], [1, 0, 1, 25, 78, 195], [0, 73, 136, 0, 4, 87], [0, 0, 2, 23, 130, 145], [0, 0, 107, 0, 8, 185], [0, 0, 4, 42, 208, 46]]
traning started for  52 epoch
epoch 52 loss: 0.0
validation accuracy :  1.0
validation class_total [900.0, 900.0, 900.0, 900.0, 900.0, 900.0]
validation class_correct [900.0, 900.0, 900.0, 900.0, 900.0, 900.0]
validation confusion_matrix [[900, 0, 0, 0, 0, 0], [0, 900, 0, 0, 0, 0], [0, 0, 900, 0, 0, 0], [0, 0, 0, 900, 0, 0], [0, 0, 0, 0, 900, 0], [0, 0, 0, 0, 0, 900]]
test accuracy :  0.142222222222
class_total [300.0, 300.0, 300.0, 300.0, 300.0, 300.0]
class_correct [45.0, 0.0, 145.0, 14.0, 4.0, 48.0]
confusion_matrix [[45, 88, 19, 1, 65, 82], [0, 0, 1, 23, 100, 176], [0, 74, 145, 0, 3, 78], [0, 0, 1, 14, 144, 141], [0, 0, 114, 0, 4, 182], [0, 0, 5, 34, 213, 48]]
traning started for  53 epoch
epoch 53 loss: 1.62124633789e-05
validation accuracy :  1.0
validation class_total [900.0, 900.0, 900.0, 900.0, 900.0, 900.0]
validation class_correct [900.0, 900.0, 900.0, 900.0, 900.0, 900.0]
validation confusion_matrix [[900, 0, 0, 0, 0, 0], [0, 900, 0, 0, 0, 0], [0, 0, 900, 0, 0, 0], [0, 0, 0, 900, 0, 0], [0, 0, 0, 0, 900, 0], [0, 0, 0, 0, 0, 900]]
test accuracy :  0.145
class_total [300.0, 300.0, 300.0, 300.0, 300.0, 300.0]
class_correct [38.0, 0.0, 157.0, 15.0, 5.0, 46.0]
confusion_matrix [[38, 93, 14, 1, 69, 85], [0, 0, 1, 18, 83, 198], [0, 62, 157, 0, 2, 79], [0, 0, 2, 15, 142, 141], [0, 0, 120, 0, 5, 175], [1, 0, 6, 34, 213, 46]]
traning started for  54 epoch
epoch 54 loss: 1.90734863281e-06
validation accuracy :  1.0
validation class_total [900.0, 900.0, 900.0, 900.0, 900.0, 900.0]
validation class_correct [900.0, 900.0, 900.0, 900.0, 900.0, 900.0]
validation confusion_matrix [[900, 0, 0, 0, 0, 0], [0, 900, 0, 0, 0, 0], [0, 0, 900, 0, 0, 0], [0, 0, 0, 900, 0, 0], [0, 0, 0, 0, 900, 0], [0, 0, 0, 0, 0, 900]]
test accuracy :  0.143888888889
class_total [300.0, 300.0, 300.0, 300.0, 300.0, 300.0]
class_correct [46.0, 0.0, 138.0, 18.0, 1.0, 56.0]
confusion_matrix [[46, 89, 14, 2, 56, 93], [0, 0, 1, 25, 81, 193], [0, 73, 138, 0, 0, 89], [0, 0, 2, 18, 138, 142], [0, 0, 101, 0, 1, 198], [0, 0, 2, 37, 205, 56]]
traning started for  55 epoch
epoch 55 loss: 0.000509262084961
validation accuracy :  0.943703703704
validation class_total [900.0, 900.0, 900.0, 900.0, 900.0, 900.0]
validation class_correct [606.0, 900.0, 900.0, 891.0, 899.0, 900.0]
validation confusion_matrix [[606, 1, 0, 17, 270, 6], [0, 900, 0, 0, 0, 0], [0, 0, 900, 0, 0, 0], [0, 0, 0, 891, 3, 6], [0, 0, 0, 0, 899, 1], [0, 0, 0, 0, 0, 900]]
test accuracy :  0.143888888889
class_total [300.0, 300.0, 300.0, 300.0, 300.0, 300.0]
class_correct [0.0, 0.0, 207.0, 2.0, 12.0, 38.0]
confusion_matrix [[0, 33, 51, 0, 45, 171], [0, 0, 3, 0, 76, 221], [0, 33, 207, 0, 8, 52], [0, 0, 2, 2, 136, 160], [0, 0, 135, 0, 12, 153], [0, 0, 21, 2, 239, 38]]
traning started for  56 epoch
epoch 56 loss: 1.90734863281e-06
validation accuracy :  1.0
validation class_total [900.0, 900.0, 900.0, 900.0, 900.0, 900.0]
validation class_correct [900.0, 900.0, 900.0, 900.0, 900.0, 900.0]
validation confusion_matrix [[900, 0, 0, 0, 0, 0], [0, 900, 0, 0, 0, 0], [0, 0, 900, 0, 0, 0], [0, 0, 0, 900, 0, 0], [0, 0, 0, 0, 900, 0], [0, 0, 0, 0, 0, 900]]
test accuracy :  0.116666666667
class_total [300.0, 300.0, 300.0, 300.0, 300.0, 300.0]
class_correct [6.0, 0.0, 127.0, 14.0, 10.0, 53.0]
confusion_matrix [[6, 93, 12, 2, 47, 140], [0, 0, 1, 5, 55, 239], [0, 63, 127, 0, 6, 104], [0, 0, 2, 14, 114, 170], [0, 0, 87, 0, 10, 203], [1, 0, 3, 24, 219, 53]]
traning started for  57 epoch
epoch 57 loss: 9.53674316406e-05
validation accuracy :  1.0
validation class_total [900.0, 900.0, 900.0, 900.0, 900.0, 900.0]
validation class_correct [900.0, 900.0, 900.0, 900.0, 900.0, 900.0]
validation confusion_matrix [[900, 0, 0, 0, 0, 0], [0, 900, 0, 0, 0, 0], [0, 0, 900, 0, 0, 0], [0, 0, 0, 900, 0, 0], [0, 0, 0, 0, 900, 0], [0, 0, 0, 0, 0, 900]]
test accuracy :  0.147222222222
class_total [300.0, 300.0, 300.0, 300.0, 300.0, 300.0]
class_correct [17.0, 0.0, 196.0, 7.0, 12.0, 33.0]
confusion_matrix [[17, 87, 21, 0, 67, 108], [0, 0, 1, 5, 87, 207], [0, 41, 196, 0, 9, 54], [0, 0, 2, 7, 148, 143], [0, 0, 134, 0, 12, 154], [1, 0, 6, 10, 250, 33]]
traning started for  58 epoch
epoch 58 loss: 0.0038890838623
validation accuracy :  1.0
validation class_total [900.0, 900.0, 900.0, 900.0, 900.0, 900.0]
validation class_correct [900.0, 900.0, 900.0, 900.0, 900.0, 900.0]
validation confusion_matrix [[900, 0, 0, 0, 0, 0], [0, 900, 0, 0, 0, 0], [0, 0, 900, 0, 0, 0], [0, 0, 0, 900, 0, 0], [0, 0, 0, 0, 900, 0], [0, 0, 0, 0, 0, 900]]
test accuracy :  0.148333333333
class_total [300.0, 300.0, 300.0, 300.0, 300.0, 300.0]
class_correct [18.0, 0.0, 191.0, 11.0, 16.0, 31.0]
confusion_matrix [[18, 85, 24, 1, 58, 114], [0, 0, 2, 5, 76, 217], [0, 39, 191, 0, 9, 61], [0, 0, 2, 11, 131, 156], [0, 0, 126, 0, 16, 158], [2, 0, 6, 10, 251, 31]]
traning started for  59 epoch
epoch 59 loss: 0.00320053100586
