cuda
Training started
traning started for  1 epoch
epoch 1 loss: 0.557695388794
validation accuracy :  0.851527777778
validation class_total [1200.0, 1200.0, 1200.0, 1200.0, 1200.0, 1200.0]
validation class_correct [774.0, 984.0, 1191.0, 1018.0, 1152.0, 1012.0]
validation confusion_matrix [[774, 0, 0, 50, 354, 22], [0, 984, 76, 0, 4, 136], [0, 1, 1191, 0, 6, 2], [34, 0, 0, 1018, 11, 137], [1, 0, 35, 0, 1152, 12], [0, 0, 22, 0, 166, 1012]]
test accuracy :  0.314166666667
class_total [400.0, 400.0, 400.0, 400.0, 400.0, 400.0]
class_correct [0.0, 0.0, 377.0, 5.0, 240.0, 132.0]
confusion_matrix [[0, 0, 101, 0, 224, 75], [1, 0, 4, 0, 328, 67], [0, 3, 377, 0, 11, 9], [3, 0, 1, 5, 315, 76], [0, 0, 141, 0, 240, 19], [0, 0, 16, 1, 251, 132]]
traning started for  2 epoch
epoch 2 loss: 0.00317764282227
validation accuracy :  0.927361111111
validation class_total [1200.0, 1200.0, 1200.0, 1200.0, 1200.0, 1200.0]
validation class_correct [878.0, 1200.0, 1172.0, 1137.0, 1148.0, 1142.0]
validation confusion_matrix [[878, 1, 0, 220, 93, 8], [0, 1200, 0, 0, 0, 0], [0, 27, 1172, 0, 1, 0], [0, 38, 0, 1137, 1, 24], [0, 34, 9, 0, 1148, 9], [0, 51, 6, 0, 1, 1142]]
test accuracy :  0.185833333333
class_total [400.0, 400.0, 400.0, 400.0, 400.0, 400.0]
class_correct [0.0, 1.0, 199.0, 9.0, 75.0, 162.0]
confusion_matrix [[0, 315, 6, 4, 25, 50], [0, 1, 7, 0, 76, 316], [0, 196, 199, 0, 1, 4], [0, 2, 1, 9, 119, 269], [0, 8, 169, 0, 75, 148], [0, 33, 22, 6, 177, 162]]
traning started for  3 epoch
epoch 3 loss: 0.0150003433228
validation accuracy :  0.990694444444
validation class_total [1200.0, 1200.0, 1200.0, 1200.0, 1200.0, 1200.0]
validation class_correct [1174.0, 1197.0, 1196.0, 1186.0, 1195.0, 1185.0]
validation confusion_matrix [[1174, 0, 0, 1, 25, 0], [0, 1197, 3, 0, 0, 0], [0, 0, 1196, 0, 2, 2], [1, 5, 0, 1186, 3, 5], [0, 0, 4, 0, 1195, 1], [0, 1, 6, 0, 8, 1185]]
test accuracy :  0.235
class_total [400.0, 400.0, 400.0, 400.0, 400.0, 400.0]
class_correct [15.0, 0.0, 315.0, 10.0, 170.0, 54.0]
confusion_matrix [[15, 140, 31, 12, 103, 99], [2, 0, 5, 2, 259, 132], [0, 75, 315, 0, 6, 4], [12, 1, 2, 10, 281, 94], [0, 3, 181, 0, 170, 46], [4, 5, 26, 7, 304, 54]]
traning started for  4 epoch
epoch 4 loss: 0.002516746521
validation accuracy :  0.986388888889
validation class_total [1200.0, 1200.0, 1200.0, 1200.0, 1200.0, 1200.0]
validation class_correct [1151.0, 1184.0, 1196.0, 1180.0, 1200.0, 1191.0]
validation confusion_matrix [[1151, 0, 0, 1, 47, 1], [0, 1184, 6, 0, 10, 0], [0, 0, 1196, 0, 4, 0], [1, 1, 0, 1180, 2, 16], [0, 0, 0, 0, 1200, 0], [0, 0, 2, 0, 7, 1191]]
test accuracy :  0.24625
class_total [400.0, 400.0, 400.0, 400.0, 400.0, 400.0]
class_correct [5.0, 0.0, 284.0, 23.0, 124.0, 155.0]
confusion_matrix [[5, 50, 88, 6, 99, 152], [0, 0, 0, 2, 165, 233], [0, 20, 284, 0, 7, 89], [4, 1, 0, 23, 235, 137], [0, 0, 123, 0, 124, 153], [0, 2, 9, 8, 226, 155]]
traning started for  5 epoch
epoch 5 loss: 0.00023365020752
validation accuracy :  0.998055555556
validation class_total [1200.0, 1200.0, 1200.0, 1200.0, 1200.0, 1200.0]
validation class_correct [1199.0, 1200.0, 1198.0, 1198.0, 1196.0, 1195.0]
validation confusion_matrix [[1199, 0, 0, 0, 1, 0], [0, 1200, 0, 0, 0, 0], [0, 2, 1198, 0, 0, 0], [1, 1, 0, 1198, 0, 0], [0, 0, 1, 0, 1196, 3], [0, 0, 2, 0, 3, 1195]]
test accuracy :  0.251666666667
class_total [400.0, 400.0, 400.0, 400.0, 400.0, 400.0]
class_correct [72.0, 1.0, 282.0, 35.0, 28.0, 186.0]
confusion_matrix [[72, 158, 27, 38, 74, 31], [0, 1, 0, 5, 115, 279], [0, 109, 282, 0, 0, 9], [9, 3, 4, 35, 181, 168], [0, 3, 216, 0, 28, 153], [0, 16, 11, 37, 150, 186]]
traning started for  6 epoch
epoch 6 loss: 0.00268268585205
validation accuracy :  0.99875
validation class_total [1200.0, 1200.0, 1200.0, 1200.0, 1200.0, 1200.0]
validation class_correct [1199.0, 1200.0, 1199.0, 1200.0, 1198.0, 1195.0]
validation confusion_matrix [[1199, 0, 0, 1, 0, 0], [0, 1200, 0, 0, 0, 0], [0, 0, 1199, 0, 0, 1], [0, 0, 0, 1200, 0, 0], [1, 0, 0, 1, 1198, 0], [0, 0, 1, 0, 4, 1195]]
test accuracy :  0.240833333333
class_total [400.0, 400.0, 400.0, 400.0, 400.0, 400.0]
class_correct [53.0, 0.0, 227.0, 30.0, 165.0, 103.0]
confusion_matrix [[53, 186, 5, 84, 63, 9], [5, 0, 0, 21, 210, 164], [0, 143, 227, 2, 6, 22], [20, 0, 0, 30, 284, 66], [0, 6, 73, 1, 165, 155], [1, 23, 7, 61, 205, 103]]
traning started for  7 epoch
epoch 7 loss: 0.000360488891602
validation accuracy :  1.0
validation class_total [1200.0, 1200.0, 1200.0, 1200.0, 1200.0, 1200.0]
validation class_correct [1200.0, 1200.0, 1200.0, 1200.0, 1200.0, 1200.0]
validation confusion_matrix [[1200, 0, 0, 0, 0, 0], [0, 1200, 0, 0, 0, 0], [0, 0, 1200, 0, 0, 0], [0, 0, 0, 1200, 0, 0], [0, 0, 0, 0, 1200, 0], [0, 0, 0, 0, 0, 1200]]
test accuracy :  0.2375
class_total [400.0, 400.0, 400.0, 400.0, 400.0, 400.0]
class_correct [34.0, 0.0, 327.0, 16.0, 86.0, 107.0]
confusion_matrix [[34, 244, 6, 67, 29, 20], [0, 0, 1, 2, 160, 237], [0, 66, 327, 0, 3, 4], [29, 0, 1, 16, 207, 147], [0, 3, 179, 0, 86, 132], [0, 9, 9, 18, 257, 107]]
traning started for  8 epoch
epoch 8 loss: 0.000226974487305
validation accuracy :  1.0
validation class_total [1200.0, 1200.0, 1200.0, 1200.0, 1200.0, 1200.0]
validation class_correct [1200.0, 1200.0, 1200.0, 1200.0, 1200.0, 1200.0]
validation confusion_matrix [[1200, 0, 0, 0, 0, 0], [0, 1200, 0, 0, 0, 0], [0, 0, 1200, 0, 0, 0], [0, 0, 0, 1200, 0, 0], [0, 0, 0, 0, 1200, 0], [0, 0, 0, 0, 0, 1200]]
test accuracy :  0.220833333333
class_total [400.0, 400.0, 400.0, 400.0, 400.0, 400.0]
class_correct [23.0, 0.0, 313.0, 21.0, 78.0, 95.0]
confusion_matrix [[23, 267, 7, 52, 32, 19], [1, 0, 1, 0, 166, 232], [0, 82, 313, 0, 3, 2], [43, 0, 1, 21, 206, 129], [0, 4, 217, 0, 78, 101], [0, 10, 11, 19, 265, 95]]
traning started for  9 epoch
epoch 9 loss: 0.000229835510254
validation accuracy :  1.0
validation class_total [1200.0, 1200.0, 1200.0, 1200.0, 1200.0, 1200.0]
validation class_correct [1200.0, 1200.0, 1200.0, 1200.0, 1200.0, 1200.0]
validation confusion_matrix [[1200, 0, 0, 0, 0, 0], [0, 1200, 0, 0, 0, 0], [0, 0, 1200, 0, 0, 0], [0, 0, 0, 1200, 0, 0], [0, 0, 0, 0, 1200, 0], [0, 0, 0, 0, 0, 1200]]
test accuracy :  0.22625
class_total [400.0, 400.0, 400.0, 400.0, 400.0, 400.0]
class_correct [26.0, 0.0, 310.0, 19.0, 104.0, 84.0]
confusion_matrix [[26, 248, 7, 64, 34, 21], [1, 0, 1, 2, 169, 227], [0, 79, 310, 0, 5, 6], [40, 0, 1, 19, 217, 123], [0, 3, 197, 0, 104, 96], [0, 10, 8, 22, 276, 84]]
traning started for  10 epoch
epoch 10 loss: 0.000175476074219
validation accuracy :  1.0
validation class_total [1200.0, 1200.0, 1200.0, 1200.0, 1200.0, 1200.0]
validation class_correct [1200.0, 1200.0, 1200.0, 1200.0, 1200.0, 1200.0]
validation confusion_matrix [[1200, 0, 0, 0, 0, 0], [0, 1200, 0, 0, 0, 0], [0, 0, 1200, 0, 0, 0], [0, 0, 0, 1200, 0, 0], [0, 0, 0, 0, 1200, 0], [0, 0, 0, 0, 0, 1200]]
test accuracy :  0.230416666667
class_total [400.0, 400.0, 400.0, 400.0, 400.0, 400.0]
class_correct [28.0, 0.0, 313.0, 17.0, 105.0, 90.0]
confusion_matrix [[28, 248, 7, 63, 33, 21], [1, 0, 1, 2, 163, 233], [0, 76, 313, 0, 5, 6], [38, 0, 1, 17, 220, 124], [0, 3, 196, 0, 105, 96], [0, 10, 8, 22, 270, 90]]
traning started for  11 epoch
epoch 11 loss: 0.00014591217041
validation accuracy :  1.0
validation class_total [1200.0, 1200.0, 1200.0, 1200.0, 1200.0, 1200.0]
validation class_correct [1200.0, 1200.0, 1200.0, 1200.0, 1200.0, 1200.0]
validation confusion_matrix [[1200, 0, 0, 0, 0, 0], [0, 1200, 0, 0, 0, 0], [0, 0, 1200, 0, 0, 0], [0, 0, 0, 1200, 0, 0], [0, 0, 0, 0, 1200, 0], [0, 0, 0, 0, 0, 1200]]
test accuracy :  0.231666666667
class_total [400.0, 400.0, 400.0, 400.0, 400.0, 400.0]
class_correct [28.0, 0.0, 316.0, 17.0, 104.0, 91.0]
confusion_matrix [[28, 248, 7, 62, 33, 22], [1, 0, 1, 2, 162, 234], [0, 72, 316, 0, 6, 6], [37, 0, 1, 17, 221, 124], [0, 3, 196, 0, 104, 97], [1, 10, 9, 23, 266, 91]]
traning started for  12 epoch
epoch 12 loss: 0.000124931335449
validation accuracy :  1.0
validation class_total [1200.0, 1200.0, 1200.0, 1200.0, 1200.0, 1200.0]
validation class_correct [1200.0, 1200.0, 1200.0, 1200.0, 1200.0, 1200.0]
validation confusion_matrix [[1200, 0, 0, 0, 0, 0], [0, 1200, 0, 0, 0, 0], [0, 0, 1200, 0, 0, 0], [0, 0, 0, 1200, 0, 0], [0, 0, 0, 0, 1200, 0], [0, 0, 0, 0, 0, 1200]]
test accuracy :  0.235
class_total [400.0, 400.0, 400.0, 400.0, 400.0, 400.0]
class_correct [30.0, 0.0, 318.0, 16.0, 106.0, 94.0]
confusion_matrix [[30, 247, 7, 61, 33, 22], [1, 0, 1, 2, 159, 237], [0, 71, 318, 0, 6, 5], [36, 0, 1, 16, 217, 130], [0, 3, 196, 0, 106, 95], [1, 10, 9, 23, 263, 94]]
traning started for  13 epoch
