cuda
Training started
traning started for  1 epoch
epoch 1 loss: 0.718089342117
validation accuracy :  0.723611111111
validation class_total [1200.0, 1200.0, 1200.0, 1200.0, 1200.0, 1200.0]
validation class_correct [437.0, 1118.0, 1177.0, 954.0, 590.0, 934.0]
validation confusion_matrix [[437, 3, 0, 566, 57, 137], [0, 1118, 51, 0, 8, 23], [0, 15, 1177, 0, 6, 2], [53, 0, 1, 954, 110, 82], [7, 24, 57, 33, 590, 489], [18, 23, 46, 45, 134, 934]]
test accuracy :  0.216666666667
class_total [400.0, 400.0, 400.0, 400.0, 400.0, 400.0]
class_correct [2.0, 0.0, 292.0, 89.0, 67.0, 70.0]
confusion_matrix [[2, 89, 121, 1, 66, 121], [5, 0, 3, 141, 41, 210], [0, 25, 292, 0, 29, 54], [25, 1, 4, 89, 13, 268], [0, 0, 57, 9, 67, 267], [0, 0, 17, 46, 267, 70]]
traning started for  2 epoch
epoch 2 loss: 0.506611824036
validation accuracy :  0.925416666667
validation class_total [1200.0, 1200.0, 1200.0, 1200.0, 1200.0, 1200.0]
validation class_correct [933.0, 1191.0, 1187.0, 1023.0, 1193.0, 1136.0]
validation confusion_matrix [[933, 0, 0, 4, 263, 0], [0, 1191, 1, 0, 8, 0], [0, 10, 1187, 0, 3, 0], [21, 0, 1, 1023, 70, 85], [0, 4, 3, 0, 1193, 0], [0, 6, 10, 0, 48, 1136]]
test accuracy :  0.185
class_total [400.0, 400.0, 400.0, 400.0, 400.0, 400.0]
class_correct [0.0, 0.0, 222.0, 0.0, 180.0, 42.0]
confusion_matrix [[0, 133, 90, 1, 153, 23], [1, 0, 6, 0, 254, 139], [0, 107, 222, 0, 57, 14], [2, 1, 1, 0, 352, 44], [0, 7, 33, 1, 180, 179], [0, 0, 49, 7, 302, 42]]
traning started for  3 epoch
epoch 3 loss: 0.0230317115784
validation accuracy :  0.993611111111
validation class_total [1200.0, 1200.0, 1200.0, 1200.0, 1200.0, 1200.0]
validation class_correct [1188.0, 1197.0, 1198.0, 1193.0, 1193.0, 1185.0]
validation confusion_matrix [[1188, 0, 0, 10, 2, 0], [0, 1197, 0, 0, 3, 0], [0, 1, 1198, 0, 1, 0], [2, 0, 1, 1193, 4, 0], [3, 0, 4, 0, 1193, 0], [4, 1, 3, 0, 7, 1185]]
test accuracy :  0.190833333333
class_total [400.0, 400.0, 400.0, 400.0, 400.0, 400.0]
class_correct [16.0, 0.0, 293.0, 5.0, 130.0, 14.0]
confusion_matrix [[16, 77, 166, 117, 17, 7], [10, 0, 7, 42, 233, 108], [0, 37, 293, 0, 48, 22], [24, 2, 1, 5, 321, 47], [8, 5, 41, 11, 130, 205], [0, 0, 57, 73, 256, 14]]
traning started for  4 epoch
epoch 4 loss: 0.00202035903931
validation accuracy :  0.993888888889
validation class_total [1200.0, 1200.0, 1200.0, 1200.0, 1200.0, 1200.0]
validation class_correct [1191.0, 1198.0, 1196.0, 1187.0, 1200.0, 1184.0]
validation confusion_matrix [[1191, 1, 0, 0, 8, 0], [0, 1198, 0, 0, 1, 1], [0, 1, 1196, 0, 1, 2], [12, 0, 0, 1187, 1, 0], [0, 0, 0, 0, 1200, 0], [2, 2, 2, 0, 10, 1184]]
test accuracy :  0.147083333333
class_total [400.0, 400.0, 400.0, 400.0, 400.0, 400.0]
class_correct [46.0, 0.0, 132.0, 3.0, 146.0, 26.0]
confusion_matrix [[46, 89, 119, 121, 22, 3], [18, 0, 5, 42, 140, 195], [0, 152, 132, 0, 33, 83], [46, 5, 0, 3, 275, 71], [5, 8, 38, 5, 146, 198], [0, 0, 42, 113, 219, 26]]
traning started for  5 epoch
epoch 5 loss: 0.00051212310791
validation accuracy :  0.950694444444
validation class_total [1200.0, 1200.0, 1200.0, 1200.0, 1200.0, 1200.0]
validation class_correct [879.0, 1200.0, 1195.0, 1198.0, 1181.0, 1192.0]
validation confusion_matrix [[879, 34, 0, 83, 200, 4], [0, 1200, 0, 0, 0, 0], [0, 5, 1195, 0, 0, 0], [0, 0, 0, 1198, 1, 1], [0, 3, 11, 1, 1181, 4], [0, 2, 4, 0, 2, 1192]]
test accuracy :  0.16125
class_total [400.0, 400.0, 400.0, 400.0, 400.0, 400.0]
class_correct [1.0, 0.0, 342.0, 10.0, 20.0, 14.0]
confusion_matrix [[1, 143, 215, 27, 10, 4], [0, 0, 7, 30, 115, 248], [0, 15, 342, 0, 1, 42], [4, 1, 7, 10, 251, 127], [0, 3, 161, 2, 20, 214], [0, 0, 70, 173, 143, 14]]
traning started for  6 epoch
epoch 6 loss: 0.00699758529663
validation accuracy :  0.999444444444
validation class_total [1200.0, 1200.0, 1200.0, 1200.0, 1200.0, 1200.0]
validation class_correct [1199.0, 1200.0, 1200.0, 1200.0, 1197.0, 1200.0]
validation confusion_matrix [[1199, 0, 0, 1, 0, 0], [0, 1200, 0, 0, 0, 0], [0, 0, 1200, 0, 0, 0], [0, 0, 0, 1200, 0, 0], [1, 0, 0, 1, 1197, 1], [0, 0, 0, 0, 0, 1200]]
test accuracy :  0.114166666667
class_total [400.0, 400.0, 400.0, 400.0, 400.0, 400.0]
class_correct [6.0, 0.0, 202.0, 10.0, 33.0, 23.0]
confusion_matrix [[6, 50, 140, 192, 3, 9], [16, 0, 0, 116, 55, 213], [0, 37, 202, 0, 22, 139], [47, 2, 0, 10, 222, 119], [5, 11, 31, 6, 33, 314], [0, 0, 33, 210, 134, 23]]
traning started for  7 epoch
epoch 7 loss: 0.004075050354
validation accuracy :  0.999861111111
validation class_total [1200.0, 1200.0, 1200.0, 1200.0, 1200.0, 1200.0]
validation class_correct [1200.0, 1200.0, 1200.0, 1200.0, 1199.0, 1200.0]
validation confusion_matrix [[1200, 0, 0, 0, 0, 0], [0, 1200, 0, 0, 0, 0], [0, 0, 1200, 0, 0, 0], [0, 0, 0, 1200, 0, 0], [1, 0, 0, 0, 1199, 0], [0, 0, 0, 0, 0, 1200]]
test accuracy :  0.17875
class_total [400.0, 400.0, 400.0, 400.0, 400.0, 400.0]
class_correct [18.0, 0.0, 304.0, 7.0, 65.0, 35.0]
confusion_matrix [[18, 102, 124, 146, 3, 7], [17, 0, 0, 67, 69, 247], [0, 31, 304, 0, 22, 43], [44, 0, 0, 7, 246, 103], [7, 9, 80, 3, 65, 236], [1, 0, 30, 140, 194, 35]]
traning started for  8 epoch
epoch 8 loss: 0.000924110412598
validation accuracy :  1.0
validation class_total [1200.0, 1200.0, 1200.0, 1200.0, 1200.0, 1200.0]
validation class_correct [1200.0, 1200.0, 1200.0, 1200.0, 1200.0, 1200.0]
validation confusion_matrix [[1200, 0, 0, 0, 0, 0], [0, 1200, 0, 0, 0, 0], [0, 0, 1200, 0, 0, 0], [0, 0, 0, 1200, 0, 0], [0, 0, 0, 0, 1200, 0], [0, 0, 0, 0, 0, 1200]]
test accuracy :  0.176666666667
class_total [400.0, 400.0, 400.0, 400.0, 400.0, 400.0]
class_correct [11.0, 0.0, 327.0, 4.0, 60.0, 22.0]
confusion_matrix [[11, 80, 157, 136, 9, 7], [6, 0, 2, 26, 106, 260], [0, 12, 327, 1, 12, 48], [17, 1, 0, 4, 271, 107], [4, 5, 85, 1, 60, 245], [0, 0, 39, 146, 193, 22]]
traning started for  9 epoch
epoch 9 loss: 0.000785827636719
validation accuracy :  1.0
validation class_total [1200.0, 1200.0, 1200.0, 1200.0, 1200.0, 1200.0]
validation class_correct [1200.0, 1200.0, 1200.0, 1200.0, 1200.0, 1200.0]
validation confusion_matrix [[1200, 0, 0, 0, 0, 0], [0, 1200, 0, 0, 0, 0], [0, 0, 1200, 0, 0, 0], [0, 0, 0, 1200, 0, 0], [0, 0, 0, 0, 1200, 0], [0, 0, 0, 0, 0, 1200]]
test accuracy :  0.1525
class_total [400.0, 400.0, 400.0, 400.0, 400.0, 400.0]
class_correct [10.0, 0.0, 294.0, 5.0, 40.0, 17.0]
confusion_matrix [[10, 68, 155, 156, 6, 5], [6, 0, 0, 48, 91, 255], [0, 30, 294, 0, 9, 67], [13, 2, 2, 5, 230, 148], [3, 3, 83, 2, 40, 269], [0, 0, 38, 189, 156, 17]]
traning started for  10 epoch
epoch 10 loss: 0.00246524810791
validation accuracy :  1.0
validation class_total [1200.0, 1200.0, 1200.0, 1200.0, 1200.0, 1200.0]
validation class_correct [1200.0, 1200.0, 1200.0, 1200.0, 1200.0, 1200.0]
validation confusion_matrix [[1200, 0, 0, 0, 0, 0], [0, 1200, 0, 0, 0, 0], [0, 0, 1200, 0, 0, 0], [0, 0, 0, 1200, 0, 0], [0, 0, 0, 0, 1200, 0], [0, 0, 0, 0, 0, 1200]]
test accuracy :  0.164583333333
class_total [400.0, 400.0, 400.0, 400.0, 400.0, 400.0]
class_correct [11.0, 0.0, 303.0, 2.0, 60.0, 19.0]
confusion_matrix [[11, 63, 155, 159, 9, 3], [7, 0, 2, 43, 103, 245], [0, 29, 303, 0, 13, 55], [19, 0, 0, 2, 243, 136], [4, 4, 75, 2, 60, 255], [0, 0, 46, 146, 189, 19]]
traning started for  11 epoch
epoch 11 loss: 0.00244331359863
validation accuracy :  1.0
validation class_total [1200.0, 1200.0, 1200.0, 1200.0, 1200.0, 1200.0]
validation class_correct [1200.0, 1200.0, 1200.0, 1200.0, 1200.0, 1200.0]
validation confusion_matrix [[1200, 0, 0, 0, 0, 0], [0, 1200, 0, 0, 0, 0], [0, 0, 1200, 0, 0, 0], [0, 0, 0, 1200, 0, 0], [0, 0, 0, 0, 1200, 0], [0, 0, 0, 0, 0, 1200]]
test accuracy :  0.17125
class_total [400.0, 400.0, 400.0, 400.0, 400.0, 400.0]
class_correct [10.0, 0.0, 323.0, 4.0, 63.0, 11.0]
confusion_matrix [[10, 67, 162, 154, 6, 1], [5, 0, 2, 45, 99, 249], [0, 22, 323, 0, 10, 45], [10, 1, 0, 4, 250, 135], [3, 5, 83, 2, 63, 244], [0, 0, 50, 165, 174, 11]]
traning started for  12 epoch
epoch 12 loss: 0.0219779014587
validation accuracy :  1.0
validation class_total [1200.0, 1200.0, 1200.0, 1200.0, 1200.0, 1200.0]
validation class_correct [1200.0, 1200.0, 1200.0, 1200.0, 1200.0, 1200.0]
validation confusion_matrix [[1200, 0, 0, 0, 0, 0], [0, 1200, 0, 0, 0, 0], [0, 0, 1200, 0, 0, 0], [0, 0, 0, 1200, 0, 0], [0, 0, 0, 0, 1200, 0], [0, 0, 0, 0, 0, 1200]]
test accuracy :  0.154166666667
class_total [400.0, 400.0, 400.0, 400.0, 400.0, 400.0]
class_correct [13.0, 0.0, 294.0, 6.0, 43.0, 14.0]
confusion_matrix [[13, 52, 131, 197, 3, 4], [13, 0, 1, 72, 70, 244], [0, 22, 294, 0, 13, 71], [26, 1, 0, 6, 219, 148], [5, 3, 76, 1, 43, 272], [0, 0, 41, 168, 177, 14]]
traning started for  13 epoch
epoch 13 loss: 0.00246524810791
validation accuracy :  1.0
validation class_total [1200.0, 1200.0, 1200.0, 1200.0, 1200.0, 1200.0]
validation class_correct [1200.0, 1200.0, 1200.0, 1200.0, 1200.0, 1200.0]
validation confusion_matrix [[1200, 0, 0, 0, 0, 0], [0, 1200, 0, 0, 0, 0], [0, 0, 1200, 0, 0, 0], [0, 0, 0, 1200, 0, 0], [0, 0, 0, 0, 1200, 0], [0, 0, 0, 0, 0, 1200]]
test accuracy :  0.159166666667
class_total [400.0, 400.0, 400.0, 400.0, 400.0, 400.0]
class_correct [9.0, 0.0, 300.0, 4.0, 47.0, 22.0]
confusion_matrix [[9, 52, 153, 177, 4, 5], [7, 0, 2, 67, 78, 246], [0, 19, 300, 0, 9, 72], [18, 1, 0, 4, 217, 160], [2, 3, 87, 2, 47, 259], [0, 0, 41, 157, 180, 22]]
traning started for  14 epoch
epoch 14 loss: 0.000888824462891
validation accuracy :  1.0
validation class_total [1200.0, 1200.0, 1200.0, 1200.0, 1200.0, 1200.0]
validation class_correct [1200.0, 1200.0, 1200.0, 1200.0, 1200.0, 1200.0]
validation confusion_matrix [[1200, 0, 0, 0, 0, 0], [0, 1200, 0, 0, 0, 0], [0, 0, 1200, 0, 0, 0], [0, 0, 0, 1200, 0, 0], [0, 0, 0, 0, 1200, 0], [0, 0, 0, 0, 0, 1200]]
test accuracy :  0.167083333333
class_total [400.0, 400.0, 400.0, 400.0, 400.0, 400.0]
class_correct [9.0, 0.0, 329.0, 6.0, 34.0, 23.0]
confusion_matrix [[9, 53, 150, 181, 2, 5], [6, 0, 9, 74, 62, 249], [0, 14, 329, 0, 4, 53], [19, 1, 1, 6, 207, 166], [2, 5, 128, 2, 34, 229], [0, 0, 64, 170, 143, 23]]
traning started for  15 epoch
epoch 15 loss: 0.000953674316406
validation accuracy :  1.0
validation class_total [1200.0, 1200.0, 1200.0, 1200.0, 1200.0, 1200.0]
validation class_correct [1200.0, 1200.0, 1200.0, 1200.0, 1200.0, 1200.0]
validation confusion_matrix [[1200, 0, 0, 0, 0, 0], [0, 1200, 0, 0, 0, 0], [0, 0, 1200, 0, 0, 0], [0, 0, 0, 1200, 0, 0], [0, 0, 0, 0, 1200, 0], [0, 0, 0, 0, 0, 1200]]
test accuracy :  0.170416666667
class_total [400.0, 400.0, 400.0, 400.0, 400.0, 400.0]
class_correct [8.0, 0.0, 326.0, 5.0, 53.0, 17.0]
confusion_matrix [[8, 41, 138, 202, 3, 8], [6, 0, 5, 91, 88, 210], [0, 16, 326, 0, 9, 49], [22, 1, 0, 5, 228, 144], [3, 7, 140, 2, 53, 195], [0, 0, 62, 158, 163, 17]]
traning started for  16 epoch
epoch 16 loss: 0.00203037261963
validation accuracy :  1.0
validation class_total [1200.0, 1200.0, 1200.0, 1200.0, 1200.0, 1200.0]
validation class_correct [1200.0, 1200.0, 1200.0, 1200.0, 1200.0, 1200.0]
validation confusion_matrix [[1200, 0, 0, 0, 0, 0], [0, 1200, 0, 0, 0, 0], [0, 0, 1200, 0, 0, 0], [0, 0, 0, 1200, 0, 0], [0, 0, 0, 0, 1200, 0], [0, 0, 0, 0, 0, 1200]]
test accuracy :  0.170833333333
class_total [400.0, 400.0, 400.0, 400.0, 400.0, 400.0]
class_correct [6.0, 0.0, 332.0, 6.0, 57.0, 9.0]
confusion_matrix [[6, 39, 137, 211, 3, 4], [8, 0, 4, 76, 90, 222], [0, 12, 332, 0, 11, 45], [12, 1, 0, 6, 238, 143], [4, 2, 117, 0, 57, 220], [0, 0, 64, 156, 171, 9]]
traning started for  17 epoch
epoch 17 loss: 0.004478931427
validation accuracy :  1.0
validation class_total [1200.0, 1200.0, 1200.0, 1200.0, 1200.0, 1200.0]
validation class_correct [1200.0, 1200.0, 1200.0, 1200.0, 1200.0, 1200.0]
validation confusion_matrix [[1200, 0, 0, 0, 0, 0], [0, 1200, 0, 0, 0, 0], [0, 0, 1200, 0, 0, 0], [0, 0, 0, 1200, 0, 0], [0, 0, 0, 0, 1200, 0], [0, 0, 0, 0, 0, 1200]]
test accuracy :  0.161666666667
class_total [400.0, 400.0, 400.0, 400.0, 400.0, 400.0]
class_correct [9.0, 0.0, 305.0, 3.0, 56.0, 15.0]
confusion_matrix [[9, 50, 124, 202, 5, 10], [10, 0, 6, 60, 98, 226], [0, 19, 305, 0, 12, 64], [12, 1, 0, 3, 228, 156], [2, 5, 102, 0, 56, 235], [0, 0, 66, 158, 161, 15]]
traning started for  18 epoch
epoch 18 loss: 0.00178098678589
validation accuracy :  1.0
validation class_total [1200.0, 1200.0, 1200.0, 1200.0, 1200.0, 1200.0]
validation class_correct [1200.0, 1200.0, 1200.0, 1200.0, 1200.0, 1200.0]
validation confusion_matrix [[1200, 0, 0, 0, 0, 0], [0, 1200, 0, 0, 0, 0], [0, 0, 1200, 0, 0, 0], [0, 0, 0, 1200, 0, 0], [0, 0, 0, 0, 1200, 0], [0, 0, 0, 0, 0, 1200]]
test accuracy :  0.159583333333
class_total [400.0, 400.0, 400.0, 400.0, 400.0, 400.0]
class_correct [6.0, 0.0, 318.0, 6.0, 35.0, 18.0]
confusion_matrix [[6, 33, 145, 205, 3, 8], [9, 0, 8, 75, 68, 240], [0, 23, 318, 0, 6, 53], [18, 3, 0, 6, 196, 177], [2, 6, 121, 0, 35, 236], [1, 0, 70, 152, 159, 18]]
traning started for  19 epoch
epoch 19 loss: 0.000670433044434
validation accuracy :  1.0
validation class_total [1200.0, 1200.0, 1200.0, 1200.0, 1200.0, 1200.0]
validation class_correct [1200.0, 1200.0, 1200.0, 1200.0, 1200.0, 1200.0]
validation confusion_matrix [[1200, 0, 0, 0, 0, 0], [0, 1200, 0, 0, 0, 0], [0, 0, 1200, 0, 0, 0], [0, 0, 0, 1200, 0, 0], [0, 0, 0, 0, 1200, 0], [0, 0, 0, 0, 0, 1200]]
test accuracy :  0.160833333333
class_total [400.0, 400.0, 400.0, 400.0, 400.0, 400.0]
class_correct [9.0, 0.0, 316.0, 4.0, 42.0, 15.0]
confusion_matrix [[9, 32, 104, 241, 6, 8], [6, 0, 6, 62, 87, 239], [0, 14, 316, 0, 12, 58], [10, 0, 0, 4, 229, 157], [1, 1, 130, 0, 42, 226], [1, 0, 62, 157, 165, 15]]
traning started for  20 epoch
epoch 20 loss: 0.00138807296753
validation accuracy :  1.0
validation class_total [1200.0, 1200.0, 1200.0, 1200.0, 1200.0, 1200.0]
validation class_correct [1200.0, 1200.0, 1200.0, 1200.0, 1200.0, 1200.0]
validation confusion_matrix [[1200, 0, 0, 0, 0, 0], [0, 1200, 0, 0, 0, 0], [0, 0, 1200, 0, 0, 0], [0, 0, 0, 1200, 0, 0], [0, 0, 0, 0, 1200, 0], [0, 0, 0, 0, 0, 1200]]
test accuracy :  0.13375
class_total [400.0, 400.0, 400.0, 400.0, 400.0, 400.0]
class_correct [8.0, 0.0, 266.0, 7.0, 15.0, 25.0]
confusion_matrix [[8, 30, 131, 220, 4, 7], [2, 0, 11, 65, 58, 264], [0, 18, 266, 0, 9, 107], [9, 2, 0, 7, 180, 202], [3, 5, 87, 1, 15, 289], [1, 0, 78, 148, 148, 25]]
traning started for  21 epoch
epoch 21 loss: 0.000553131103516
validation accuracy :  1.0
validation class_total [1200.0, 1200.0, 1200.0, 1200.0, 1200.0, 1200.0]
validation class_correct [1200.0, 1200.0, 1200.0, 1200.0, 1200.0, 1200.0]
validation confusion_matrix [[1200, 0, 0, 0, 0, 0], [0, 1200, 0, 0, 0, 0], [0, 0, 1200, 0, 0, 0], [0, 0, 0, 1200, 0, 0], [0, 0, 0, 0, 1200, 0], [0, 0, 0, 0, 0, 1200]]
test accuracy :  0.161666666667
class_total [400.0, 400.0, 400.0, 400.0, 400.0, 400.0]
class_correct [7.0, 0.0, 323.0, 11.0, 35.0, 12.0]
confusion_matrix [[7, 32, 104, 253, 0, 4], [10, 0, 16, 131, 60, 183], [0, 13, 323, 0, 8, 56], [25, 3, 1, 11, 190, 170], [6, 7, 131, 7, 35, 214], [0, 0, 102, 175, 111, 12]]
traning started for  22 epoch
epoch 22 loss: 0.00153970718384
validation accuracy :  1.0
validation class_total [1200.0, 1200.0, 1200.0, 1200.0, 1200.0, 1200.0]
validation class_correct [1200.0, 1200.0, 1200.0, 1200.0, 1200.0, 1200.0]
validation confusion_matrix [[1200, 0, 0, 0, 0, 0], [0, 1200, 0, 0, 0, 0], [0, 0, 1200, 0, 0, 0], [0, 0, 0, 1200, 0, 0], [0, 0, 0, 0, 1200, 0], [0, 0, 0, 0, 0, 1200]]
test accuracy :  0.13625
class_total [400.0, 400.0, 400.0, 400.0, 400.0, 400.0]
class_correct [6.0, 0.0, 271.0, 3.0, 31.0, 16.0]
confusion_matrix [[6, 45, 146, 191, 2, 10], [6, 0, 16, 52, 73, 253], [0, 47, 271, 0, 13, 69], [12, 7, 1, 3, 202, 175], [3, 6, 116, 0, 31, 244], [0, 0, 110, 142, 132, 16]]
traning started for  23 epoch
epoch 23 loss: 0.00381183624268
validation accuracy :  1.0
validation class_total [1200.0, 1200.0, 1200.0, 1200.0, 1200.0, 1200.0]
validation class_correct [1200.0, 1200.0, 1200.0, 1200.0, 1200.0, 1200.0]
validation confusion_matrix [[1200, 0, 0, 0, 0, 0], [0, 1200, 0, 0, 0, 0], [0, 0, 1200, 0, 0, 0], [0, 0, 0, 1200, 0, 0], [0, 0, 0, 0, 1200, 0], [0, 0, 0, 0, 0, 1200]]
test accuracy :  0.14875
class_total [400.0, 400.0, 400.0, 400.0, 400.0, 400.0]
class_correct [6.0, 0.0, 303.0, 9.0, 30.0, 9.0]
confusion_matrix [[6, 35, 96, 255, 3, 5], [8, 0, 10, 97, 69, 216], [0, 14, 303, 0, 11, 72], [23, 1, 0, 9, 200, 167], [5, 3, 135, 11, 30, 216], [0, 0, 96, 154, 141, 9]]
traning started for  24 epoch
epoch 24 loss: 0.00210666656494
validation accuracy :  1.0
validation class_total [1200.0, 1200.0, 1200.0, 1200.0, 1200.0, 1200.0]
validation class_correct [1200.0, 1200.0, 1200.0, 1200.0, 1200.0, 1200.0]
validation confusion_matrix [[1200, 0, 0, 0, 0, 0], [0, 1200, 0, 0, 0, 0], [0, 0, 1200, 0, 0, 0], [0, 0, 0, 1200, 0, 0], [0, 0, 0, 0, 1200, 0], [0, 0, 0, 0, 0, 1200]]
test accuracy :  0.155833333333
class_total [400.0, 400.0, 400.0, 400.0, 400.0, 400.0]
class_correct [10.0, 0.0, 310.0, 4.0, 35.0, 15.0]
confusion_matrix [[10, 32, 79, 273, 3, 3], [5, 0, 14, 73, 135, 173], [0, 15, 310, 0, 29, 46], [10, 1, 1, 4, 270, 114], [5, 5, 139, 5, 35, 211], [1, 0, 94, 129, 161, 15]]
traning started for  25 epoch
epoch 25 loss: 0.00382518768311
validation accuracy :  1.0
validation class_total [1200.0, 1200.0, 1200.0, 1200.0, 1200.0, 1200.0]
validation class_correct [1200.0, 1200.0, 1200.0, 1200.0, 1200.0, 1200.0]
validation confusion_matrix [[1200, 0, 0, 0, 0, 0], [0, 1200, 0, 0, 0, 0], [0, 0, 1200, 0, 0, 0], [0, 0, 0, 1200, 0, 0], [0, 0, 0, 0, 1200, 0], [0, 0, 0, 0, 0, 1200]]
test accuracy :  0.167083333333
class_total [400.0, 400.0, 400.0, 400.0, 400.0, 400.0]
class_correct [4.0, 0.0, 332.0, 4.0, 44.0, 17.0]
confusion_matrix [[4, 50, 168, 171, 2, 5], [0, 0, 31, 37, 137, 195], [0, 17, 332, 0, 17, 34], [3, 1, 0, 4, 248, 144], [0, 3, 219, 0, 44, 134], [0, 0, 132, 91, 160, 17]]
traning started for  26 epoch
epoch 26 loss: 0.00123167037964
validation accuracy :  1.0
validation class_total [1200.0, 1200.0, 1200.0, 1200.0, 1200.0, 1200.0]
validation class_correct [1200.0, 1200.0, 1200.0, 1200.0, 1200.0, 1200.0]
validation confusion_matrix [[1200, 0, 0, 0, 0, 0], [0, 1200, 0, 0, 0, 0], [0, 0, 1200, 0, 0, 0], [0, 0, 0, 1200, 0, 0], [0, 0, 0, 0, 1200, 0], [0, 0, 0, 0, 0, 1200]]
test accuracy :  0.115
class_total [400.0, 400.0, 400.0, 400.0, 400.0, 400.0]
class_correct [10.0, 0.0, 202.0, 10.0, 17.0, 37.0]
confusion_matrix [[10, 29, 75, 273, 3, 10], [1, 0, 17, 56, 77, 249], [0, 20, 202, 0, 29, 149], [7, 3, 2, 10, 225, 153], [3, 2, 88, 2, 17, 288], [0, 0, 66, 154, 143, 37]]
traning started for  27 epoch
epoch 27 loss: 0.00083065032959
validation accuracy :  1.0
validation class_total [1200.0, 1200.0, 1200.0, 1200.0, 1200.0, 1200.0]
validation class_correct [1200.0, 1200.0, 1200.0, 1200.0, 1200.0, 1200.0]
validation confusion_matrix [[1200, 0, 0, 0, 0, 0], [0, 1200, 0, 0, 0, 0], [0, 0, 1200, 0, 0, 0], [0, 0, 0, 1200, 0, 0], [0, 0, 0, 0, 1200, 0], [0, 0, 0, 0, 0, 1200]]
test accuracy :  0.14625
class_total [400.0, 400.0, 400.0, 400.0, 400.0, 400.0]
class_correct [13.0, 0.0, 283.0, 4.0, 31.0, 20.0]
confusion_matrix [[13, 26, 68, 284, 3, 6], [10, 0, 14, 68, 118, 190], [0, 37, 283, 0, 23, 57], [19, 6, 0, 4, 244, 127], [6, 9, 124, 6, 31, 224], [0, 0, 106, 126, 148, 20]]
traning started for  28 epoch
epoch 28 loss: 0.00162029266357
validation accuracy :  0.908888888889
validation class_total [1200.0, 1200.0, 1200.0, 1200.0, 1200.0, 1200.0]
validation class_correct [1193.0, 1044.0, 930.0, 1133.0, 1064.0, 1180.0]
validation confusion_matrix [[1193, 1, 0, 3, 3, 0], [71, 1044, 2, 1, 12, 70], [0, 4, 930, 9, 9, 248], [59, 0, 0, 1133, 0, 8], [85, 0, 0, 3, 1064, 48], [18, 0, 0, 1, 1, 1180]]
test accuracy :  0.178333333333
class_total [400.0, 400.0, 400.0, 400.0, 400.0, 400.0]
class_correct [198.0, 0.0, 0.0, 9.0, 53.0, 168.0]
confusion_matrix [[198, 30, 3, 112, 7, 50], [141, 0, 0, 23, 52, 184], [1, 2, 0, 1, 18, 378], [248, 0, 0, 9, 38, 105], [17, 0, 0, 2, 53, 328], [3, 0, 0, 167, 62, 168]]
traning started for  29 epoch
epoch 29 loss: 0.00282335281372
validation accuracy :  0.99
validation class_total [1200.0, 1200.0, 1200.0, 1200.0, 1200.0, 1200.0]
validation class_correct [1177.0, 1188.0, 1200.0, 1198.0, 1172.0, 1193.0]
validation confusion_matrix [[1177, 3, 0, 10, 10, 0], [1, 1188, 8, 0, 2, 1], [0, 0, 1200, 0, 0, 0], [0, 0, 0, 1198, 2, 0], [1, 1, 12, 1, 1172, 13], [0, 0, 4, 2, 1, 1193]]
test accuracy :  0.204166666667
class_total [400.0, 400.0, 400.0, 400.0, 400.0, 400.0]
class_correct [1.0, 0.0, 292.0, 44.0, 140.0, 13.0]
confusion_matrix [[1, 31, 225, 142, 0, 1], [1, 0, 87, 97, 111, 104], [0, 20, 292, 0, 28, 60], [14, 0, 8, 44, 215, 119], [0, 3, 141, 4, 140, 112], [0, 0, 111, 96, 180, 13]]
traning started for  30 epoch
epoch 30 loss: 0.000850677490234
validation accuracy :  0.998472222222
validation class_total [1200.0, 1200.0, 1200.0, 1200.0, 1200.0, 1200.0]
validation class_correct [1199.0, 1199.0, 1197.0, 1200.0, 1197.0, 1197.0]
validation confusion_matrix [[1199, 0, 0, 1, 0, 0], [1, 1199, 0, 0, 0, 0], [0, 2, 1197, 0, 0, 1], [0, 0, 0, 1200, 0, 0], [1, 0, 0, 0, 1197, 2], [0, 0, 0, 2, 1, 1197]]
test accuracy :  0.131666666667
class_total [400.0, 400.0, 400.0, 400.0, 400.0, 400.0]
class_correct [6.0, 0.0, 163.0, 36.0, 93.0, 18.0]
confusion_matrix [[6, 66, 56, 261, 1, 10], [4, 0, 2, 125, 109, 160], [0, 57, 163, 1, 38, 141], [16, 1, 0, 36, 240, 107], [0, 5, 82, 52, 93, 168], [0, 0, 37, 212, 133, 18]]
traning started for  31 epoch
epoch 31 loss: 0.00565385818481
validation accuracy :  0.970555555556
validation class_total [1200.0, 1200.0, 1200.0, 1200.0, 1200.0, 1200.0]
validation class_correct [1153.0, 1061.0, 1193.0, 1197.0, 1200.0, 1184.0]
validation confusion_matrix [[1153, 0, 0, 0, 47, 0], [4, 1061, 1, 0, 133, 1], [0, 0, 1193, 1, 5, 1], [0, 0, 0, 1197, 3, 0], [0, 0, 0, 0, 1200, 0], [2, 0, 0, 2, 12, 1184]]
test accuracy :  0.185
class_total [400.0, 400.0, 400.0, 400.0, 400.0, 400.0]
class_correct [82.0, 0.0, 204.0, 4.0, 152.0, 2.0]
confusion_matrix [[82, 32, 26, 227, 29, 4], [1, 0, 3, 42, 197, 157], [0, 7, 204, 2, 40, 147], [13, 0, 0, 4, 292, 91], [0, 4, 80, 1, 152, 163], [1, 0, 10, 103, 284, 2]]
traning started for  32 epoch
epoch 32 loss: 0.000362396240234
validation accuracy :  0.998888888889
validation class_total [1200.0, 1200.0, 1200.0, 1200.0, 1200.0, 1200.0]
validation class_correct [1196.0, 1200.0, 1199.0, 1199.0, 1198.0, 1200.0]
validation confusion_matrix [[1196, 1, 0, 2, 1, 0], [0, 1200, 0, 0, 0, 0], [0, 0, 1199, 0, 1, 0], [0, 0, 0, 1199, 1, 0], [0, 0, 1, 0, 1198, 1], [0, 0, 0, 0, 0, 1200]]
test accuracy :  0.215833333333
class_total [400.0, 400.0, 400.0, 400.0, 400.0, 400.0]
class_correct [1.0, 0.0, 282.0, 27.0, 168.0, 40.0]
confusion_matrix [[1, 140, 112, 143, 1, 3], [0, 0, 6, 54, 151, 189], [0, 52, 282, 0, 33, 33], [1, 1, 4, 27, 241, 126], [0, 5, 146, 0, 168, 81], [0, 0, 47, 193, 120, 40]]
traning started for  33 epoch
epoch 33 loss: 0.00322961807251
validation accuracy :  0.999444444444
validation class_total [1200.0, 1200.0, 1200.0, 1200.0, 1200.0, 1200.0]
validation class_correct [1200.0, 1200.0, 1199.0, 1199.0, 1198.0, 1200.0]
validation confusion_matrix [[1200, 0, 0, 0, 0, 0], [0, 1200, 0, 0, 0, 0], [0, 1, 1199, 0, 0, 0], [1, 0, 0, 1199, 0, 0], [1, 0, 0, 1, 1198, 0], [0, 0, 0, 0, 0, 1200]]
test accuracy :  0.22375
class_total [400.0, 400.0, 400.0, 400.0, 400.0, 400.0]
class_correct [82.0, 1.0, 253.0, 49.0, 133.0, 19.0]
confusion_matrix [[82, 140, 6, 166, 0, 6], [11, 1, 2, 169, 83, 134], [0, 59, 253, 0, 15, 73], [21, 1, 4, 49, 207, 118], [1, 4, 127, 22, 133, 113], [0, 0, 68, 170, 143, 19]]
traning started for  34 epoch
epoch 34 loss: 0.000141143798828
validation accuracy :  1.0
validation class_total [1200.0, 1200.0, 1200.0, 1200.0, 1200.0, 1200.0]
validation class_correct [1200.0, 1200.0, 1200.0, 1200.0, 1200.0, 1200.0]
validation confusion_matrix [[1200, 0, 0, 0, 0, 0], [0, 1200, 0, 0, 0, 0], [0, 0, 1200, 0, 0, 0], [0, 0, 0, 1200, 0, 0], [0, 0, 0, 0, 1200, 0], [0, 0, 0, 0, 0, 1200]]
test accuracy :  0.180833333333
class_total [400.0, 400.0, 400.0, 400.0, 400.0, 400.0]
class_correct [38.0, 0.0, 258.0, 22.0, 85.0, 31.0]
confusion_matrix [[38, 48, 23, 288, 0, 3], [1, 0, 5, 89, 87, 218], [0, 14, 258, 0, 18, 110], [17, 1, 0, 22, 209, 151], [0, 1, 81, 8, 85, 225], [0, 0, 36, 172, 161, 31]]
traning started for  35 epoch
epoch 35 loss: 0.00200843811035
validation accuracy :  1.0
validation class_total [1200.0, 1200.0, 1200.0, 1200.0, 1200.0, 1200.0]
validation class_correct [1200.0, 1200.0, 1200.0, 1200.0, 1200.0, 1200.0]
validation confusion_matrix [[1200, 0, 0, 0, 0, 0], [0, 1200, 0, 0, 0, 0], [0, 0, 1200, 0, 0, 0], [0, 0, 0, 1200, 0, 0], [0, 0, 0, 0, 1200, 0], [0, 0, 0, 0, 0, 1200]]
test accuracy :  0.178333333333
class_total [400.0, 400.0, 400.0, 400.0, 400.0, 400.0]
class_correct [24.0, 0.0, 310.0, 22.0, 53.0, 19.0]
confusion_matrix [[24, 56, 49, 270, 0, 1], [2, 0, 16, 83, 64, 235], [0, 13, 310, 1, 7, 69], [14, 1, 2, 22, 205, 156], [0, 7, 137, 5, 53, 198], [1, 0, 73, 154, 153, 19]]
traning started for  36 epoch
epoch 36 loss: 0.000722885131836
validation accuracy :  1.0
validation class_total [1200.0, 1200.0, 1200.0, 1200.0, 1200.0, 1200.0]
validation class_correct [1200.0, 1200.0, 1200.0, 1200.0, 1200.0, 1200.0]
validation confusion_matrix [[1200, 0, 0, 0, 0, 0], [0, 1200, 0, 0, 0, 0], [0, 0, 1200, 0, 0, 0], [0, 0, 0, 1200, 0, 0], [0, 0, 0, 0, 1200, 0], [0, 0, 0, 0, 0, 1200]]
test accuracy :  0.179166666667
class_total [400.0, 400.0, 400.0, 400.0, 400.0, 400.0]
class_correct [45.0, 0.0, 257.0, 11.0, 94.0, 23.0]
confusion_matrix [[45, 60, 32, 261, 1, 1], [0, 0, 12, 47, 126, 215], [0, 13, 257, 0, 25, 105], [7, 1, 0, 11, 239, 142], [0, 4, 104, 2, 94, 196], [0, 0, 53, 148, 176, 23]]
traning started for  37 epoch
epoch 37 loss: 0.00146532058716
validation accuracy :  1.0
validation class_total [1200.0, 1200.0, 1200.0, 1200.0, 1200.0, 1200.0]
validation class_correct [1200.0, 1200.0, 1200.0, 1200.0, 1200.0, 1200.0]
validation confusion_matrix [[1200, 0, 0, 0, 0, 0], [0, 1200, 0, 0, 0, 0], [0, 0, 1200, 0, 0, 0], [0, 0, 0, 1200, 0, 0], [0, 0, 0, 0, 1200, 0], [0, 0, 0, 0, 0, 1200]]
test accuracy :  0.18
class_total [400.0, 400.0, 400.0, 400.0, 400.0, 400.0]
class_correct [52.0, 0.0, 255.0, 9.0, 102.0, 14.0]
confusion_matrix [[52, 52, 18, 276, 0, 2], [1, 0, 11, 53, 125, 210], [0, 21, 255, 0, 23, 101], [11, 0, 1, 9, 223, 156], [0, 4, 105, 2, 102, 187], [1, 0, 50, 154, 181, 14]]
traning started for  38 epoch
epoch 38 loss: 0.00035572052002
validation accuracy :  1.0
validation class_total [1200.0, 1200.0, 1200.0, 1200.0, 1200.0, 1200.0]
validation class_correct [1200.0, 1200.0, 1200.0, 1200.0, 1200.0, 1200.0]
validation confusion_matrix [[1200, 0, 0, 0, 0, 0], [0, 1200, 0, 0, 0, 0], [0, 0, 1200, 0, 0, 0], [0, 0, 0, 1200, 0, 0], [0, 0, 0, 0, 1200, 0], [0, 0, 0, 0, 0, 1200]]
test accuracy :  0.168333333333
class_total [400.0, 400.0, 400.0, 400.0, 400.0, 400.0]
class_correct [35.0, 0.0, 272.0, 12.0, 72.0, 13.0]
confusion_matrix [[35, 57, 26, 281, 0, 1], [1, 0, 18, 64, 108, 209], [0, 13, 272, 0, 14, 101], [8, 1, 0, 12, 207, 172], [0, 5, 123, 1, 72, 199], [1, 0, 85, 143, 158, 13]]
traning started for  39 epoch
epoch 39 loss: 0.00159740447998
validation accuracy :  1.0
validation class_total [1200.0, 1200.0, 1200.0, 1200.0, 1200.0, 1200.0]
validation class_correct [1200.0, 1200.0, 1200.0, 1200.0, 1200.0, 1200.0]
validation confusion_matrix [[1200, 0, 0, 0, 0, 0], [0, 1200, 0, 0, 0, 0], [0, 0, 1200, 0, 0, 0], [0, 0, 0, 1200, 0, 0], [0, 0, 0, 0, 1200, 0], [0, 0, 0, 0, 0, 1200]]
test accuracy :  0.162916666667
class_total [400.0, 400.0, 400.0, 400.0, 400.0, 400.0]
class_correct [31.0, 0.0, 271.0, 12.0, 60.0, 17.0]
confusion_matrix [[31, 47, 28, 293, 0, 1], [0, 0, 15, 61, 100, 224], [0, 19, 271, 0, 14, 96], [8, 2, 1, 12, 201, 176], [0, 7, 133, 2, 60, 198], [2, 0, 68, 159, 154, 17]]
traning started for  40 epoch
epoch 40 loss: 0.00242042541504
validation accuracy :  1.0
validation class_total [1200.0, 1200.0, 1200.0, 1200.0, 1200.0, 1200.0]
validation class_correct [1200.0, 1200.0, 1200.0, 1200.0, 1200.0, 1200.0]
validation confusion_matrix [[1200, 0, 0, 0, 0, 0], [0, 1200, 0, 0, 0, 0], [0, 0, 1200, 0, 0, 0], [0, 0, 0, 1200, 0, 0], [0, 0, 0, 0, 1200, 0], [0, 0, 0, 0, 0, 1200]]
test accuracy :  0.167916666667
class_total [400.0, 400.0, 400.0, 400.0, 400.0, 400.0]
class_correct [32.0, 0.0, 266.0, 7.0, 90.0, 8.0]
confusion_matrix [[32, 37, 19, 309, 1, 2], [4, 0, 16, 47, 115, 218], [0, 18, 266, 0, 27, 89], [8, 2, 0, 7, 210, 173], [0, 7, 119, 2, 90, 182], [3, 0, 59, 153, 177, 8]]
traning started for  41 epoch
epoch 41 loss: 0.000652313232422
validation accuracy :  1.0
validation class_total [1200.0, 1200.0, 1200.0, 1200.0, 1200.0, 1200.0]
validation class_correct [1200.0, 1200.0, 1200.0, 1200.0, 1200.0, 1200.0]
validation confusion_matrix [[1200, 0, 0, 0, 0, 0], [0, 1200, 0, 0, 0, 0], [0, 0, 1200, 0, 0, 0], [0, 0, 0, 1200, 0, 0], [0, 0, 0, 0, 1200, 0], [0, 0, 0, 0, 0, 1200]]
test accuracy :  0.16625
class_total [400.0, 400.0, 400.0, 400.0, 400.0, 400.0]
class_correct [21.0, 0.0, 261.0, 16.0, 81.0, 20.0]
confusion_matrix [[21, 36, 31, 311, 0, 1], [1, 0, 16, 51, 91, 241], [0, 11, 261, 0, 20, 108], [4, 1, 0, 16, 185, 194], [0, 7, 122, 2, 81, 188], [0, 0, 56, 151, 173, 20]]
traning started for  42 epoch
epoch 42 loss: 0.00285387039185
validation accuracy :  1.0
validation class_total [1200.0, 1200.0, 1200.0, 1200.0, 1200.0, 1200.0]
validation class_correct [1200.0, 1200.0, 1200.0, 1200.0, 1200.0, 1200.0]
validation confusion_matrix [[1200, 0, 0, 0, 0, 0], [0, 1200, 0, 0, 0, 0], [0, 0, 1200, 0, 0, 0], [0, 0, 0, 1200, 0, 0], [0, 0, 0, 0, 1200, 0], [0, 0, 0, 0, 0, 1200]]
test accuracy :  0.154166666667
class_total [400.0, 400.0, 400.0, 400.0, 400.0, 400.0]
class_correct [24.0, 0.0, 228.0, 10.0, 92.0, 16.0]
confusion_matrix [[24, 36, 18, 320, 0, 2], [3, 0, 12, 55, 123, 207], [0, 19, 228, 1, 32, 120], [6, 1, 0, 10, 208, 175], [0, 8, 115, 2, 92, 183], [0, 0, 59, 145, 180, 16]]
traning started for  43 epoch
epoch 43 loss: 0.00341892242432
validation accuracy :  1.0
validation class_total [1200.0, 1200.0, 1200.0, 1200.0, 1200.0, 1200.0]
validation class_correct [1200.0, 1200.0, 1200.0, 1200.0, 1200.0, 1200.0]
validation confusion_matrix [[1200, 0, 0, 0, 0, 0], [0, 1200, 0, 0, 0, 0], [0, 0, 1200, 0, 0, 0], [0, 0, 0, 1200, 0, 0], [0, 0, 0, 0, 1200, 0], [0, 0, 0, 0, 0, 1200]]
test accuracy :  0.150833333333
class_total [400.0, 400.0, 400.0, 400.0, 400.0, 400.0]
class_correct [33.0, 0.0, 228.0, 9.0, 76.0, 16.0]
confusion_matrix [[33, 37, 16, 313, 0, 1], [0, 0, 8, 51, 110, 231], [0, 17, 228, 1, 33, 121], [6, 2, 0, 9, 195, 188], [0, 10, 112, 2, 76, 200], [1, 0, 40, 120, 223, 16]]
traning started for  44 epoch
epoch 44 loss: 0.00720548629761
validation accuracy :  1.0
validation class_total [1200.0, 1200.0, 1200.0, 1200.0, 1200.0, 1200.0]
validation class_correct [1200.0, 1200.0, 1200.0, 1200.0, 1200.0, 1200.0]
validation confusion_matrix [[1200, 0, 0, 0, 0, 0], [0, 1200, 0, 0, 0, 0], [0, 0, 1200, 0, 0, 0], [0, 0, 0, 1200, 0, 0], [0, 0, 0, 0, 1200, 0], [0, 0, 0, 0, 0, 1200]]
test accuracy :  0.150416666667
class_total [400.0, 400.0, 400.0, 400.0, 400.0, 400.0]
class_correct [18.0, 0.0, 252.0, 14.0, 58.0, 19.0]
confusion_matrix [[18, 34, 23, 323, 0, 2], [0, 0, 21, 56, 81, 242], [0, 15, 252, 1, 23, 109], [5, 2, 0, 14, 180, 199], [0, 11, 129, 1, 58, 201], [0, 1, 92, 164, 124, 19]]
traning started for  45 epoch
epoch 45 loss: 0.00149774551392
validation accuracy :  1.0
validation class_total [1200.0, 1200.0, 1200.0, 1200.0, 1200.0, 1200.0]
validation class_correct [1200.0, 1200.0, 1200.0, 1200.0, 1200.0, 1200.0]
validation confusion_matrix [[1200, 0, 0, 0, 0, 0], [0, 1200, 0, 0, 0, 0], [0, 0, 1200, 0, 0, 0], [0, 0, 0, 1200, 0, 0], [0, 0, 0, 0, 1200, 0], [0, 0, 0, 0, 0, 1200]]
test accuracy :  0.1375
class_total [400.0, 400.0, 400.0, 400.0, 400.0, 400.0]
class_correct [43.0, 0.0, 199.0, 10.0, 51.0, 27.0]
confusion_matrix [[43, 33, 15, 306, 0, 3], [2, 0, 7, 50, 79, 262], [0, 20, 199, 0, 22, 159], [11, 2, 0, 10, 147, 230], [1, 12, 88, 2, 51, 246], [2, 0, 36, 130, 205, 27]]
traning started for  46 epoch
epoch 46 loss: 0.00292539596558
validation accuracy :  1.0
validation class_total [1200.0, 1200.0, 1200.0, 1200.0, 1200.0, 1200.0]
validation class_correct [1200.0, 1200.0, 1200.0, 1200.0, 1200.0, 1200.0]
validation confusion_matrix [[1200, 0, 0, 0, 0, 0], [0, 1200, 0, 0, 0, 0], [0, 0, 1200, 0, 0, 0], [0, 0, 0, 1200, 0, 0], [0, 0, 0, 0, 1200, 0], [0, 0, 0, 0, 0, 1200]]
test accuracy :  0.145416666667
class_total [400.0, 400.0, 400.0, 400.0, 400.0, 400.0]
class_correct [9.0, 0.0, 276.0, 15.0, 38.0, 11.0]
confusion_matrix [[9, 20, 22, 346, 0, 3], [1, 0, 25, 82, 71, 221], [0, 15, 276, 0, 12, 97], [3, 2, 0, 15, 162, 218], [0, 11, 146, 1, 38, 204], [1, 0, 76, 141, 171, 11]]
traning started for  47 epoch
