cuda
Training started
traning started for  1 epoch
epoch 1 loss: 0.239820480347
validation accuracy :  0.872777777778
validation class_total [1200.0, 1200.0, 1200.0, 1200.0, 1200.0, 1200.0]
validation class_correct [834.0, 949.0, 1182.0, 1060.0, 1167.0, 1092.0]
validation confusion_matrix [[834, 0, 0, 23, 315, 28], [0, 949, 156, 0, 0, 95], [0, 0, 1182, 0, 14, 4], [45, 0, 0, 1060, 6, 89], [1, 0, 21, 0, 1167, 11], [0, 2, 13, 0, 93, 1092]]
test accuracy :  0.342083333333
class_total [400.0, 400.0, 400.0, 400.0, 400.0, 400.0]
class_correct [0.0, 0.0, 346.0, 6.0, 334.0, 135.0]
confusion_matrix [[0, 6, 126, 0, 89, 179], [31, 0, 0, 0, 270, 99], [0, 0, 346, 0, 36, 18], [46, 0, 0, 6, 252, 96], [1, 0, 38, 0, 334, 27], [9, 0, 7, 1, 248, 135]]
traning started for  2 epoch
epoch 2 loss: 0.0491585731506
validation accuracy :  0.986111111111
validation class_total [1200.0, 1200.0, 1200.0, 1200.0, 1200.0, 1200.0]
validation class_correct [1181.0, 1194.0, 1197.0, 1169.0, 1174.0, 1185.0]
validation confusion_matrix [[1181, 0, 0, 0, 17, 2], [0, 1194, 4, 1, 0, 1], [0, 2, 1197, 0, 1, 0], [27, 1, 0, 1169, 2, 1], [5, 0, 20, 0, 1174, 1], [1, 0, 2, 2, 10, 1185]]
test accuracy :  0.267916666667
class_total [400.0, 400.0, 400.0, 400.0, 400.0, 400.0]
class_correct [5.0, 0.0, 372.0, 11.0, 233.0, 22.0]
confusion_matrix [[5, 222, 36, 3, 10, 124], [92, 0, 1, 0, 225, 82], [0, 13, 372, 0, 9, 6], [82, 0, 1, 11, 207, 99], [5, 0, 109, 0, 233, 53], [43, 1, 22, 1, 311, 22]]
traning started for  3 epoch
epoch 3 loss: 0.00856018066406
validation accuracy :  0.995
validation class_total [1200.0, 1200.0, 1200.0, 1200.0, 1200.0, 1200.0]
validation class_correct [1193.0, 1198.0, 1195.0, 1190.0, 1188.0, 1200.0]
validation confusion_matrix [[1193, 1, 0, 1, 4, 1], [0, 1198, 0, 0, 0, 2], [0, 3, 1195, 0, 1, 1], [3, 1, 0, 1190, 0, 6], [4, 0, 6, 0, 1188, 2], [0, 0, 0, 0, 0, 1200]]
test accuracy :  0.247083333333
class_total [400.0, 400.0, 400.0, 400.0, 400.0, 400.0]
class_correct [3.0, 0.0, 305.0, 3.0, 227.0, 55.0]
confusion_matrix [[3, 224, 9, 4, 2, 158], [27, 0, 0, 0, 233, 140], [0, 24, 305, 0, 10, 61], [54, 0, 0, 3, 257, 86], [1, 0, 69, 0, 227, 103], [33, 2, 24, 8, 278, 55]]
traning started for  4 epoch
epoch 4 loss: 0.114560604095
validation accuracy :  0.99625
validation class_total [1200.0, 1200.0, 1200.0, 1200.0, 1200.0, 1200.0]
validation class_correct [1195.0, 1197.0, 1199.0, 1198.0, 1197.0, 1187.0]
validation confusion_matrix [[1195, 0, 0, 1, 4, 0], [0, 1197, 3, 0, 0, 0], [0, 0, 1199, 0, 1, 0], [2, 0, 0, 1198, 0, 0], [0, 0, 2, 0, 1197, 1], [0, 0, 1, 1, 11, 1187]]
test accuracy :  0.277083333333
class_total [400.0, 400.0, 400.0, 400.0, 400.0, 400.0]
class_correct [16.0, 0.0, 374.0, 36.0, 230.0, 9.0]
confusion_matrix [[16, 299, 31, 12, 15, 27], [20, 0, 0, 6, 304, 70], [0, 7, 374, 0, 16, 3], [34, 0, 0, 36, 269, 61], [0, 0, 114, 0, 230, 56], [18, 1, 20, 4, 348, 9]]
traning started for  5 epoch
epoch 5 loss: 0.0038423538208
validation accuracy :  0.997916666667
validation class_total [1200.0, 1200.0, 1200.0, 1200.0, 1200.0, 1200.0]
validation class_correct [1193.0, 1200.0, 1199.0, 1196.0, 1199.0, 1198.0]
validation confusion_matrix [[1193, 0, 0, 1, 6, 0], [0, 1200, 0, 0, 0, 0], [0, 0, 1199, 0, 1, 0], [2, 0, 0, 1196, 0, 2], [0, 0, 0, 0, 1199, 1], [0, 1, 1, 0, 0, 1198]]
test accuracy :  0.232083333333
class_total [400.0, 400.0, 400.0, 400.0, 400.0, 400.0]
class_correct [7.0, 0.0, 365.0, 12.0, 151.0, 22.0]
confusion_matrix [[7, 294, 47, 0, 8, 44], [7, 0, 0, 2, 91, 300], [0, 28, 365, 0, 3, 4], [7, 0, 0, 12, 150, 231], [0, 0, 145, 0, 151, 104], [16, 1, 16, 4, 341, 22]]
traning started for  6 epoch
epoch 6 loss: 0.00213623046875
validation accuracy :  0.998472222222
validation class_total [1200.0, 1200.0, 1200.0, 1200.0, 1200.0, 1200.0]
validation class_correct [1200.0, 1200.0, 1192.0, 1200.0, 1198.0, 1199.0]
validation confusion_matrix [[1200, 0, 0, 0, 0, 0], [0, 1200, 0, 0, 0, 0], [0, 8, 1192, 0, 0, 0], [0, 0, 0, 1200, 0, 0], [0, 0, 1, 0, 1198, 1], [1, 0, 0, 0, 0, 1199]]
test accuracy :  0.191666666667
class_total [400.0, 400.0, 400.0, 400.0, 400.0, 400.0]
class_correct [6.0, 0.0, 238.0, 28.0, 108.0, 80.0]
confusion_matrix [[6, 326, 5, 9, 2, 52], [22, 0, 0, 12, 201, 165], [0, 126, 238, 0, 3, 33], [31, 0, 0, 28, 225, 116], [1, 0, 96, 1, 108, 194], [24, 2, 20, 43, 231, 80]]
traning started for  7 epoch
epoch 7 loss: 0.00830841064453
validation accuracy :  0.999861111111
validation class_total [1200.0, 1200.0, 1200.0, 1200.0, 1200.0, 1200.0]
validation class_correct [1200.0, 1200.0, 1200.0, 1200.0, 1200.0, 1199.0]
validation confusion_matrix [[1200, 0, 0, 0, 0, 0], [0, 1200, 0, 0, 0, 0], [0, 0, 1200, 0, 0, 0], [0, 0, 0, 1200, 0, 0], [0, 0, 0, 0, 1200, 0], [0, 0, 0, 0, 1, 1199]]
test accuracy :  0.240416666667
class_total [400.0, 400.0, 400.0, 400.0, 400.0, 400.0]
class_correct [9.0, 0.0, 355.0, 24.0, 169.0, 20.0]
confusion_matrix [[9, 354, 8, 13, 5, 11], [28, 0, 0, 8, 226, 138], [0, 31, 355, 0, 2, 12], [61, 0, 0, 24, 243, 72], [0, 0, 185, 0, 169, 46], [8, 0, 24, 5, 343, 20]]
traning started for  8 epoch
epoch 8 loss: 0.00019645690918
validation accuracy :  1.0
validation class_total [1200.0, 1200.0, 1200.0, 1200.0, 1200.0, 1200.0]
validation class_correct [1200.0, 1200.0, 1200.0, 1200.0, 1200.0, 1200.0]
validation confusion_matrix [[1200, 0, 0, 0, 0, 0], [0, 1200, 0, 0, 0, 0], [0, 0, 1200, 0, 0, 0], [0, 0, 0, 1200, 0, 0], [0, 0, 0, 0, 1200, 0], [0, 0, 0, 0, 0, 1200]]
test accuracy :  0.23
class_total [400.0, 400.0, 400.0, 400.0, 400.0, 400.0]
class_correct [8.0, 0.0, 348.0, 41.0, 118.0, 37.0]
confusion_matrix [[8, 355, 8, 8, 4, 17], [25, 0, 0, 14, 163, 198], [0, 35, 348, 0, 3, 14], [37, 0, 0, 41, 178, 144], [1, 0, 162, 0, 118, 119], [13, 2, 20, 24, 304, 37]]
traning started for  9 epoch
epoch 9 loss: 0.000175476074219
validation accuracy :  1.0
validation class_total [1200.0, 1200.0, 1200.0, 1200.0, 1200.0, 1200.0]
validation class_correct [1200.0, 1200.0, 1200.0, 1200.0, 1200.0, 1200.0]
validation confusion_matrix [[1200, 0, 0, 0, 0, 0], [0, 1200, 0, 0, 0, 0], [0, 0, 1200, 0, 0, 0], [0, 0, 0, 1200, 0, 0], [0, 0, 0, 0, 1200, 0], [0, 0, 0, 0, 0, 1200]]
test accuracy :  0.233333333333
class_total [400.0, 400.0, 400.0, 400.0, 400.0, 400.0]
class_correct [13.0, 0.0, 346.0, 37.0, 120.0, 44.0]
confusion_matrix [[13, 342, 10, 10, 4, 21], [27, 0, 0, 14, 161, 198], [0, 31, 346, 0, 4, 19], [39, 0, 0, 37, 183, 141], [1, 0, 152, 0, 120, 127], [15, 1, 15, 24, 301, 44]]
traning started for  10 epoch
epoch 10 loss: 0.000175476074219
validation accuracy :  1.0
validation class_total [1200.0, 1200.0, 1200.0, 1200.0, 1200.0, 1200.0]
validation class_correct [1200.0, 1200.0, 1200.0, 1200.0, 1200.0, 1200.0]
validation confusion_matrix [[1200, 0, 0, 0, 0, 0], [0, 1200, 0, 0, 0, 0], [0, 0, 1200, 0, 0, 0], [0, 0, 0, 1200, 0, 0], [0, 0, 0, 0, 1200, 0], [0, 0, 0, 0, 0, 1200]]
test accuracy :  0.2325
class_total [400.0, 400.0, 400.0, 400.0, 400.0, 400.0]
class_correct [11.0, 0.0, 348.0, 33.0, 120.0, 46.0]
confusion_matrix [[11, 342, 9, 11, 4, 23], [27, 0, 0, 12, 164, 197], [0, 30, 348, 0, 4, 18], [38, 0, 0, 33, 188, 141], [1, 0, 153, 0, 120, 126], [15, 1, 15, 23, 300, 46]]
traning started for  11 epoch
epoch 11 loss: 0.000173568725586
validation accuracy :  1.0
validation class_total [1200.0, 1200.0, 1200.0, 1200.0, 1200.0, 1200.0]
validation class_correct [1200.0, 1200.0, 1200.0, 1200.0, 1200.0, 1200.0]
validation confusion_matrix [[1200, 0, 0, 0, 0, 0], [0, 1200, 0, 0, 0, 0], [0, 0, 1200, 0, 0, 0], [0, 0, 0, 1200, 0, 0], [0, 0, 0, 0, 1200, 0], [0, 0, 0, 0, 0, 1200]]
test accuracy :  0.232083333333
class_total [400.0, 400.0, 400.0, 400.0, 400.0, 400.0]
class_correct [10.0, 0.0, 348.0, 32.0, 119.0, 48.0]
confusion_matrix [[10, 342, 9, 11, 4, 24], [27, 0, 0, 12, 166, 195], [0, 30, 348, 0, 4, 18], [38, 0, 0, 32, 189, 141], [1, 0, 152, 0, 119, 128], [15, 1, 17, 23, 296, 48]]
traning started for  12 epoch
epoch 12 loss: 0.00017261505127
validation accuracy :  1.0
validation class_total [1200.0, 1200.0, 1200.0, 1200.0, 1200.0, 1200.0]
validation class_correct [1200.0, 1200.0, 1200.0, 1200.0, 1200.0, 1200.0]
validation confusion_matrix [[1200, 0, 0, 0, 0, 0], [0, 1200, 0, 0, 0, 0], [0, 0, 1200, 0, 0, 0], [0, 0, 0, 1200, 0, 0], [0, 0, 0, 0, 1200, 0], [0, 0, 0, 0, 0, 1200]]
test accuracy :  0.2325
class_total [400.0, 400.0, 400.0, 400.0, 400.0, 400.0]
class_correct [10.0, 0.0, 348.0, 32.0, 119.0, 49.0]
confusion_matrix [[10, 341, 9, 12, 4, 24], [27, 0, 0, 10, 167, 196], [0, 30, 348, 0, 4, 18], [36, 0, 0, 32, 192, 140], [1, 0, 151, 0, 119, 129], [15, 1, 19, 24, 292, 49]]
traning started for  13 epoch
epoch 13 loss: 0.000170707702637
validation accuracy :  1.0
validation class_total [1200.0, 1200.0, 1200.0, 1200.0, 1200.0, 1200.0]
validation class_correct [1200.0, 1200.0, 1200.0, 1200.0, 1200.0, 1200.0]
validation confusion_matrix [[1200, 0, 0, 0, 0, 0], [0, 1200, 0, 0, 0, 0], [0, 0, 1200, 0, 0, 0], [0, 0, 0, 1200, 0, 0], [0, 0, 0, 0, 1200, 0], [0, 0, 0, 0, 0, 1200]]
test accuracy :  0.230416666667
class_total [400.0, 400.0, 400.0, 400.0, 400.0, 400.0]
class_correct [10.0, 0.0, 348.0, 29.0, 117.0, 49.0]
confusion_matrix [[10, 342, 8, 12, 4, 24], [27, 0, 0, 10, 166, 197], [0, 30, 348, 0, 4, 18], [35, 0, 0, 29, 194, 142], [1, 0, 149, 0, 117, 133], [15, 1, 19, 24, 292, 49]]
traning started for  14 epoch
epoch 14 loss: 0.000168800354004
validation accuracy :  1.0
validation class_total [1200.0, 1200.0, 1200.0, 1200.0, 1200.0, 1200.0]
validation class_correct [1200.0, 1200.0, 1200.0, 1200.0, 1200.0, 1200.0]
validation confusion_matrix [[1200, 0, 0, 0, 0, 0], [0, 1200, 0, 0, 0, 0], [0, 0, 1200, 0, 0, 0], [0, 0, 0, 1200, 0, 0], [0, 0, 0, 0, 1200, 0], [0, 0, 0, 0, 0, 1200]]
test accuracy :  0.23
class_total [400.0, 400.0, 400.0, 400.0, 400.0, 400.0]
class_correct [10.0, 0.0, 348.0, 29.0, 116.0, 49.0]
confusion_matrix [[10, 341, 8, 12, 4, 25], [27, 0, 0, 9, 166, 198], [0, 30, 348, 0, 4, 18], [34, 0, 0, 29, 195, 142], [1, 0, 148, 0, 116, 135], [15, 1, 18, 24, 293, 49]]
traning started for  15 epoch
epoch 15 loss: 0.000168800354004
validation accuracy :  1.0
validation class_total [1200.0, 1200.0, 1200.0, 1200.0, 1200.0, 1200.0]
validation class_correct [1200.0, 1200.0, 1200.0, 1200.0, 1200.0, 1200.0]
validation confusion_matrix [[1200, 0, 0, 0, 0, 0], [0, 1200, 0, 0, 0, 0], [0, 0, 1200, 0, 0, 0], [0, 0, 0, 1200, 0, 0], [0, 0, 0, 0, 1200, 0], [0, 0, 0, 0, 0, 1200]]
test accuracy :  0.228333333333
class_total [400.0, 400.0, 400.0, 400.0, 400.0, 400.0]
class_correct [10.0, 0.0, 348.0, 28.0, 113.0, 49.0]
confusion_matrix [[10, 342, 7, 12, 4, 25], [27, 0, 0, 9, 169, 195], [0, 30, 348, 0, 4, 18], [33, 0, 0, 28, 199, 140], [1, 0, 148, 0, 113, 138], [15, 1, 18, 24, 293, 49]]
traning started for  16 epoch
epoch 16 loss: 0.000167846679688
validation accuracy :  1.0
validation class_total [1200.0, 1200.0, 1200.0, 1200.0, 1200.0, 1200.0]
validation class_correct [1200.0, 1200.0, 1200.0, 1200.0, 1200.0, 1200.0]
validation confusion_matrix [[1200, 0, 0, 0, 0, 0], [0, 1200, 0, 0, 0, 0], [0, 0, 1200, 0, 0, 0], [0, 0, 0, 1200, 0, 0], [0, 0, 0, 0, 1200, 0], [0, 0, 0, 0, 0, 1200]]
test accuracy :  0.228333333333
class_total [400.0, 400.0, 400.0, 400.0, 400.0, 400.0]
class_correct [10.0, 0.0, 347.0, 28.0, 113.0, 50.0]
confusion_matrix [[10, 342, 7, 12, 4, 25], [27, 0, 0, 9, 171, 193], [0, 30, 347, 0, 5, 18], [33, 0, 0, 28, 200, 139], [1, 0, 148, 0, 113, 138], [15, 1, 18, 24, 292, 50]]
traning started for  17 epoch
epoch 17 loss: 0.000167846679688
validation accuracy :  1.0
validation class_total [1200.0, 1200.0, 1200.0, 1200.0, 1200.0, 1200.0]
validation class_correct [1200.0, 1200.0, 1200.0, 1200.0, 1200.0, 1200.0]
validation confusion_matrix [[1200, 0, 0, 0, 0, 0], [0, 1200, 0, 0, 0, 0], [0, 0, 1200, 0, 0, 0], [0, 0, 0, 1200, 0, 0], [0, 0, 0, 0, 1200, 0], [0, 0, 0, 0, 0, 1200]]
test accuracy :  0.2275
class_total [400.0, 400.0, 400.0, 400.0, 400.0, 400.0]
class_correct [10.0, 0.0, 347.0, 26.0, 113.0, 50.0]
confusion_matrix [[10, 342, 7, 12, 4, 25], [28, 0, 0, 8, 171, 193], [0, 30, 347, 0, 5, 18], [32, 0, 0, 26, 203, 139], [1, 0, 147, 0, 113, 139], [15, 1, 18, 24, 292, 50]]
traning started for  18 epoch
epoch 18 loss: 0.000167846679688
validation accuracy :  1.0
validation class_total [1200.0, 1200.0, 1200.0, 1200.0, 1200.0, 1200.0]
validation class_correct [1200.0, 1200.0, 1200.0, 1200.0, 1200.0, 1200.0]
validation confusion_matrix [[1200, 0, 0, 0, 0, 0], [0, 1200, 0, 0, 0, 0], [0, 0, 1200, 0, 0, 0], [0, 0, 0, 1200, 0, 0], [0, 0, 0, 0, 1200, 0], [0, 0, 0, 0, 0, 1200]]
test accuracy :  0.226666666667
class_total [400.0, 400.0, 400.0, 400.0, 400.0, 400.0]
class_correct [9.0, 0.0, 346.0, 26.0, 113.0, 50.0]
confusion_matrix [[9, 342, 7, 12, 4, 26], [28, 0, 0, 8, 171, 193], [0, 30, 346, 0, 5, 19], [31, 0, 0, 26, 205, 138], [1, 0, 147, 0, 113, 139], [15, 1, 18, 24, 292, 50]]
traning started for  19 epoch
epoch 19 loss: 0.000167846679688
validation accuracy :  1.0
validation class_total [1200.0, 1200.0, 1200.0, 1200.0, 1200.0, 1200.0]
validation class_correct [1200.0, 1200.0, 1200.0, 1200.0, 1200.0, 1200.0]
validation confusion_matrix [[1200, 0, 0, 0, 0, 0], [0, 1200, 0, 0, 0, 0], [0, 0, 1200, 0, 0, 0], [0, 0, 0, 1200, 0, 0], [0, 0, 0, 0, 1200, 0], [0, 0, 0, 0, 0, 1200]]
test accuracy :  0.225416666667
class_total [400.0, 400.0, 400.0, 400.0, 400.0, 400.0]
class_correct [9.0, 0.0, 346.0, 24.0, 113.0, 49.0]
confusion_matrix [[9, 342, 7, 12, 4, 26], [28, 0, 0, 8, 171, 193], [0, 30, 346, 0, 5, 19], [32, 0, 0, 24, 205, 139], [1, 0, 147, 0, 113, 139], [13, 1, 18, 25, 294, 49]]
traning started for  20 epoch
epoch 20 loss: 0.000167846679688
validation accuracy :  1.0
validation class_total [1200.0, 1200.0, 1200.0, 1200.0, 1200.0, 1200.0]
validation class_correct [1200.0, 1200.0, 1200.0, 1200.0, 1200.0, 1200.0]
validation confusion_matrix [[1200, 0, 0, 0, 0, 0], [0, 1200, 0, 0, 0, 0], [0, 0, 1200, 0, 0, 0], [0, 0, 0, 1200, 0, 0], [0, 0, 0, 0, 1200, 0], [0, 0, 0, 0, 0, 1200]]
test accuracy :  0.225833333333
class_total [400.0, 400.0, 400.0, 400.0, 400.0, 400.0]
class_correct [9.0, 0.0, 346.0, 23.0, 114.0, 50.0]
confusion_matrix [[9, 342, 6, 12, 3, 28], [28, 0, 0, 8, 173, 191], [0, 30, 346, 0, 5, 19], [33, 0, 0, 23, 206, 138], [1, 0, 147, 0, 114, 138], [13, 1, 16, 25, 295, 50]]
traning started for  21 epoch
epoch 21 loss: 0.000168800354004
validation accuracy :  1.0
validation class_total [1200.0, 1200.0, 1200.0, 1200.0, 1200.0, 1200.0]
validation class_correct [1200.0, 1200.0, 1200.0, 1200.0, 1200.0, 1200.0]
validation confusion_matrix [[1200, 0, 0, 0, 0, 0], [0, 1200, 0, 0, 0, 0], [0, 0, 1200, 0, 0, 0], [0, 0, 0, 1200, 0, 0], [0, 0, 0, 0, 1200, 0], [0, 0, 0, 0, 0, 1200]]
test accuracy :  0.224583333333
class_total [400.0, 400.0, 400.0, 400.0, 400.0, 400.0]
class_correct [9.0, 0.0, 346.0, 21.0, 113.0, 50.0]
confusion_matrix [[9, 341, 6, 12, 2, 30], [28, 0, 0, 8, 173, 191], [0, 30, 346, 0, 5, 19], [35, 0, 0, 21, 207, 137], [1, 0, 147, 0, 113, 139], [13, 1, 16, 25, 295, 50]]
traning started for  22 epoch
epoch 22 loss: 0.00016975402832
validation accuracy :  1.0
validation class_total [1200.0, 1200.0, 1200.0, 1200.0, 1200.0, 1200.0]
validation class_correct [1200.0, 1200.0, 1200.0, 1200.0, 1200.0, 1200.0]
validation confusion_matrix [[1200, 0, 0, 0, 0, 0], [0, 1200, 0, 0, 0, 0], [0, 0, 1200, 0, 0, 0], [0, 0, 0, 1200, 0, 0], [0, 0, 0, 0, 1200, 0], [0, 0, 0, 0, 0, 1200]]
test accuracy :  0.225
class_total [400.0, 400.0, 400.0, 400.0, 400.0, 400.0]
class_correct [9.0, 0.0, 346.0, 21.0, 114.0, 50.0]
confusion_matrix [[9, 341, 6, 12, 2, 30], [28, 0, 0, 7, 173, 192], [0, 30, 346, 0, 5, 19], [34, 0, 0, 21, 208, 137], [1, 0, 147, 0, 114, 138], [13, 1, 17, 25, 294, 50]]
traning started for  23 epoch
epoch 23 loss: 0.00016975402832
validation accuracy :  1.0
validation class_total [1200.0, 1200.0, 1200.0, 1200.0, 1200.0, 1200.0]
validation class_correct [1200.0, 1200.0, 1200.0, 1200.0, 1200.0, 1200.0]
validation confusion_matrix [[1200, 0, 0, 0, 0, 0], [0, 1200, 0, 0, 0, 0], [0, 0, 1200, 0, 0, 0], [0, 0, 0, 1200, 0, 0], [0, 0, 0, 0, 1200, 0], [0, 0, 0, 0, 0, 1200]]
test accuracy :  0.224583333333
class_total [400.0, 400.0, 400.0, 400.0, 400.0, 400.0]
class_correct [8.0, 0.0, 347.0, 21.0, 114.0, 49.0]
confusion_matrix [[8, 341, 6, 12, 2, 31], [28, 0, 0, 7, 174, 191], [0, 29, 347, 0, 5, 19], [34, 0, 0, 21, 208, 137], [1, 0, 147, 0, 114, 138], [13, 1, 17, 25, 295, 49]]
traning started for  24 epoch
epoch 24 loss: 0.000171661376953
validation accuracy :  1.0
validation class_total [1200.0, 1200.0, 1200.0, 1200.0, 1200.0, 1200.0]
validation class_correct [1200.0, 1200.0, 1200.0, 1200.0, 1200.0, 1200.0]
validation confusion_matrix [[1200, 0, 0, 0, 0, 0], [0, 1200, 0, 0, 0, 0], [0, 0, 1200, 0, 0, 0], [0, 0, 0, 1200, 0, 0], [0, 0, 0, 0, 1200, 0], [0, 0, 0, 0, 0, 1200]]
test accuracy :  0.224166666667
class_total [400.0, 400.0, 400.0, 400.0, 400.0, 400.0]
class_correct [8.0, 0.0, 347.0, 21.0, 113.0, 49.0]
confusion_matrix [[8, 342, 6, 12, 2, 30], [28, 0, 0, 7, 174, 191], [0, 28, 347, 0, 5, 20], [34, 0, 0, 21, 208, 137], [1, 0, 148, 0, 113, 138], [13, 1, 18, 25, 294, 49]]
traning started for  25 epoch
epoch 25 loss: 0.00017261505127
validation accuracy :  1.0
validation class_total [1200.0, 1200.0, 1200.0, 1200.0, 1200.0, 1200.0]
validation class_correct [1200.0, 1200.0, 1200.0, 1200.0, 1200.0, 1200.0]
validation confusion_matrix [[1200, 0, 0, 0, 0, 0], [0, 1200, 0, 0, 0, 0], [0, 0, 1200, 0, 0, 0], [0, 0, 0, 1200, 0, 0], [0, 0, 0, 0, 1200, 0], [0, 0, 0, 0, 0, 1200]]
test accuracy :  0.224166666667
class_total [400.0, 400.0, 400.0, 400.0, 400.0, 400.0]
class_correct [8.0, 0.0, 347.0, 21.0, 113.0, 49.0]
confusion_matrix [[8, 343, 6, 12, 2, 29], [29, 0, 0, 7, 174, 190], [0, 28, 347, 0, 5, 20], [34, 0, 0, 21, 209, 136], [1, 0, 148, 0, 113, 138], [13, 1, 17, 24, 296, 49]]
traning started for  26 epoch
epoch 26 loss: 0.000173568725586
validation accuracy :  1.0
validation class_total [1200.0, 1200.0, 1200.0, 1200.0, 1200.0, 1200.0]
validation class_correct [1200.0, 1200.0, 1200.0, 1200.0, 1200.0, 1200.0]
validation confusion_matrix [[1200, 0, 0, 0, 0, 0], [0, 1200, 0, 0, 0, 0], [0, 0, 1200, 0, 0, 0], [0, 0, 0, 1200, 0, 0], [0, 0, 0, 0, 1200, 0], [0, 0, 0, 0, 0, 1200]]
test accuracy :  0.224166666667
class_total [400.0, 400.0, 400.0, 400.0, 400.0, 400.0]
class_correct [8.0, 0.0, 347.0, 20.0, 113.0, 50.0]
confusion_matrix [[8, 343, 6, 12, 2, 29], [30, 0, 0, 7, 174, 189], [0, 28, 347, 0, 5, 20], [34, 0, 0, 20, 209, 137], [1, 0, 149, 0, 113, 137], [13, 1, 17, 23, 296, 50]]
traning started for  27 epoch
epoch 27 loss: 0.000175476074219
validation accuracy :  1.0
validation class_total [1200.0, 1200.0, 1200.0, 1200.0, 1200.0, 1200.0]
validation class_correct [1200.0, 1200.0, 1200.0, 1200.0, 1200.0, 1200.0]
validation confusion_matrix [[1200, 0, 0, 0, 0, 0], [0, 1200, 0, 0, 0, 0], [0, 0, 1200, 0, 0, 0], [0, 0, 0, 1200, 0, 0], [0, 0, 0, 0, 1200, 0], [0, 0, 0, 0, 0, 1200]]
test accuracy :  0.222083333333
class_total [400.0, 400.0, 400.0, 400.0, 400.0, 400.0]
class_correct [7.0, 0.0, 346.0, 18.0, 112.0, 50.0]
confusion_matrix [[7, 345, 5, 12, 2, 29], [30, 0, 0, 7, 174, 189], [0, 29, 346, 0, 5, 20], [34, 0, 0, 18, 210, 138], [1, 0, 150, 0, 112, 137], [13, 1, 18, 23, 295, 50]]
traning started for  28 epoch
epoch 28 loss: 0.000177383422852
validation accuracy :  1.0
validation class_total [1200.0, 1200.0, 1200.0, 1200.0, 1200.0, 1200.0]
validation class_correct [1200.0, 1200.0, 1200.0, 1200.0, 1200.0, 1200.0]
validation confusion_matrix [[1200, 0, 0, 0, 0, 0], [0, 1200, 0, 0, 0, 0], [0, 0, 1200, 0, 0, 0], [0, 0, 0, 1200, 0, 0], [0, 0, 0, 0, 1200, 0], [0, 0, 0, 0, 0, 1200]]
test accuracy :  0.222083333333
class_total [400.0, 400.0, 400.0, 400.0, 400.0, 400.0]
class_correct [6.0, 0.0, 347.0, 17.0, 113.0, 50.0]
confusion_matrix [[6, 345, 5, 13, 2, 29], [30, 0, 0, 7, 174, 189], [0, 29, 347, 0, 5, 19], [36, 0, 0, 17, 209, 138], [1, 0, 149, 0, 113, 137], [13, 1, 18, 23, 295, 50]]
traning started for  29 epoch
epoch 29 loss: 0.000179290771484
validation accuracy :  1.0
validation class_total [1200.0, 1200.0, 1200.0, 1200.0, 1200.0, 1200.0]
validation class_correct [1200.0, 1200.0, 1200.0, 1200.0, 1200.0, 1200.0]
validation confusion_matrix [[1200, 0, 0, 0, 0, 0], [0, 1200, 0, 0, 0, 0], [0, 0, 1200, 0, 0, 0], [0, 0, 0, 1200, 0, 0], [0, 0, 0, 0, 1200, 0], [0, 0, 0, 0, 0, 1200]]
test accuracy :  0.222083333333
class_total [400.0, 400.0, 400.0, 400.0, 400.0, 400.0]
class_correct [6.0, 0.0, 347.0, 17.0, 113.0, 50.0]
confusion_matrix [[6, 346, 5, 13, 2, 28], [30, 0, 0, 7, 174, 189], [0, 29, 347, 0, 5, 19], [36, 0, 0, 17, 209, 138], [1, 0, 149, 0, 113, 137], [13, 1, 18, 23, 295, 50]]
traning started for  30 epoch
epoch 30 loss: 0.000181198120117
validation accuracy :  1.0
validation class_total [1200.0, 1200.0, 1200.0, 1200.0, 1200.0, 1200.0]
validation class_correct [1200.0, 1200.0, 1200.0, 1200.0, 1200.0, 1200.0]
validation confusion_matrix [[1200, 0, 0, 0, 0, 0], [0, 1200, 0, 0, 0, 0], [0, 0, 1200, 0, 0, 0], [0, 0, 0, 1200, 0, 0], [0, 0, 0, 0, 1200, 0], [0, 0, 0, 0, 0, 1200]]
test accuracy :  0.2225
class_total [400.0, 400.0, 400.0, 400.0, 400.0, 400.0]
class_correct [6.0, 0.0, 348.0, 17.0, 113.0, 50.0]
confusion_matrix [[6, 347, 5, 12, 2, 28], [30, 0, 0, 7, 173, 190], [0, 29, 348, 0, 5, 18], [36, 0, 0, 17, 209, 138], [1, 0, 149, 0, 113, 137], [14, 1, 18, 23, 294, 50]]
traning started for  31 epoch
epoch 31 loss: 0.000184059143066
validation accuracy :  1.0
validation class_total [1200.0, 1200.0, 1200.0, 1200.0, 1200.0, 1200.0]
validation class_correct [1200.0, 1200.0, 1200.0, 1200.0, 1200.0, 1200.0]
validation confusion_matrix [[1200, 0, 0, 0, 0, 0], [0, 1200, 0, 0, 0, 0], [0, 0, 1200, 0, 0, 0], [0, 0, 0, 1200, 0, 0], [0, 0, 0, 0, 1200, 0], [0, 0, 0, 0, 0, 1200]]
test accuracy :  0.222916666667
class_total [400.0, 400.0, 400.0, 400.0, 400.0, 400.0]
class_correct [6.0, 0.0, 348.0, 17.0, 114.0, 50.0]
confusion_matrix [[6, 347, 5, 12, 2, 28], [30, 0, 0, 7, 174, 189], [0, 29, 348, 0, 5, 18], [36, 0, 0, 17, 210, 137], [1, 0, 149, 0, 114, 136], [14, 1, 18, 22, 295, 50]]
traning started for  32 epoch
