cuda
Training started
traning started for  1 epoch
epoch 1 loss: 1.85708785057
validation accuracy :  0.318055555556
validation class_total [600.0, 600.0, 600.0, 600.0, 600.0, 600.0]
validation class_correct [166.0, 134.0, 485.0, 158.0, 147.0, 55.0]
validation confusion_matrix [[166, 65, 48, 150, 137, 34], [19, 134, 345, 27, 45, 30], [6, 68, 485, 9, 16, 16], [151, 50, 32, 158, 169, 40], [125, 74, 80, 112, 147, 62], [84, 93, 165, 88, 115, 55]]
test accuracy :  0.193333333333
class_total [200.0, 200.0, 200.0, 200.0, 200.0, 200.0]
class_correct [5.0, 35.0, 100.0, 55.0, 24.0, 13.0]
confusion_matrix [[5, 57, 97, 8, 16, 17], [38, 35, 27, 26, 56, 18], [10, 46, 100, 10, 17, 17], [61, 10, 10, 55, 50, 14], [16, 50, 74, 15, 24, 21], [37, 36, 28, 44, 42, 13]]
traning started for  2 epoch
epoch 2 loss: 0.852011203766
validation accuracy :  0.615833333333
validation class_total [600.0, 600.0, 600.0, 600.0, 600.0, 600.0]
validation class_correct [96.0, 541.0, 582.0, 483.0, 299.0, 216.0]
validation confusion_matrix [[96, 0, 0, 450, 40, 14], [0, 541, 58, 0, 0, 1], [0, 6, 582, 0, 3, 9], [97, 0, 0, 483, 19, 1], [6, 19, 48, 52, 299, 176], [13, 83, 31, 47, 210, 216]]
test accuracy :  0.338333333333
class_total [200.0, 200.0, 200.0, 200.0, 200.0, 200.0]
class_correct [0.0, 0.0, 166.0, 98.0, 100.0, 42.0]
confusion_matrix [[0, 47, 74, 2, 23, 54], [12, 0, 0, 56, 114, 18], [0, 26, 166, 0, 3, 5], [22, 0, 0, 98, 73, 7], [1, 0, 65, 1, 100, 33], [6, 0, 18, 18, 116, 42]]
traning started for  3 epoch
epoch 3 loss: 0.106520175934
validation accuracy :  0.750277777778
validation class_total [600.0, 600.0, 600.0, 600.0, 600.0, 600.0]
validation class_correct [110.0, 565.0, 580.0, 476.0, 550.0, 420.0]
validation confusion_matrix [[110, 0, 0, 459, 9, 22], [0, 565, 0, 0, 0, 35], [0, 11, 580, 0, 9, 0], [112, 0, 0, 476, 9, 3], [1, 0, 5, 1, 550, 43], [12, 5, 2, 10, 151, 420]]
test accuracy :  0.281666666667
class_total [200.0, 200.0, 200.0, 200.0, 200.0, 200.0]
class_correct [0.0, 0.0, 132.0, 24.0, 167.0, 15.0]
confusion_matrix [[0, 14, 47, 0, 50, 89], [0, 0, 0, 0, 182, 18], [0, 8, 132, 0, 42, 18], [14, 0, 0, 24, 133, 29], [0, 0, 25, 1, 167, 7], [0, 0, 5, 0, 180, 15]]
traning started for  4 epoch
epoch 4 loss: 0.0240616798401
validation accuracy :  0.913055555556
validation class_total [600.0, 600.0, 600.0, 600.0, 600.0, 600.0]
validation class_correct [464.0, 595.0, 598.0, 496.0, 558.0, 576.0]
validation confusion_matrix [[464, 0, 0, 127, 4, 5], [0, 595, 1, 0, 0, 4], [0, 0, 598, 0, 2, 0], [104, 0, 0, 496, 0, 0], [23, 0, 2, 0, 558, 17], [8, 3, 0, 1, 12, 576]]
test accuracy :  0.2075
class_total [200.0, 200.0, 200.0, 200.0, 200.0, 200.0]
class_correct [3.0, 0.0, 142.0, 0.0, 86.0, 18.0]
confusion_matrix [[3, 89, 43, 2, 6, 57], [44, 0, 1, 0, 135, 20], [0, 30, 142, 0, 3, 25], [38, 0, 0, 0, 157, 5], [3, 0, 100, 0, 86, 11], [72, 0, 1, 2, 107, 18]]
traning started for  5 epoch
epoch 5 loss: 0.038097858429
validation accuracy :  0.935833333333
validation class_total [600.0, 600.0, 600.0, 600.0, 600.0, 600.0]
validation class_correct [587.0, 594.0, 598.0, 563.0, 517.0, 510.0]
validation confusion_matrix [[587, 0, 0, 12, 1, 0], [0, 594, 2, 2, 0, 2], [0, 1, 598, 0, 1, 0], [37, 0, 0, 563, 0, 0], [83, 0, 0, 0, 517, 0], [78, 2, 0, 9, 1, 510]]
test accuracy :  0.166666666667
class_total [200.0, 200.0, 200.0, 200.0, 200.0, 200.0]
class_correct [16.0, 0.0, 111.0, 3.0, 62.0, 8.0]
confusion_matrix [[16, 69, 65, 25, 6, 19], [161, 0, 0, 1, 31, 7], [0, 58, 111, 0, 14, 17], [190, 0, 0, 3, 7, 0], [58, 0, 75, 5, 62, 0], [106, 0, 3, 1, 82, 8]]
traning started for  6 epoch
epoch 6 loss: 0.000212669372559
validation accuracy :  0.979166666667
validation class_total [600.0, 600.0, 600.0, 600.0, 600.0, 600.0]
validation class_correct [577.0, 588.0, 595.0, 581.0, 584.0, 600.0]
validation confusion_matrix [[577, 0, 0, 1, 12, 10], [0, 588, 0, 0, 0, 12], [0, 3, 595, 0, 2, 0], [12, 0, 0, 581, 0, 7], [4, 0, 0, 0, 584, 12], [0, 0, 0, 0, 0, 600]]
test accuracy :  0.14
class_total [200.0, 200.0, 200.0, 200.0, 200.0, 200.0]
class_correct [7.0, 0.0, 59.0, 1.0, 36.0, 65.0]
confusion_matrix [[7, 91, 8, 16, 1, 77], [15, 0, 1, 0, 54, 130], [0, 91, 59, 0, 2, 48], [58, 0, 0, 1, 130, 11], [1, 9, 116, 0, 36, 38], [26, 0, 3, 2, 104, 65]]
traning started for  7 epoch
epoch 7 loss: 0.00177478790283
validation accuracy :  0.990555555556
validation class_total [600.0, 600.0, 600.0, 600.0, 600.0, 600.0]
validation class_correct [584.0, 597.0, 595.0, 600.0, 592.0, 598.0]
validation confusion_matrix [[584, 0, 0, 5, 7, 4], [0, 597, 0, 0, 0, 3], [0, 2, 595, 0, 3, 0], [0, 0, 0, 600, 0, 0], [1, 0, 0, 0, 592, 7], [0, 0, 0, 0, 2, 598]]
test accuracy :  0.196666666667
class_total [200.0, 200.0, 200.0, 200.0, 200.0, 200.0]
class_correct [1.0, 1.0, 82.0, 1.0, 125.0, 26.0]
confusion_matrix [[1, 90, 94, 15, 0, 0], [16, 1, 7, 2, 74, 100], [0, 25, 82, 0, 42, 51], [73, 0, 0, 1, 121, 5], [0, 0, 45, 0, 125, 30], [3, 1, 24, 1, 145, 26]]
traning started for  8 epoch
epoch 8 loss: 0.000302314758301
validation accuracy :  0.995555555556
validation class_total [600.0, 600.0, 600.0, 600.0, 600.0, 600.0]
validation class_correct [593.0, 596.0, 598.0, 600.0, 597.0, 600.0]
validation confusion_matrix [[593, 0, 0, 6, 0, 1], [0, 596, 3, 1, 0, 0], [0, 1, 598, 0, 1, 0], [0, 0, 0, 600, 0, 0], [1, 0, 0, 0, 597, 2], [0, 0, 0, 0, 0, 600]]
test accuracy :  0.0791666666667
class_total [200.0, 200.0, 200.0, 200.0, 200.0, 200.0]
class_correct [1.0, 7.0, 38.0, 3.0, 36.0, 10.0]
confusion_matrix [[1, 93, 60, 31, 2, 13], [5, 7, 13, 12, 14, 149], [0, 130, 38, 0, 0, 32], [117, 0, 0, 3, 40, 40], [2, 6, 50, 0, 36, 106], [31, 3, 40, 34, 82, 10]]
traning started for  9 epoch
epoch 9 loss: 7.05718994141e-05
validation accuracy :  0.995555555556
validation class_total [600.0, 600.0, 600.0, 600.0, 600.0, 600.0]
validation class_correct [599.0, 591.0, 598.0, 600.0, 600.0, 596.0]
validation confusion_matrix [[599, 0, 0, 0, 1, 0], [0, 591, 2, 7, 0, 0], [0, 2, 598, 0, 0, 0], [0, 0, 0, 600, 0, 0], [0, 0, 0, 0, 600, 0], [1, 0, 0, 0, 3, 596]]
test accuracy :  0.1575
class_total [200.0, 200.0, 200.0, 200.0, 200.0, 200.0]
class_correct [0.0, 0.0, 93.0, 3.0, 88.0, 5.0]
confusion_matrix [[0, 70, 25, 105, 0, 0], [18, 0, 13, 14, 135, 20], [0, 55, 93, 0, 34, 18], [76, 0, 1, 3, 120, 0], [1, 0, 110, 0, 88, 1], [18, 0, 12, 3, 162, 5]]
traning started for  10 epoch
epoch 10 loss: 5.72204589844e-06
validation accuracy :  0.995555555556
validation class_total [600.0, 600.0, 600.0, 600.0, 600.0, 600.0]
validation class_correct [600.0, 598.0, 598.0, 593.0, 597.0, 598.0]
validation confusion_matrix [[600, 0, 0, 0, 0, 0], [0, 598, 2, 0, 0, 0], [0, 1, 598, 0, 1, 0], [7, 0, 0, 593, 0, 0], [2, 0, 1, 0, 597, 0], [1, 0, 0, 0, 1, 598]]
test accuracy :  0.21
class_total [200.0, 200.0, 200.0, 200.0, 200.0, 200.0]
class_correct [2.0, 0.0, 56.0, 1.0, 174.0, 19.0]
confusion_matrix [[2, 67, 79, 48, 2, 2], [37, 0, 3, 2, 48, 110], [0, 6, 56, 0, 105, 33], [75, 0, 0, 1, 120, 4], [0, 0, 22, 0, 174, 4], [57, 0, 12, 9, 103, 19]]
traning started for  11 epoch
epoch 11 loss: 6.48498535156e-05
validation accuracy :  0.996666666667
validation class_total [600.0, 600.0, 600.0, 600.0, 600.0, 600.0]
validation class_correct [597.0, 600.0, 599.0, 597.0, 596.0, 599.0]
validation confusion_matrix [[597, 0, 0, 1, 0, 2], [0, 600, 0, 0, 0, 0], [0, 1, 599, 0, 0, 0], [2, 0, 0, 597, 0, 1], [3, 0, 0, 0, 596, 1], [0, 1, 0, 0, 0, 599]]
test accuracy :  0.246666666667
class_total [200.0, 200.0, 200.0, 200.0, 200.0, 200.0]
class_correct [1.0, 0.0, 124.0, 5.0, 156.0, 10.0]
confusion_matrix [[1, 80, 6, 66, 0, 47], [61, 0, 2, 1, 37, 99], [0, 40, 124, 0, 19, 17], [147, 0, 1, 5, 37, 10], [0, 0, 33, 0, 156, 11], [52, 0, 19, 6, 113, 10]]
traning started for  12 epoch
epoch 12 loss: 0.00206661224365
validation accuracy :  0.996388888889
validation class_total [600.0, 600.0, 600.0, 600.0, 600.0, 600.0]
validation class_correct [597.0, 600.0, 599.0, 597.0, 595.0, 599.0]
validation confusion_matrix [[597, 0, 0, 2, 1, 0], [0, 600, 0, 0, 0, 0], [0, 0, 599, 0, 1, 0], [3, 0, 0, 597, 0, 0], [4, 0, 0, 0, 595, 1], [0, 1, 0, 0, 0, 599]]
test accuracy :  0.175833333333
class_total [200.0, 200.0, 200.0, 200.0, 200.0, 200.0]
class_correct [1.0, 0.0, 74.0, 1.0, 107.0, 28.0]
confusion_matrix [[1, 105, 23, 66, 0, 5], [21, 0, 5, 0, 60, 114], [0, 66, 74, 0, 22, 38], [104, 0, 0, 1, 91, 4], [0, 1, 67, 0, 107, 25], [27, 1, 35, 2, 107, 28]]
traning started for  13 epoch
epoch 13 loss: 6.96182250977e-05
validation accuracy :  0.986666666667
validation class_total [600.0, 600.0, 600.0, 600.0, 600.0, 600.0]
validation class_correct [557.0, 599.0, 600.0, 600.0, 598.0, 598.0]
validation confusion_matrix [[557, 0, 0, 42, 1, 0], [0, 599, 1, 0, 0, 0], [0, 0, 600, 0, 0, 0], [0, 0, 0, 600, 0, 0], [1, 0, 1, 0, 598, 0], [1, 1, 0, 0, 0, 598]]
test accuracy :  0.134166666667
class_total [200.0, 200.0, 200.0, 200.0, 200.0, 200.0]
class_correct [0.0, 0.0, 62.0, 3.0, 91.0, 5.0]
confusion_matrix [[0, 74, 30, 95, 0, 1], [45, 0, 4, 15, 27, 109], [0, 100, 62, 0, 7, 31], [93, 0, 0, 3, 54, 50], [1, 3, 51, 1, 91, 53], [19, 0, 59, 66, 51, 5]]
traning started for  14 epoch
epoch 14 loss: 0.0
validation accuracy :  0.998611111111
validation class_total [600.0, 600.0, 600.0, 600.0, 600.0, 600.0]
validation class_correct [599.0, 598.0, 600.0, 600.0, 599.0, 599.0]
validation confusion_matrix [[599, 0, 0, 0, 1, 0], [0, 598, 2, 0, 0, 0], [0, 0, 600, 0, 0, 0], [0, 0, 0, 600, 0, 0], [1, 0, 0, 0, 599, 0], [0, 0, 0, 0, 1, 599]]
test accuracy :  0.135
class_total [200.0, 200.0, 200.0, 200.0, 200.0, 200.0]
class_correct [1.0, 0.0, 71.0, 1.0, 84.0, 5.0]
confusion_matrix [[1, 57, 87, 55, 0, 0], [47, 0, 9, 3, 41, 100], [0, 60, 71, 0, 15, 54], [103, 0, 0, 1, 79, 17], [0, 2, 62, 0, 84, 52], [38, 1, 61, 33, 62, 5]]
traning started for  15 epoch
epoch 15 loss: 0.00069522857666
validation accuracy :  1.0
validation class_total [600.0, 600.0, 600.0, 600.0, 600.0, 600.0]
validation class_correct [600.0, 600.0, 600.0, 600.0, 600.0, 600.0]
validation confusion_matrix [[600, 0, 0, 0, 0, 0], [0, 600, 0, 0, 0, 0], [0, 0, 600, 0, 0, 0], [0, 0, 0, 600, 0, 0], [0, 0, 0, 0, 600, 0], [0, 0, 0, 0, 0, 600]]
test accuracy :  0.141666666667
class_total [200.0, 200.0, 200.0, 200.0, 200.0, 200.0]
class_correct [0.0, 7.0, 82.0, 1.0, 70.0, 10.0]
confusion_matrix [[0, 104, 40, 56, 0, 0], [14, 7, 29, 17, 23, 110], [0, 90, 82, 0, 2, 26], [67, 0, 0, 1, 108, 24], [0, 1, 83, 0, 70, 46], [16, 1, 95, 37, 41, 10]]
traning started for  16 epoch
epoch 16 loss: 0.000349044799805
validation accuracy :  0.999722222222
validation class_total [600.0, 600.0, 600.0, 600.0, 600.0, 600.0]
validation class_correct [599.0, 600.0, 600.0, 600.0, 600.0, 600.0]
validation confusion_matrix [[599, 0, 0, 1, 0, 0], [0, 600, 0, 0, 0, 0], [0, 0, 600, 0, 0, 0], [0, 0, 0, 600, 0, 0], [0, 0, 0, 0, 600, 0], [0, 0, 0, 0, 0, 600]]
test accuracy :  0.2
class_total [200.0, 200.0, 200.0, 200.0, 200.0, 200.0]
class_correct [0.0, 2.0, 111.0, 1.0, 115.0, 11.0]
confusion_matrix [[0, 98, 25, 76, 0, 1], [37, 2, 13, 14, 56, 78], [0, 55, 111, 0, 13, 21], [87, 0, 0, 1, 108, 4], [0, 0, 72, 0, 115, 13], [40, 3, 48, 18, 80, 11]]
traning started for  17 epoch
epoch 17 loss: 1.90734863281e-05
validation accuracy :  1.0
validation class_total [600.0, 600.0, 600.0, 600.0, 600.0, 600.0]
validation class_correct [600.0, 600.0, 600.0, 600.0, 600.0, 600.0]
validation confusion_matrix [[600, 0, 0, 0, 0, 0], [0, 600, 0, 0, 0, 0], [0, 0, 600, 0, 0, 0], [0, 0, 0, 600, 0, 0], [0, 0, 0, 0, 600, 0], [0, 0, 0, 0, 0, 600]]
test accuracy :  0.190833333333
class_total [200.0, 200.0, 200.0, 200.0, 200.0, 200.0]
class_correct [1.0, 0.0, 110.0, 1.0, 106.0, 11.0]
confusion_matrix [[1, 97, 37, 64, 0, 1], [17, 0, 5, 2, 49, 127], [0, 29, 110, 0, 28, 33], [75, 0, 0, 1, 117, 7], [1, 0, 42, 0, 106, 51], [31, 1, 42, 11, 104, 11]]
traning started for  18 epoch
epoch 18 loss: 9.53674316406e-07
validation accuracy :  0.998611111111
validation class_total [600.0, 600.0, 600.0, 600.0, 600.0, 600.0]
validation class_correct [600.0, 595.0, 600.0, 600.0, 600.0, 600.0]
validation confusion_matrix [[600, 0, 0, 0, 0, 0], [0, 595, 5, 0, 0, 0], [0, 0, 600, 0, 0, 0], [0, 0, 0, 600, 0, 0], [0, 0, 0, 0, 600, 0], [0, 0, 0, 0, 0, 600]]
test accuracy :  0.155833333333
class_total [200.0, 200.0, 200.0, 200.0, 200.0, 200.0]
class_correct [0.0, 0.0, 124.0, 1.0, 53.0, 9.0]
confusion_matrix [[0, 46, 125, 28, 0, 1], [6, 0, 22, 3, 35, 134], [0, 42, 124, 0, 6, 28], [53, 0, 0, 1, 90, 56], [0, 2, 84, 0, 53, 61], [21, 1, 52, 7, 110, 9]]
traning started for  19 epoch
epoch 19 loss: 6.67572021484e-06
validation accuracy :  1.0
validation class_total [600.0, 600.0, 600.0, 600.0, 600.0, 600.0]
validation class_correct [600.0, 600.0, 600.0, 600.0, 600.0, 600.0]
validation confusion_matrix [[600, 0, 0, 0, 0, 0], [0, 600, 0, 0, 0, 0], [0, 0, 600, 0, 0, 0], [0, 0, 0, 600, 0, 0], [0, 0, 0, 0, 600, 0], [0, 0, 0, 0, 0, 600]]
test accuracy :  0.1175
class_total [200.0, 200.0, 200.0, 200.0, 200.0, 200.0]
class_correct [1.0, 2.0, 55.0, 1.0, 80.0, 2.0]
confusion_matrix [[1, 43, 103, 52, 0, 1], [9, 2, 39, 6, 90, 54], [0, 95, 55, 0, 9, 41], [60, 0, 2, 1, 135, 2], [0, 0, 95, 0, 80, 25], [24, 0, 35, 4, 135, 2]]
traning started for  20 epoch
epoch 20 loss: 0.0
validation accuracy :  1.0
validation class_total [600.0, 600.0, 600.0, 600.0, 600.0, 600.0]
validation class_correct [600.0, 600.0, 600.0, 600.0, 600.0, 600.0]
validation confusion_matrix [[600, 0, 0, 0, 0, 0], [0, 600, 0, 0, 0, 0], [0, 0, 600, 0, 0, 0], [0, 0, 0, 600, 0, 0], [0, 0, 0, 0, 600, 0], [0, 0, 0, 0, 0, 600]]
test accuracy :  0.1225
class_total [200.0, 200.0, 200.0, 200.0, 200.0, 200.0]
class_correct [1.0, 2.0, 62.0, 1.0, 75.0, 6.0]
confusion_matrix [[1, 62, 65, 71, 0, 1], [13, 2, 30, 4, 91, 60], [0, 79, 62, 0, 13, 46], [56, 0, 0, 1, 141, 2], [0, 0, 106, 0, 75, 19], [28, 0, 30, 10, 126, 6]]
traning started for  21 epoch
epoch 21 loss: 0.0
validation accuracy :  1.0
validation class_total [600.0, 600.0, 600.0, 600.0, 600.0, 600.0]
validation class_correct [600.0, 600.0, 600.0, 600.0, 600.0, 600.0]
validation confusion_matrix [[600, 0, 0, 0, 0, 0], [0, 600, 0, 0, 0, 0], [0, 0, 600, 0, 0, 0], [0, 0, 0, 600, 0, 0], [0, 0, 0, 0, 600, 0], [0, 0, 0, 0, 0, 600]]
test accuracy :  0.101666666667
class_total [200.0, 200.0, 200.0, 200.0, 200.0, 200.0]
class_correct [1.0, 1.0, 41.0, 1.0, 66.0, 12.0]
confusion_matrix [[1, 66, 39, 92, 0, 2], [20, 1, 20, 8, 69, 82], [0, 107, 41, 0, 12, 40], [62, 0, 0, 1, 134, 3], [0, 1, 99, 0, 66, 34], [22, 3, 40, 16, 107, 12]]
traning started for  22 epoch
epoch 22 loss: 9.53674316406e-07
validation accuracy :  1.0
validation class_total [600.0, 600.0, 600.0, 600.0, 600.0, 600.0]
validation class_correct [600.0, 600.0, 600.0, 600.0, 600.0, 600.0]
validation confusion_matrix [[600, 0, 0, 0, 0, 0], [0, 600, 0, 0, 0, 0], [0, 0, 600, 0, 0, 0], [0, 0, 0, 600, 0, 0], [0, 0, 0, 0, 600, 0], [0, 0, 0, 0, 0, 600]]
test accuracy :  0.1075
class_total [200.0, 200.0, 200.0, 200.0, 200.0, 200.0]
class_correct [1.0, 2.0, 41.0, 1.0, 67.0, 17.0]
confusion_matrix [[1, 83, 30, 83, 0, 3], [11, 2, 20, 5, 64, 98], [0, 105, 41, 0, 3, 51], [57, 0, 1, 1, 137, 4], [1, 3, 93, 0, 67, 36], [30, 4, 36, 12, 101, 17]]
traning started for  23 epoch
epoch 23 loss: 0.0
validation accuracy :  0.999722222222
validation class_total [600.0, 600.0, 600.0, 600.0, 600.0, 600.0]
validation class_correct [599.0, 600.0, 600.0, 600.0, 600.0, 600.0]
validation confusion_matrix [[599, 0, 0, 0, 1, 0], [0, 600, 0, 0, 0, 0], [0, 0, 600, 0, 0, 0], [0, 0, 0, 600, 0, 0], [0, 0, 0, 0, 600, 0], [0, 0, 0, 0, 0, 600]]
test accuracy :  0.104166666667
class_total [200.0, 200.0, 200.0, 200.0, 200.0, 200.0]
class_correct [2.0, 1.0, 57.0, 1.0, 40.0, 24.0]
confusion_matrix [[2, 58, 39, 95, 0, 6], [18, 1, 6, 2, 44, 129], [0, 105, 57, 0, 16, 22], [46, 0, 0, 1, 119, 34], [0, 10, 37, 0, 40, 113], [35, 6, 13, 15, 107, 24]]
traning started for  24 epoch
epoch 24 loss: 3.0517578125e-05
validation accuracy :  0.999444444444
validation class_total [600.0, 600.0, 600.0, 600.0, 600.0, 600.0]
validation class_correct [599.0, 600.0, 600.0, 600.0, 599.0, 600.0]
validation confusion_matrix [[599, 0, 0, 0, 0, 1], [0, 600, 0, 0, 0, 0], [0, 0, 600, 0, 0, 0], [0, 0, 0, 600, 0, 0], [1, 0, 0, 0, 599, 0], [0, 0, 0, 0, 0, 600]]
test accuracy :  0.123333333333
class_total [200.0, 200.0, 200.0, 200.0, 200.0, 200.0]
class_correct [1.0, 2.0, 74.0, 2.0, 65.0, 4.0]
confusion_matrix [[1, 53, 60, 85, 0, 1], [48, 2, 15, 7, 50, 78], [0, 100, 74, 0, 8, 18], [116, 0, 0, 2, 73, 9], [2, 4, 82, 0, 65, 47], [35, 0, 37, 15, 109, 4]]
traning started for  25 epoch
epoch 25 loss: 0.0
validation accuracy :  1.0
validation class_total [600.0, 600.0, 600.0, 600.0, 600.0, 600.0]
validation class_correct [600.0, 600.0, 600.0, 600.0, 600.0, 600.0]
validation confusion_matrix [[600, 0, 0, 0, 0, 0], [0, 600, 0, 0, 0, 0], [0, 0, 600, 0, 0, 0], [0, 0, 0, 600, 0, 0], [0, 0, 0, 0, 600, 0], [0, 0, 0, 0, 0, 600]]
test accuracy :  0.1275
class_total [200.0, 200.0, 200.0, 200.0, 200.0, 200.0]
class_correct [1.0, 3.0, 57.0, 2.0, 75.0, 15.0]
confusion_matrix [[1, 78, 50, 70, 0, 1], [28, 3, 12, 7, 53, 97], [0, 104, 57, 0, 9, 30], [90, 0, 0, 2, 93, 15], [1, 3, 79, 0, 75, 42], [29, 1, 32, 11, 112, 15]]
traning started for  26 epoch
epoch 26 loss: 0.0
validation accuracy :  1.0
validation class_total [600.0, 600.0, 600.0, 600.0, 600.0, 600.0]
validation class_correct [600.0, 600.0, 600.0, 600.0, 600.0, 600.0]
validation confusion_matrix [[600, 0, 0, 0, 0, 0], [0, 600, 0, 0, 0, 0], [0, 0, 600, 0, 0, 0], [0, 0, 0, 600, 0, 0], [0, 0, 0, 0, 600, 0], [0, 0, 0, 0, 0, 600]]
test accuracy :  0.136666666667
class_total [200.0, 200.0, 200.0, 200.0, 200.0, 200.0]
class_correct [1.0, 3.0, 78.0, 1.0, 72.0, 9.0]
confusion_matrix [[1, 55, 66, 76, 0, 2], [33, 3, 17, 8, 46, 93], [0, 96, 78, 0, 9, 17], [90, 0, 0, 1, 104, 5], [2, 3, 82, 0, 72, 41], [28, 0, 53, 20, 90, 9]]
traning started for  27 epoch
epoch 27 loss: 0.0
validation accuracy :  0.997777777778
validation class_total [600.0, 600.0, 600.0, 600.0, 600.0, 600.0]
validation class_correct [600.0, 599.0, 600.0, 594.0, 600.0, 599.0]
validation confusion_matrix [[600, 0, 0, 0, 0, 0], [0, 599, 1, 0, 0, 0], [0, 0, 600, 0, 0, 0], [6, 0, 0, 594, 0, 0], [0, 0, 0, 0, 600, 0], [0, 0, 0, 0, 1, 599]]
test accuracy :  0.219166666667
class_total [200.0, 200.0, 200.0, 200.0, 200.0, 200.0]
class_correct [5.0, 2.0, 113.0, 1.0, 137.0, 5.0]
confusion_matrix [[5, 8, 161, 12, 14, 0], [18, 2, 14, 0, 120, 46], [0, 21, 113, 0, 41, 25], [58, 0, 0, 1, 141, 0], [0, 0, 41, 0, 137, 22], [21, 0, 27, 3, 144, 5]]
traning started for  28 epoch
epoch 28 loss: 0.0
