cuda
traning started for  1 epoch
epoch 1 loss: 1.79326093197
validation accuracy :  0.230555555556
validation class_total [1200.0, 1200.0, 1200.0, 1200.0, 1200.0, 1200.0]
validation class_correct [254.0, 268.0, 431.0, 398.0, 184.0, 125.0]
validation confusion_matrix [[254, 240, 192, 353, 79, 82], [203, 268, 216, 353, 63, 97], [113, 149, 431, 245, 179, 83], [186, 226, 206, 398, 102, 82], [171, 164, 316, 289, 184, 76], [207, 196, 275, 302, 95, 125]]
test accuracy :  0.168333333333
class_total [400.0, 400.0, 400.0, 400.0, 400.0, 400.0]
class_correct [74.0, 53.0, 93.0, 103.0, 53.0, 28.0]
confusion_matrix [[74, 84, 82, 91, 31, 38], [41, 53, 110, 104, 56, 36], [63, 63, 93, 105, 49, 27], [59, 54, 118, 103, 30, 36], [53, 50, 112, 103, 53, 29], [57, 65, 93, 128, 29, 28]]
traning started for  2 epoch
epoch 2 loss: 1.36569309235
validation accuracy :  0.499027777778
validation class_total [1200.0, 1200.0, 1200.0, 1200.0, 1200.0, 1200.0]
validation class_correct [599.0, 711.0, 1026.0, 555.0, 327.0, 375.0]
validation confusion_matrix [[599, 50, 3, 476, 70, 2], [0, 711, 108, 4, 73, 304], [0, 8, 1026, 0, 42, 124], [501, 22, 10, 555, 110, 2], [14, 73, 589, 13, 327, 184], [2, 85, 637, 6, 95, 375]]
test accuracy :  0.222916666667
class_total [400.0, 400.0, 400.0, 400.0, 400.0, 400.0]
class_correct [151.0, 19.0, 210.0, 24.0, 77.0, 54.0]
confusion_matrix [[151, 33, 10, 122, 80, 4], [25, 19, 116, 32, 184, 24], [0, 21, 210, 0, 17, 152], [16, 51, 97, 24, 137, 75], [0, 7, 231, 0, 77, 85], [1, 14, 207, 5, 119, 54]]
traning started for  3 epoch
epoch 3 loss: 0.0848164558411
validation accuracy :  0.774583333333
validation class_total [1200.0, 1200.0, 1200.0, 1200.0, 1200.0, 1200.0]
validation class_correct [460.0, 1006.0, 1129.0, 840.0, 1030.0, 1112.0]
validation confusion_matrix [[460, 15, 1, 492, 232, 0], [0, 1006, 1, 1, 3, 189], [0, 0, 1129, 0, 13, 58], [136, 125, 0, 840, 89, 10], [0, 6, 131, 0, 1030, 33], [0, 5, 69, 0, 14, 1112]]
test accuracy :  0.0675
class_total [400.0, 400.0, 400.0, 400.0, 400.0, 400.0]
class_correct [53.0, 0.0, 50.0, 2.0, 38.0, 19.0]
confusion_matrix [[53, 50, 4, 95, 177, 21], [1, 0, 97, 1, 276, 25], [0, 7, 50, 0, 1, 342], [4, 4, 70, 2, 160, 160], [1, 0, 169, 0, 38, 192], [0, 1, 158, 0, 222, 19]]
traning started for  4 epoch
epoch 4 loss: 0.0263710021973
validation accuracy :  0.94875
validation class_total [1200.0, 1200.0, 1200.0, 1200.0, 1200.0, 1200.0]
validation class_correct [1093.0, 1151.0, 1114.0, 1124.0, 1177.0, 1172.0]
validation confusion_matrix [[1093, 0, 0, 25, 82, 0], [0, 1151, 0, 11, 4, 34], [0, 0, 1114, 0, 45, 41], [40, 15, 0, 1124, 21, 0], [1, 2, 12, 2, 1177, 6], [0, 5, 4, 0, 19, 1172]]
test accuracy :  0.119166666667
class_total [400.0, 400.0, 400.0, 400.0, 400.0, 400.0]
class_correct [78.0, 1.0, 1.0, 6.0, 190.0, 10.0]
confusion_matrix [[78, 29, 0, 249, 40, 4], [2, 1, 17, 3, 334, 43], [0, 78, 1, 0, 18, 303], [5, 14, 6, 6, 230, 139], [0, 3, 21, 0, 190, 186], [1, 0, 51, 0, 338, 10]]
traning started for  5 epoch
epoch 5 loss: 0.000134468078613
validation accuracy :  0.963194444444
validation class_total [1200.0, 1200.0, 1200.0, 1200.0, 1200.0, 1200.0]
validation class_correct [1156.0, 1109.0, 1175.0, 1138.0, 1162.0, 1195.0]
validation confusion_matrix [[1156, 0, 0, 4, 39, 1], [0, 1109, 8, 16, 2, 65], [0, 0, 1175, 0, 3, 22], [36, 9, 1, 1138, 11, 5], [6, 0, 25, 1, 1162, 6], [0, 1, 1, 0, 3, 1195]]
test accuracy :  0.0595833333333
class_total [400.0, 400.0, 400.0, 400.0, 400.0, 400.0]
class_correct [45.0, 0.0, 12.0, 4.0, 67.0, 15.0]
confusion_matrix [[45, 25, 36, 76, 150, 68], [0, 0, 115, 2, 151, 132], [0, 38, 12, 1, 0, 349], [2, 5, 20, 4, 161, 208], [0, 3, 30, 0, 67, 300], [5, 0, 95, 5, 280, 15]]
traning started for  6 epoch
epoch 6 loss: 0.000339508056641
validation accuracy :  0.985694444444
validation class_total [1200.0, 1200.0, 1200.0, 1200.0, 1200.0, 1200.0]
validation class_correct [1175.0, 1195.0, 1177.0, 1188.0, 1173.0, 1189.0]
validation confusion_matrix [[1175, 0, 0, 12, 13, 0], [0, 1195, 0, 4, 0, 1], [0, 1, 1177, 0, 6, 16], [7, 5, 0, 1188, 0, 0], [1, 3, 6, 3, 1173, 14], [0, 7, 0, 0, 4, 1189]]
test accuracy :  0.0995833333333
class_total [400.0, 400.0, 400.0, 400.0, 400.0, 400.0]
class_correct [28.0, 15.0, 9.0, 12.0, 155.0, 20.0]
confusion_matrix [[28, 57, 0, 298, 7, 10], [7, 15, 12, 36, 222, 108], [0, 147, 9, 1, 2, 241], [2, 30, 2, 12, 180, 174], [0, 6, 30, 1, 155, 208], [4, 2, 21, 25, 328, 20]]
traning started for  7 epoch
epoch 7 loss: 0.0072283744812
validation accuracy :  0.972222222222
validation class_total [1200.0, 1200.0, 1200.0, 1200.0, 1200.0, 1200.0]
validation class_correct [1158.0, 1185.0, 1193.0, 1163.0, 1102.0, 1199.0]
validation confusion_matrix [[1158, 0, 0, 10, 32, 0], [0, 1185, 1, 2, 1, 11], [0, 0, 1193, 0, 0, 7], [10, 22, 0, 1163, 4, 1], [0, 1, 48, 2, 1102, 47], [0, 1, 0, 0, 0, 1199]]
test accuracy :  0.102083333333
class_total [400.0, 400.0, 400.0, 400.0, 400.0, 400.0]
class_correct [124.0, 5.0, 12.0, 13.0, 24.0, 67.0]
confusion_matrix [[124, 44, 14, 68, 116, 34], [1, 5, 70, 5, 159, 160], [0, 259, 12, 0, 0, 129], [0, 30, 16, 13, 143, 198], [0, 33, 32, 0, 24, 311], [0, 6, 171, 9, 147, 67]]
traning started for  8 epoch
epoch 8 loss: 0.0026912689209
validation accuracy :  0.990555555556
validation class_total [1200.0, 1200.0, 1200.0, 1200.0, 1200.0, 1200.0]
validation class_correct [1177.0, 1192.0, 1173.0, 1200.0, 1195.0, 1195.0]
validation confusion_matrix [[1177, 0, 0, 10, 13, 0], [0, 1192, 0, 8, 0, 0], [1, 7, 1173, 0, 11, 8], [0, 0, 0, 1200, 0, 0], [2, 0, 0, 3, 1195, 0], [0, 0, 0, 0, 5, 1195]]
test accuracy :  0.1275
class_total [400.0, 400.0, 400.0, 400.0, 400.0, 400.0]
class_correct [49.0, 5.0, 15.0, 39.0, 189.0, 9.0]
confusion_matrix [[49, 49, 0, 265, 35, 2], [6, 5, 16, 48, 226, 99], [0, 128, 15, 10, 49, 198], [2, 18, 0, 39, 261, 80], [0, 7, 13, 5, 189, 186], [3, 0, 40, 11, 337, 9]]
traning started for  9 epoch
epoch 9 loss: 0.00355052947998
validation accuracy :  0.9875
validation class_total [1200.0, 1200.0, 1200.0, 1200.0, 1200.0, 1200.0]
validation class_correct [1187.0, 1198.0, 1195.0, 1177.0, 1167.0, 1186.0]
validation confusion_matrix [[1187, 0, 0, 3, 10, 0], [0, 1198, 0, 2, 0, 0], [0, 1, 1195, 0, 0, 4], [1, 21, 0, 1177, 0, 1], [4, 1, 23, 0, 1167, 5], [0, 11, 2, 0, 1, 1186]]
test accuracy :  0.0541666666667
class_total [400.0, 400.0, 400.0, 400.0, 400.0, 400.0]
class_correct [14.0, 18.0, 18.0, 17.0, 54.0, 9.0]
confusion_matrix [[14, 176, 19, 153, 22, 16], [1, 18, 81, 11, 79, 210], [0, 284, 18, 4, 7, 87], [2, 20, 13, 17, 209, 139], [0, 26, 31, 4, 54, 285], [2, 1, 96, 10, 282, 9]]
traning started for  10 epoch
epoch 10 loss: 0.000493049621582
validation accuracy :  0.995833333333
validation class_total [1200.0, 1200.0, 1200.0, 1200.0, 1200.0, 1200.0]
validation class_correct [1193.0, 1190.0, 1199.0, 1193.0, 1198.0, 1197.0]
validation confusion_matrix [[1193, 0, 0, 1, 6, 0], [0, 1190, 0, 6, 2, 2], [0, 0, 1199, 0, 1, 0], [2, 1, 0, 1193, 4, 0], [1, 0, 1, 0, 1198, 0], [0, 1, 0, 0, 2, 1197]]
test accuracy :  0.0991666666667
class_total [400.0, 400.0, 400.0, 400.0, 400.0, 400.0]
class_correct [34.0, 3.0, 21.0, 19.0, 160.0, 1.0]
confusion_matrix [[34, 20, 2, 316, 25, 3], [3, 3, 21, 47, 276, 50], [0, 108, 21, 10, 37, 224], [2, 11, 2, 19, 218, 148], [0, 1, 10, 1, 160, 228], [2, 0, 34, 2, 361, 1]]
traning started for  11 epoch
epoch 11 loss: 8.29696655273e-05
validation accuracy :  0.995555555556
validation class_total [1200.0, 1200.0, 1200.0, 1200.0, 1200.0, 1200.0]
validation class_correct [1192.0, 1199.0, 1196.0, 1194.0, 1189.0, 1198.0]
validation confusion_matrix [[1192, 0, 0, 5, 3, 0], [0, 1199, 0, 1, 0, 0], [0, 0, 1196, 0, 1, 3], [1, 4, 0, 1194, 1, 0], [0, 1, 2, 0, 1189, 8], [0, 1, 1, 0, 0, 1198]]
test accuracy :  0.08
class_total [400.0, 400.0, 400.0, 400.0, 400.0, 400.0]
class_correct [51.0, 3.0, 4.0, 28.0, 86.0, 20.0]
confusion_matrix [[51, 49, 6, 255, 25, 14], [5, 3, 14, 43, 238, 97], [0, 277, 4, 2, 5, 112], [6, 35, 6, 28, 169, 156], [0, 16, 74, 3, 86, 221], [1, 1, 98, 36, 244, 20]]
traning started for  12 epoch
epoch 12 loss: 0.00091552734375
validation accuracy :  0.98875
validation class_total [1200.0, 1200.0, 1200.0, 1200.0, 1200.0, 1200.0]
validation class_correct [1199.0, 1169.0, 1198.0, 1167.0, 1192.0, 1194.0]
validation confusion_matrix [[1199, 0, 0, 0, 1, 0], [1, 1169, 0, 6, 8, 16], [0, 0, 1198, 0, 2, 0], [28, 3, 0, 1167, 2, 0], [3, 0, 3, 0, 1192, 2], [0, 0, 0, 0, 6, 1194]]
test accuracy :  0.148333333333
class_total [400.0, 400.0, 400.0, 400.0, 400.0, 400.0]
class_correct [114.0, 2.0, 79.0, 14.0, 145.0, 2.0]
confusion_matrix [[114, 31, 0, 229, 25, 1], [5, 2, 10, 39, 297, 47], [0, 102, 79, 0, 25, 194], [2, 18, 4, 14, 164, 198], [0, 6, 125, 0, 145, 124], [2, 0, 39, 0, 357, 2]]
traning started for  13 epoch
epoch 13 loss: 0.00613689422607
validation accuracy :  0.9975
validation class_total [1200.0, 1200.0, 1200.0, 1200.0, 1200.0, 1200.0]
validation class_correct [1194.0, 1197.0, 1200.0, 1198.0, 1195.0, 1198.0]
validation confusion_matrix [[1194, 0, 0, 4, 2, 0], [0, 1197, 0, 3, 0, 0], [0, 0, 1200, 0, 0, 0], [1, 1, 0, 1198, 0, 0], [1, 0, 1, 1, 1195, 2], [0, 1, 0, 0, 1, 1198]]
test accuracy :  0.13375
class_total [400.0, 400.0, 400.0, 400.0, 400.0, 400.0]
class_correct [89.0, 0.0, 46.0, 11.0, 165.0, 10.0]
confusion_matrix [[89, 38, 3, 257, 12, 1], [9, 0, 27, 33, 298, 33], [0, 220, 46, 3, 16, 115], [3, 12, 7, 11, 231, 136], [0, 12, 37, 0, 165, 186], [1, 2, 64, 12, 311, 10]]
traning started for  14 epoch
epoch 14 loss: 0.000237464904785
validation accuracy :  0.986805555556
validation class_total [1200.0, 1200.0, 1200.0, 1200.0, 1200.0, 1200.0]
validation class_correct [1180.0, 1166.0, 1192.0, 1182.0, 1185.0, 1200.0]
validation confusion_matrix [[1180, 0, 0, 0, 20, 0], [0, 1166, 0, 1, 1, 32], [0, 0, 1192, 0, 1, 7], [5, 0, 0, 1182, 13, 0], [0, 0, 0, 0, 1185, 15], [0, 0, 0, 0, 0, 1200]]
test accuracy :  0.13
class_total [400.0, 400.0, 400.0, 400.0, 400.0, 400.0]
class_correct [47.0, 0.0, 70.0, 0.0, 159.0, 36.0]
confusion_matrix [[47, 36, 1, 253, 36, 27], [0, 0, 13, 9, 293, 85], [0, 22, 70, 0, 5, 303], [2, 0, 5, 0, 288, 105], [0, 0, 30, 0, 159, 211], [0, 0, 16, 2, 346, 36]]
traning started for  15 epoch
epoch 15 loss: 0.000570297241211
validation accuracy :  0.994583333333
validation class_total [1200.0, 1200.0, 1200.0, 1200.0, 1200.0, 1200.0]
validation class_correct [1197.0, 1199.0, 1183.0, 1198.0, 1199.0, 1185.0]
validation confusion_matrix [[1197, 0, 0, 2, 1, 0], [0, 1199, 0, 0, 1, 0], [0, 2, 1183, 0, 6, 9], [0, 2, 0, 1198, 0, 0], [0, 0, 0, 1, 1199, 0], [0, 9, 0, 0, 6, 1185]]
test accuracy :  0.095
class_total [400.0, 400.0, 400.0, 400.0, 400.0, 400.0]
class_correct [26.0, 8.0, 4.0, 20.0, 167.0, 3.0]
confusion_matrix [[26, 58, 0, 300, 8, 8], [5, 8, 14, 70, 200, 103], [1, 306, 4, 8, 10, 71], [3, 19, 0, 20, 220, 138], [0, 16, 47, 5, 167, 165], [2, 1, 13, 22, 359, 3]]
traning started for  16 epoch
epoch 16 loss: 0.000261306762695
validation accuracy :  0.999027777778
validation class_total [1200.0, 1200.0, 1200.0, 1200.0, 1200.0, 1200.0]
validation class_correct [1199.0, 1200.0, 1200.0, 1200.0, 1196.0, 1198.0]
validation confusion_matrix [[1199, 0, 0, 1, 0, 0], [0, 1200, 0, 0, 0, 0], [0, 0, 1200, 0, 0, 0], [0, 0, 0, 1200, 0, 0], [1, 2, 0, 1, 1196, 0], [0, 2, 0, 0, 0, 1198]]
test accuracy :  0.0866666666667
class_total [400.0, 400.0, 400.0, 400.0, 400.0, 400.0]
class_correct [30.0, 11.0, 22.0, 26.0, 89.0, 30.0]
confusion_matrix [[30, 38, 1, 323, 6, 2], [3, 11, 19, 89, 154, 124], [0, 259, 22, 3, 7, 109], [3, 14, 2, 26, 192, 163], [0, 7, 55, 1, 89, 248], [1, 2, 40, 30, 297, 30]]
traning started for  17 epoch
epoch 17 loss: 0.000499725341797
validation accuracy :  0.999583333333
validation class_total [1200.0, 1200.0, 1200.0, 1200.0, 1200.0, 1200.0]
validation class_correct [1199.0, 1200.0, 1200.0, 1200.0, 1200.0, 1198.0]
validation confusion_matrix [[1199, 0, 0, 0, 1, 0], [0, 1200, 0, 0, 0, 0], [0, 0, 1200, 0, 0, 0], [0, 0, 0, 1200, 0, 0], [0, 0, 0, 0, 1200, 0], [0, 1, 1, 0, 0, 1198]]
test accuracy :  0.12125
class_total [400.0, 400.0, 400.0, 400.0, 400.0, 400.0]
class_correct [57.0, 7.0, 58.0, 17.0, 146.0, 6.0]
confusion_matrix [[57, 64, 10, 250, 17, 2], [0, 7, 42, 24, 222, 105], [0, 213, 58, 0, 10, 119], [1, 11, 3, 17, 225, 143], [0, 5, 62, 1, 146, 186], [0, 0, 58, 12, 324, 6]]
traning started for  18 epoch
epoch 18 loss: 0.00956153869629
validation accuracy :  0.995555555556
validation class_total [1200.0, 1200.0, 1200.0, 1200.0, 1200.0, 1200.0]
validation class_correct [1184.0, 1200.0, 1200.0, 1186.0, 1198.0, 1200.0]
validation confusion_matrix [[1184, 0, 0, 14, 2, 0], [0, 1200, 0, 0, 0, 0], [0, 0, 1200, 0, 0, 0], [14, 0, 0, 1186, 0, 0], [1, 0, 1, 0, 1198, 0], [0, 0, 0, 0, 0, 1200]]
test accuracy :  0.175
class_total [400.0, 400.0, 400.0, 400.0, 400.0, 400.0]
class_correct [189.0, 4.0, 83.0, 12.0, 123.0, 9.0]
confusion_matrix [[189, 49, 27, 94, 30, 11], [5, 4, 67, 13, 194, 117], [0, 174, 83, 1, 4, 138], [2, 17, 9, 12, 202, 158], [0, 5, 78, 0, 123, 194], [2, 0, 97, 5, 287, 9]]
traning started for  19 epoch
epoch 19 loss: 0.0330467224121
validation accuracy :  0.999444444444
validation class_total [1200.0, 1200.0, 1200.0, 1200.0, 1200.0, 1200.0]
validation class_correct [1199.0, 1200.0, 1200.0, 1200.0, 1197.0, 1200.0]
validation confusion_matrix [[1199, 0, 0, 1, 0, 0], [0, 1200, 0, 0, 0, 0], [0, 0, 1200, 0, 0, 0], [0, 0, 0, 1200, 0, 0], [0, 0, 0, 0, 1197, 3], [0, 0, 0, 0, 0, 1200]]
test accuracy :  0.126666666667
class_total [400.0, 400.0, 400.0, 400.0, 400.0, 400.0]
class_correct [68.0, 5.0, 50.0, 22.0, 143.0, 16.0]
confusion_matrix [[68, 54, 6, 248, 21, 3], [2, 5, 30, 35, 205, 123], [0, 198, 50, 2, 8, 142], [1, 15, 1, 22, 218, 143], [0, 3, 44, 0, 143, 210], [0, 1, 51, 15, 317, 16]]
traning started for  20 epoch
epoch 20 loss: 0.0540208816528
validation accuracy :  1.0
validation class_total [1200.0, 1200.0, 1200.0, 1200.0, 1200.0, 1200.0]
validation class_correct [1200.0, 1200.0, 1200.0, 1200.0, 1200.0, 1200.0]
validation confusion_matrix [[1200, 0, 0, 0, 0, 0], [0, 1200, 0, 0, 0, 0], [0, 0, 1200, 0, 0, 0], [0, 0, 0, 1200, 0, 0], [0, 0, 0, 0, 1200, 0], [0, 0, 0, 0, 0, 1200]]
test accuracy :  0.120416666667
class_total [400.0, 400.0, 400.0, 400.0, 400.0, 400.0]
class_correct [91.0, 4.0, 58.0, 15.0, 115.0, 6.0]
confusion_matrix [[91, 65, 8, 197, 31, 8], [1, 4, 35, 23, 196, 141], [0, 220, 58, 3, 9, 110], [0, 16, 4, 15, 178, 187], [0, 8, 68, 0, 115, 209], [0, 0, 46, 8, 340, 6]]
traning started for  21 epoch
epoch 21 loss: 0.00068473815918
validation accuracy :  0.999861111111
validation class_total [1200.0, 1200.0, 1200.0, 1200.0, 1200.0, 1200.0]
validation class_correct [1200.0, 1199.0, 1200.0, 1200.0, 1200.0, 1200.0]
validation confusion_matrix [[1200, 0, 0, 0, 0, 0], [0, 1199, 1, 0, 0, 0], [0, 0, 1200, 0, 0, 0], [0, 0, 0, 1200, 0, 0], [0, 0, 0, 0, 1200, 0], [0, 0, 0, 0, 0, 1200]]
test accuracy :  0.09875
class_total [400.0, 400.0, 400.0, 400.0, 400.0, 400.0]
class_correct [67.0, 4.0, 72.0, 16.0, 71.0, 7.0]
confusion_matrix [[67, 40, 9, 255, 20, 9], [2, 4, 54, 27, 220, 93], [0, 174, 72, 3, 1, 150], [0, 16, 8, 16, 217, 143], [0, 4, 79, 1, 71, 245], [1, 1, 48, 21, 322, 7]]
traning started for  22 epoch
epoch 22 loss: 1.90734863281e-06
validation accuracy :  1.0
validation class_total [1200.0, 1200.0, 1200.0, 1200.0, 1200.0, 1200.0]
validation class_correct [1200.0, 1200.0, 1200.0, 1200.0, 1200.0, 1200.0]
validation confusion_matrix [[1200, 0, 0, 0, 0, 0], [0, 1200, 0, 0, 0, 0], [0, 0, 1200, 0, 0, 0], [0, 0, 0, 1200, 0, 0], [0, 0, 0, 0, 1200, 0], [0, 0, 0, 0, 0, 1200]]
test accuracy :  0.1075
class_total [400.0, 400.0, 400.0, 400.0, 400.0, 400.0]
class_correct [84.0, 3.0, 48.0, 23.0, 95.0, 5.0]
confusion_matrix [[84, 30, 4, 257, 20, 5], [2, 3, 34, 30, 246, 85], [0, 187, 48, 1, 3, 161], [3, 15, 3, 23, 221, 135], [0, 5, 54, 1, 95, 245], [1, 0, 36, 17, 341, 5]]
traning started for  23 epoch
epoch 23 loss: 0.000195503234863
validation accuracy :  0.997638888889
validation class_total [1200.0, 1200.0, 1200.0, 1200.0, 1200.0, 1200.0]
validation class_correct [1189.0, 1200.0, 1200.0, 1199.0, 1196.0, 1199.0]
validation confusion_matrix [[1189, 0, 0, 8, 3, 0], [0, 1200, 0, 0, 0, 0], [0, 0, 1200, 0, 0, 0], [0, 0, 0, 1199, 1, 0], [1, 1, 0, 2, 1196, 0], [0, 1, 0, 0, 0, 1199]]
test accuracy :  0.109583333333
class_total [400.0, 400.0, 400.0, 400.0, 400.0, 400.0]
class_correct [80.0, 10.0, 19.0, 25.0, 115.0, 14.0]
confusion_matrix [[80, 62, 2, 242, 11, 3], [3, 10, 28, 96, 179, 84], [0, 229, 19, 0, 4, 148], [0, 28, 2, 25, 186, 159], [0, 11, 38, 0, 115, 236], [0, 0, 57, 14, 315, 14]]
traning started for  24 epoch
epoch 24 loss: 0.000258445739746
validation accuracy :  0.998194444444
validation class_total [1200.0, 1200.0, 1200.0, 1200.0, 1200.0, 1200.0]
validation class_correct [1199.0, 1198.0, 1198.0, 1194.0, 1199.0, 1199.0]
validation confusion_matrix [[1199, 0, 0, 0, 1, 0], [0, 1198, 0, 0, 1, 1], [0, 0, 1198, 0, 1, 1], [2, 3, 0, 1194, 1, 0], [1, 0, 0, 0, 1199, 0], [0, 1, 0, 0, 0, 1199]]
test accuracy :  0.138333333333
class_total [400.0, 400.0, 400.0, 400.0, 400.0, 400.0]
class_correct [56.0, 6.0, 78.0, 26.0, 134.0, 32.0]
confusion_matrix [[56, 72, 11, 241, 12, 8], [7, 6, 28, 45, 173, 141], [0, 206, 78, 2, 12, 102], [3, 31, 4, 26, 169, 167], [0, 14, 58, 1, 134, 193], [1, 3, 60, 11, 293, 32]]
traning started for  25 epoch
epoch 25 loss: 0.000800132751465
validation accuracy :  0.999027777778
validation class_total [1200.0, 1200.0, 1200.0, 1200.0, 1200.0, 1200.0]
validation class_correct [1200.0, 1196.0, 1199.0, 1200.0, 1200.0, 1198.0]
validation confusion_matrix [[1200, 0, 0, 0, 0, 0], [0, 1196, 0, 4, 0, 0], [0, 0, 1199, 0, 1, 0], [0, 0, 0, 1200, 0, 0], [0, 0, 0, 0, 1200, 0], [0, 0, 0, 0, 2, 1198]]
test accuracy :  0.125
class_total [400.0, 400.0, 400.0, 400.0, 400.0, 400.0]
class_correct [25.0, 3.0, 59.0, 50.0, 157.0, 6.0]
confusion_matrix [[25, 31, 7, 332, 2, 3], [3, 3, 16, 136, 145, 97], [0, 138, 59, 12, 19, 172], [2, 15, 4, 50, 166, 163], [0, 8, 47, 8, 157, 180], [0, 1, 49, 24, 320, 6]]
traning started for  26 epoch
epoch 26 loss: 9.53674316406e-06
validation accuracy :  0.999583333333
validation class_total [1200.0, 1200.0, 1200.0, 1200.0, 1200.0, 1200.0]
validation class_correct [1200.0, 1200.0, 1197.0, 1200.0, 1200.0, 1200.0]
validation confusion_matrix [[1200, 0, 0, 0, 0, 0], [0, 1200, 0, 0, 0, 0], [0, 2, 1197, 0, 1, 0], [0, 0, 0, 1200, 0, 0], [0, 0, 0, 0, 1200, 0], [0, 0, 0, 0, 0, 1200]]
test accuracy :  0.065
class_total [400.0, 400.0, 400.0, 400.0, 400.0, 400.0]
class_correct [20.0, 4.0, 35.0, 18.0, 66.0, 13.0]
confusion_matrix [[20, 70, 1, 296, 9, 4], [0, 4, 12, 54, 160, 170], [0, 144, 35, 1, 9, 211], [1, 19, 2, 18, 170, 190], [0, 7, 10, 1, 66, 316], [0, 2, 14, 23, 348, 13]]
traning started for  27 epoch
epoch 27 loss: 0.00142002105713
validation accuracy :  0.999444444444
validation class_total [1200.0, 1200.0, 1200.0, 1200.0, 1200.0, 1200.0]
validation class_correct [1200.0, 1200.0, 1200.0, 1200.0, 1197.0, 1199.0]
validation confusion_matrix [[1200, 0, 0, 0, 0, 0], [0, 1200, 0, 0, 0, 0], [0, 0, 1200, 0, 0, 0], [0, 0, 0, 1200, 0, 0], [0, 0, 2, 1, 1197, 0], [0, 0, 0, 0, 1, 1199]]
test accuracy :  0.125
class_total [400.0, 400.0, 400.0, 400.0, 400.0, 400.0]
class_correct [36.0, 1.0, 41.0, 20.0, 199.0, 3.0]
confusion_matrix [[36, 37, 11, 298, 15, 3], [4, 1, 18, 70, 258, 49], [0, 83, 41, 0, 21, 255], [2, 12, 1, 20, 246, 119], [0, 1, 22, 0, 199, 178], [0, 0, 43, 22, 332, 3]]
traning started for  28 epoch
epoch 28 loss: 5.72204589844e-06
validation accuracy :  0.998611111111
validation class_total [1200.0, 1200.0, 1200.0, 1200.0, 1200.0, 1200.0]
validation class_correct [1199.0, 1197.0, 1200.0, 1198.0, 1196.0, 1200.0]
validation confusion_matrix [[1199, 1, 0, 0, 0, 0], [0, 1197, 0, 1, 0, 2], [0, 0, 1200, 0, 0, 0], [0, 2, 0, 1198, 0, 0], [0, 1, 0, 0, 1196, 3], [0, 0, 0, 0, 0, 1200]]
test accuracy :  0.125833333333
class_total [400.0, 400.0, 400.0, 400.0, 400.0, 400.0]
class_correct [20.0, 8.0, 65.0, 29.0, 150.0, 30.0]
confusion_matrix [[20, 96, 10, 227, 27, 20], [3, 8, 11, 96, 140, 142], [0, 107, 65, 1, 19, 208], [6, 17, 1, 29, 177, 170], [0, 2, 20, 4, 150, 224], [0, 4, 28, 15, 323, 30]]
traning started for  29 epoch
epoch 29 loss: 0.000388145446777
validation accuracy :  0.999305555556
validation class_total [1200.0, 1200.0, 1200.0, 1200.0, 1200.0, 1200.0]
validation class_correct [1200.0, 1199.0, 1200.0, 1200.0, 1196.0, 1200.0]
validation confusion_matrix [[1200, 0, 0, 0, 0, 0], [0, 1199, 0, 1, 0, 0], [0, 0, 1200, 0, 0, 0], [0, 0, 0, 1200, 0, 0], [0, 0, 0, 2, 1196, 2], [0, 0, 0, 0, 0, 1200]]
test accuracy :  0.138333333333
class_total [400.0, 400.0, 400.0, 400.0, 400.0, 400.0]
class_correct [27.0, 1.0, 102.0, 26.0, 161.0, 15.0]
confusion_matrix [[27, 62, 14, 236, 39, 22], [5, 1, 21, 62, 192, 119], [0, 149, 102, 2, 26, 121], [4, 12, 2, 26, 173, 183], [0, 2, 45, 6, 161, 186], [0, 0, 32, 18, 335, 15]]
traning started for  30 epoch
epoch 30 loss: 0.00025749206543
validation accuracy :  0.999861111111
validation class_total [1200.0, 1200.0, 1200.0, 1200.0, 1200.0, 1200.0]
validation class_correct [1200.0, 1200.0, 1200.0, 1200.0, 1200.0, 1199.0]
validation confusion_matrix [[1200, 0, 0, 0, 0, 0], [0, 1200, 0, 0, 0, 0], [0, 0, 1200, 0, 0, 0], [0, 0, 0, 1200, 0, 0], [0, 0, 0, 0, 1200, 0], [0, 1, 0, 0, 0, 1199]]
test accuracy :  0.133333333333
class_total [400.0, 400.0, 400.0, 400.0, 400.0, 400.0]
class_correct [20.0, 2.0, 87.0, 26.0, 181.0, 4.0]
confusion_matrix [[20, 49, 12, 276, 36, 7], [3, 2, 18, 67, 248, 62], [0, 182, 87, 1, 24, 106], [4, 14, 1, 26, 221, 134], [0, 3, 64, 4, 181, 148], [0, 0, 36, 12, 348, 4]]
traning started for  31 epoch
epoch 31 loss: 3.81469726562e-06
validation accuracy :  1.0
validation class_total [1200.0, 1200.0, 1200.0, 1200.0, 1200.0, 1200.0]
validation class_correct [1200.0, 1200.0, 1200.0, 1200.0, 1200.0, 1200.0]
validation confusion_matrix [[1200, 0, 0, 0, 0, 0], [0, 1200, 0, 0, 0, 0], [0, 0, 1200, 0, 0, 0], [0, 0, 0, 1200, 0, 0], [0, 0, 0, 0, 1200, 0], [0, 0, 0, 0, 0, 1200]]
test accuracy :  0.137083333333
class_total [400.0, 400.0, 400.0, 400.0, 400.0, 400.0]
class_correct [30.0, 0.0, 108.0, 16.0, 173.0, 2.0]
confusion_matrix [[30, 46, 14, 251, 53, 6], [1, 0, 19, 48, 271, 61], [0, 140, 108, 1, 29, 122], [3, 8, 2, 16, 241, 130], [0, 3, 62, 2, 173, 160], [0, 0, 37, 13, 348, 2]]
traning started for  32 epoch
epoch 32 loss: 0.00500679016113
validation accuracy :  1.0
validation class_total [1200.0, 1200.0, 1200.0, 1200.0, 1200.0, 1200.0]
validation class_correct [1200.0, 1200.0, 1200.0, 1200.0, 1200.0, 1200.0]
validation confusion_matrix [[1200, 0, 0, 0, 0, 0], [0, 1200, 0, 0, 0, 0], [0, 0, 1200, 0, 0, 0], [0, 0, 0, 1200, 0, 0], [0, 0, 0, 0, 1200, 0], [0, 0, 0, 0, 0, 1200]]
test accuracy :  0.119583333333
class_total [400.0, 400.0, 400.0, 400.0, 400.0, 400.0]
class_correct [17.0, 1.0, 84.0, 23.0, 151.0, 11.0]
confusion_matrix [[17, 48, 11, 278, 37, 9], [1, 1, 16, 59, 243, 80], [0, 151, 84, 4, 20, 141], [1, 16, 1, 23, 220, 139], [0, 3, 46, 3, 151, 197], [0, 1, 33, 21, 334, 11]]
traning started for  33 epoch
epoch 33 loss: 0.0
validation accuracy :  1.0
validation class_total [1200.0, 1200.0, 1200.0, 1200.0, 1200.0, 1200.0]
validation class_correct [1200.0, 1200.0, 1200.0, 1200.0, 1200.0, 1200.0]
validation confusion_matrix [[1200, 0, 0, 0, 0, 0], [0, 1200, 0, 0, 0, 0], [0, 0, 1200, 0, 0, 0], [0, 0, 0, 1200, 0, 0], [0, 0, 0, 0, 1200, 0], [0, 0, 0, 0, 0, 1200]]
test accuracy :  0.123333333333
class_total [400.0, 400.0, 400.0, 400.0, 400.0, 400.0]
class_correct [23.0, 2.0, 76.0, 20.0, 169.0, 6.0]
confusion_matrix [[23, 51, 10, 266, 40, 10], [3, 2, 14, 55, 253, 73], [0, 151, 76, 1, 22, 150], [2, 10, 3, 20, 228, 137], [0, 3, 40, 2, 169, 186], [0, 0, 26, 17, 351, 6]]
traning started for  34 epoch
