cuda
traning started for  1 epoch
epoch 1 loss: 1.7286336422
validation accuracy :  0.166388888889
validation class_total [1200.0, 1200.0, 1200.0, 1200.0, 1200.0, 1200.0]
validation class_correct [82.0, 341.0, 257.0, 183.0, 218.0, 117.0]
validation confusion_matrix [[82, 362, 250, 199, 210, 97], [108, 341, 260, 183, 198, 110], [108, 316, 257, 180, 208, 131], [98, 345, 269, 183, 211, 94], [105, 330, 279, 178, 218, 90], [106, 339, 235, 183, 220, 117]]
test accuracy :  0.160833333333
class_total [400.0, 400.0, 400.0, 400.0, 400.0, 400.0]
class_correct [36.0, 95.0, 97.0, 60.0, 66.0, 32.0]
confusion_matrix [[36, 118, 76, 62, 76, 32], [31, 95, 87, 68, 68, 51], [39, 98, 97, 65, 74, 27], [35, 105, 99, 60, 66, 35], [33, 96, 87, 71, 66, 47], [32, 119, 79, 61, 77, 32]]
traning started for  2 epoch
epoch 2 loss: 1.75932919979
validation accuracy :  0.16875
validation class_total [1200.0, 1200.0, 1200.0, 1200.0, 1200.0, 1200.0]
validation class_correct [126.0, 293.0, 253.0, 215.0, 201.0, 127.0]
validation confusion_matrix [[126, 276, 249, 208, 219, 122], [113, 293, 248, 196, 208, 142], [112, 272, 253, 197, 205, 161], [122, 283, 235, 215, 214, 131], [128, 300, 249, 214, 201, 108], [127, 305, 205, 225, 211, 127]]
test accuracy :  0.170833333333
class_total [400.0, 400.0, 400.0, 400.0, 400.0, 400.0]
class_correct [36.0, 113.0, 87.0, 62.0, 66.0, 46.0]
confusion_matrix [[36, 101, 79, 68, 68, 48], [41, 113, 74, 64, 61, 47], [51, 89, 87, 56, 76, 41], [52, 104, 80, 62, 65, 37], [41, 105, 97, 56, 66, 35], [43, 95, 73, 61, 82, 46]]
traning started for  3 epoch
epoch 3 loss: 1.84234118462
validation accuracy :  0.172222222222
validation class_total [1200.0, 1200.0, 1200.0, 1200.0, 1200.0, 1200.0]
validation class_correct [120.0, 275.0, 267.0, 222.0, 210.0, 146.0]
validation confusion_matrix [[120, 290, 234, 210, 202, 144], [154, 275, 230, 201, 203, 137], [135, 256, 267, 178, 212, 152], [138, 260, 236, 222, 200, 144], [134, 277, 252, 207, 210, 120], [134, 270, 236, 211, 203, 146]]
test accuracy :  0.16875
class_total [400.0, 400.0, 400.0, 400.0, 400.0, 400.0]
class_correct [48.0, 88.0, 93.0, 63.0, 69.0, 44.0]
confusion_matrix [[48, 99, 77, 65, 67, 44], [43, 88, 81, 66, 76, 46], [47, 74, 93, 68, 64, 54], [57, 81, 87, 63, 61, 51], [50, 86, 82, 67, 69, 46], [71, 73, 74, 67, 71, 44]]
traning started for  4 epoch
epoch 4 loss: 1.73828542233
validation accuracy :  0.175416666667
validation class_total [1200.0, 1200.0, 1200.0, 1200.0, 1200.0, 1200.0]
validation class_correct [148.0, 274.0, 239.0, 203.0, 228.0, 171.0]
validation confusion_matrix [[148, 257, 227, 215, 213, 140], [136, 274, 190, 200, 232, 168], [150, 224, 239, 206, 211, 170], [170, 260, 224, 203, 201, 142], [161, 229, 252, 176, 228, 154], [153, 229, 231, 206, 210, 171]]
test accuracy :  0.155416666667
class_total [400.0, 400.0, 400.0, 400.0, 400.0, 400.0]
class_correct [42.0, 71.0, 76.0, 66.0, 69.0, 49.0]
confusion_matrix [[42, 81, 78, 62, 71, 66], [50, 71, 89, 65, 74, 51], [48, 78, 76, 71, 74, 53], [51, 78, 80, 66, 79, 46], [52, 89, 83, 57, 69, 50], [47, 93, 85, 61, 65, 49]]
traning started for  5 epoch
epoch 5 loss: 2.12934422493
validation accuracy :  0.180138888889
validation class_total [1200.0, 1200.0, 1200.0, 1200.0, 1200.0, 1200.0]
validation class_correct [171.0, 264.0, 241.0, 207.0, 225.0, 189.0]
validation confusion_matrix [[171, 228, 242, 197, 197, 165], [155, 264, 232, 188, 211, 150], [148, 226, 241, 189, 224, 172], [165, 244, 235, 207, 209, 140], [170, 210, 225, 212, 225, 158], [160, 226, 222, 199, 204, 189]]
test accuracy :  0.172916666667
class_total [400.0, 400.0, 400.0, 400.0, 400.0, 400.0]
class_correct [51.0, 75.0, 86.0, 78.0, 60.0, 65.0]
confusion_matrix [[51, 80, 65, 75, 79, 50], [51, 75, 82, 70, 65, 57], [62, 66, 86, 57, 73, 56], [51, 80, 73, 78, 67, 51], [46, 78, 87, 75, 60, 54], [52, 77, 74, 55, 77, 65]]
traning started for  6 epoch
epoch 6 loss: 1.5101827383
validation accuracy :  0.1775
validation class_total [1200.0, 1200.0, 1200.0, 1200.0, 1200.0, 1200.0]
validation class_correct [166.0, 238.0, 252.0, 218.0, 213.0, 191.0]
validation confusion_matrix [[166, 221, 244, 197, 207, 165], [164, 238, 241, 201, 186, 170], [187, 209, 252, 176, 189, 187], [157, 220, 226, 218, 207, 172], [174, 232, 213, 204, 213, 164], [175, 245, 217, 177, 195, 191]]
test accuracy :  0.15
class_total [400.0, 400.0, 400.0, 400.0, 400.0, 400.0]
class_correct [41.0, 60.0, 86.0, 59.0, 61.0, 53.0]
confusion_matrix [[41, 68, 71, 75, 86, 59], [59, 60, 79, 72, 69, 61], [59, 76, 86, 66, 62, 51], [48, 79, 84, 59, 68, 62], [69, 65, 72, 72, 61, 61], [64, 75, 70, 64, 74, 53]]
traning started for  7 epoch
epoch 7 loss: 1.58155810833
validation accuracy :  0.176805555556
validation class_total [1200.0, 1200.0, 1200.0, 1200.0, 1200.0, 1200.0]
validation class_correct [157.0, 241.0, 251.0, 225.0, 208.0, 191.0]
validation confusion_matrix [[157, 213, 253, 198, 206, 173], [166, 241, 215, 193, 211, 174], [169, 211, 251, 197, 198, 174], [170, 214, 216, 225, 204, 171], [160, 207, 236, 215, 208, 174], [145, 215, 236, 199, 214, 191]]
test accuracy :  0.162916666667
class_total [400.0, 400.0, 400.0, 400.0, 400.0, 400.0]
class_correct [52.0, 78.0, 79.0, 65.0, 56.0, 61.0]
confusion_matrix [[52, 63, 84, 73, 79, 49], [47, 78, 80, 64, 56, 75], [62, 68, 79, 68, 60, 63], [62, 82, 74, 65, 64, 53], [59, 69, 92, 61, 56, 63], [65, 75, 64, 64, 71, 61]]
traning started for  8 epoch
epoch 8 loss: 1.72837531567
validation accuracy :  0.176527777778
validation class_total [1200.0, 1200.0, 1200.0, 1200.0, 1200.0, 1200.0]
validation class_correct [194.0, 229.0, 225.0, 214.0, 211.0, 198.0]
validation confusion_matrix [[194, 196, 210, 224, 213, 163], [189, 229, 205, 206, 203, 168], [176, 216, 225, 204, 195, 184], [160, 221, 240, 214, 205, 160], [173, 196, 242, 216, 211, 162], [170, 197, 214, 207, 214, 198]]
test accuracy :  0.15375
class_total [400.0, 400.0, 400.0, 400.0, 400.0, 400.0]
class_correct [55.0, 67.0, 66.0, 55.0, 67.0, 59.0]
confusion_matrix [[55, 74, 96, 63, 53, 59], [58, 67, 71, 67, 60, 77], [62, 61, 66, 73, 87, 51], [71, 69, 92, 55, 55, 58], [81, 67, 71, 54, 67, 60], [71, 71, 71, 65, 63, 59]]
traning started for  9 epoch
epoch 9 loss: 1.6170784235
validation accuracy :  0.177777777778
validation class_total [1200.0, 1200.0, 1200.0, 1200.0, 1200.0, 1200.0]
validation class_correct [169.0, 229.0, 245.0, 221.0, 220.0, 196.0]
validation confusion_matrix [[169, 213, 212, 235, 186, 185], [163, 229, 249, 196, 181, 182], [183, 177, 245, 190, 198, 207], [175, 218, 214, 221, 206, 166], [181, 215, 231, 184, 220, 169], [199, 200, 210, 189, 206, 196]]
test accuracy :  0.171666666667
class_total [400.0, 400.0, 400.0, 400.0, 400.0, 400.0]
class_correct [77.0, 62.0, 83.0, 57.0, 57.0, 76.0]
confusion_matrix [[77, 65, 59, 61, 71, 67], [55, 62, 82, 65, 61, 75], [73, 57, 83, 69, 61, 57], [66, 68, 80, 57, 74, 55], [67, 67, 87, 72, 57, 50], [64, 69, 68, 62, 61, 76]]
traning started for  10 epoch
epoch 10 loss: 1.75765585899
validation accuracy :  0.176111111111
validation class_total [1200.0, 1200.0, 1200.0, 1200.0, 1200.0, 1200.0]
validation class_correct [190.0, 245.0, 228.0, 189.0, 213.0, 203.0]
validation confusion_matrix [[190, 215, 211, 217, 187, 180], [185, 245, 201, 173, 199, 197], [174, 218, 228, 182, 192, 206], [177, 211, 208, 189, 241, 174], [182, 206, 227, 204, 213, 168], [188, 223, 187, 190, 209, 203]]
test accuracy :  0.150416666667
class_total [400.0, 400.0, 400.0, 400.0, 400.0, 400.0]
class_correct [57.0, 64.0, 61.0, 60.0, 65.0, 54.0]
confusion_matrix [[57, 48, 92, 65, 72, 66], [84, 64, 70, 59, 55, 68], [59, 68, 61, 84, 77, 51], [69, 65, 81, 60, 65, 60], [68, 70, 78, 73, 65, 46], [61, 65, 60, 95, 65, 54]]
traning started for  11 epoch
epoch 11 loss: 2.20969128609
validation accuracy :  0.184166666667
validation class_total [1200.0, 1200.0, 1200.0, 1200.0, 1200.0, 1200.0]
validation class_correct [211.0, 229.0, 251.0, 201.0, 218.0, 216.0]
validation confusion_matrix [[211, 200, 219, 210, 188, 172], [181, 229, 207, 191, 213, 179], [174, 189, 251, 199, 176, 211], [179, 223, 207, 201, 188, 202], [203, 216, 191, 204, 218, 168], [196, 178, 217, 192, 201, 216]]
test accuracy :  0.168333333333
class_total [400.0, 400.0, 400.0, 400.0, 400.0, 400.0]
class_correct [66.0, 79.0, 75.0, 62.0, 62.0, 60.0]
confusion_matrix [[66, 62, 87, 60, 62, 63], [66, 79, 71, 78, 50, 56], [77, 65, 75, 66, 66, 51], [66, 67, 71, 62, 64, 70], [72, 71, 80, 64, 62, 51], [60, 60, 75, 65, 80, 60]]
traning started for  12 epoch
epoch 12 loss: 1.77444267273
validation accuracy :  0.181527777778
validation class_total [1200.0, 1200.0, 1200.0, 1200.0, 1200.0, 1200.0]
validation class_correct [195.0, 227.0, 244.0, 215.0, 203.0, 223.0]
validation confusion_matrix [[195, 191, 229, 213, 209, 163], [179, 227, 224, 184, 195, 191], [184, 177, 244, 209, 191, 195], [161, 203, 227, 215, 213, 181], [191, 212, 226, 199, 203, 169], [176, 188, 220, 200, 193, 223]]
test accuracy :  0.160416666667
class_total [400.0, 400.0, 400.0, 400.0, 400.0, 400.0]
class_correct [61.0, 55.0, 78.0, 60.0, 60.0, 71.0]
confusion_matrix [[61, 69, 61, 75, 63, 71], [63, 55, 53, 97, 71, 61], [58, 71, 78, 74, 49, 70], [77, 60, 68, 60, 72, 63], [68, 62, 69, 75, 60, 66], [61, 52, 79, 66, 71, 71]]
traning started for  13 epoch
epoch 13 loss: 1.87729394436
validation accuracy :  0.181666666667
validation class_total [1200.0, 1200.0, 1200.0, 1200.0, 1200.0, 1200.0]
validation class_correct [194.0, 209.0, 234.0, 218.0, 236.0, 217.0]
validation confusion_matrix [[194, 226, 220, 188, 201, 171], [180, 209, 215, 191, 202, 203], [200, 182, 234, 200, 191, 193], [184, 190, 229, 218, 208, 171], [171, 198, 210, 198, 236, 187], [188, 213, 224, 170, 188, 217]]
test accuracy :  0.155416666667
class_total [400.0, 400.0, 400.0, 400.0, 400.0, 400.0]
class_correct [63.0, 67.0, 79.0, 70.0, 49.0, 45.0]
confusion_matrix [[63, 70, 75, 69, 52, 71], [68, 67, 64, 66, 71, 64], [80, 58, 79, 62, 57, 64], [80, 62, 80, 70, 50, 58], [76, 63, 85, 63, 49, 64], [67, 80, 79, 64, 65, 45]]
traning started for  14 epoch
epoch 14 loss: 1.36137926579
validation accuracy :  0.180277777778
validation class_total [1200.0, 1200.0, 1200.0, 1200.0, 1200.0, 1200.0]
validation class_correct [195.0, 229.0, 239.0, 220.0, 188.0, 227.0]
validation confusion_matrix [[195, 220, 217, 201, 189, 178], [170, 229, 216, 201, 194, 190], [186, 202, 239, 178, 192, 203], [189, 220, 202, 220, 171, 198], [188, 200, 230, 201, 188, 193], [208, 208, 204, 164, 189, 227]]
test accuracy :  0.161666666667
class_total [400.0, 400.0, 400.0, 400.0, 400.0, 400.0]
class_correct [56.0, 55.0, 100.0, 60.0, 47.0, 70.0]
confusion_matrix [[56, 83, 74, 67, 47, 73], [65, 55, 79, 69, 68, 64], [66, 66, 100, 54, 62, 52], [67, 56, 82, 60, 67, 68], [60, 65, 80, 72, 47, 76], [70, 63, 71, 72, 54, 70]]
traning started for  15 epoch
epoch 15 loss: 1.32953679562
validation accuracy :  0.180138888889
validation class_total [1200.0, 1200.0, 1200.0, 1200.0, 1200.0, 1200.0]
validation class_correct [194.0, 234.0, 243.0, 213.0, 204.0, 209.0]
validation confusion_matrix [[194, 205, 214, 188, 219, 180], [154, 234, 201, 180, 228, 203], [202, 165, 243, 196, 187, 207], [196, 212, 213, 213, 184, 182], [193, 188, 239, 189, 204, 187], [215, 182, 211, 198, 185, 209]]
test accuracy :  0.162083333333
class_total [400.0, 400.0, 400.0, 400.0, 400.0, 400.0]
class_correct [63.0, 67.0, 84.0, 68.0, 61.0, 46.0]
confusion_matrix [[63, 85, 64, 67, 50, 71], [59, 67, 70, 62, 67, 75], [58, 67, 84, 70, 64, 57], [62, 59, 71, 68, 69, 71], [63, 67, 85, 60, 61, 64], [68, 78, 68, 77, 63, 46]]
traning started for  16 epoch
epoch 16 loss: 1.83921933174
validation accuracy :  0.190972222222
validation class_total [1200.0, 1200.0, 1200.0, 1200.0, 1200.0, 1200.0]
validation class_correct [225.0, 239.0, 256.0, 229.0, 206.0, 220.0]
validation confusion_matrix [[225, 199, 185, 208, 188, 195], [184, 239, 200, 181, 190, 206], [185, 187, 256, 171, 206, 195], [178, 205, 202, 229, 206, 180], [184, 211, 222, 207, 206, 170], [177, 190, 210, 202, 201, 220]]
test accuracy :  0.160416666667
class_total [400.0, 400.0, 400.0, 400.0, 400.0, 400.0]
class_correct [60.0, 59.0, 84.0, 64.0, 58.0, 60.0]
confusion_matrix [[60, 63, 77, 66, 67, 67], [69, 59, 59, 67, 69, 77], [65, 63, 84, 57, 67, 64], [74, 57, 73, 64, 75, 57], [60, 56, 79, 76, 58, 71], [58, 72, 64, 72, 74, 60]]
traning started for  17 epoch
epoch 17 loss: 1.63392221928
validation accuracy :  0.186805555556
validation class_total [1200.0, 1200.0, 1200.0, 1200.0, 1200.0, 1200.0]
validation class_correct [232.0, 207.0, 240.0, 241.0, 217.0, 208.0]
validation confusion_matrix [[232, 175, 220, 202, 191, 180], [195, 207, 211, 180, 211, 196], [166, 188, 240, 174, 207, 225], [180, 200, 220, 241, 187, 172], [167, 202, 215, 187, 217, 212], [195, 196, 229, 191, 181, 208]]
test accuracy :  0.163333333333
class_total [400.0, 400.0, 400.0, 400.0, 400.0, 400.0]
class_correct [67.0, 56.0, 94.0, 71.0, 45.0, 59.0]
confusion_matrix [[67, 72, 79, 59, 64, 59], [59, 56, 75, 73, 65, 72], [67, 70, 94, 54, 47, 68], [71, 56, 83, 71, 61, 58], [62, 67, 82, 73, 45, 71], [74, 63, 83, 56, 65, 59]]
traning started for  18 epoch
epoch 18 loss: 1.7703371048
validation accuracy :  0.197222222222
validation class_total [1200.0, 1200.0, 1200.0, 1200.0, 1200.0, 1200.0]
validation class_correct [225.0, 239.0, 264.0, 240.0, 218.0, 234.0]
validation confusion_matrix [[225, 198, 189, 173, 212, 203], [173, 239, 233, 180, 194, 181], [160, 182, 264, 171, 205, 218], [180, 190, 205, 240, 207, 178], [185, 180, 225, 214, 218, 178], [190, 228, 181, 193, 174, 234]]
test accuracy :  0.155833333333
class_total [400.0, 400.0, 400.0, 400.0, 400.0, 400.0]
class_correct [58.0, 63.0, 73.0, 59.0, 65.0, 56.0]
confusion_matrix [[58, 76, 64, 64, 65, 73], [64, 63, 70, 69, 76, 58], [59, 66, 73, 71, 82, 49], [65, 67, 71, 59, 68, 70], [61, 64, 86, 66, 65, 58], [63, 66, 74, 69, 72, 56]]
traning started for  19 epoch
epoch 19 loss: 1.70817387104
validation accuracy :  0.184722222222
validation class_total [1200.0, 1200.0, 1200.0, 1200.0, 1200.0, 1200.0]
validation class_correct [205.0, 216.0, 252.0, 204.0, 228.0, 225.0]
validation confusion_matrix [[205, 203, 203, 215, 181, 193], [202, 216, 203, 193, 211, 175], [182, 179, 252, 190, 193, 204], [201, 218, 218, 204, 180, 179], [184, 190, 204, 196, 228, 198], [196, 199, 212, 173, 195, 225]]
test accuracy :  0.15875
class_total [400.0, 400.0, 400.0, 400.0, 400.0, 400.0]
class_correct [59.0, 66.0, 74.0, 59.0, 64.0, 59.0]
confusion_matrix [[59, 65, 80, 58, 66, 72], [59, 66, 82, 66, 62, 65], [77, 66, 74, 54, 64, 65], [70, 72, 75, 59, 69, 55], [67, 62, 88, 70, 64, 49], [73, 64, 65, 76, 63, 59]]
traning started for  20 epoch
epoch 20 loss: 1.62378549576
validation accuracy :  0.188888888889
validation class_total [1200.0, 1200.0, 1200.0, 1200.0, 1200.0, 1200.0]
validation class_correct [233.0, 231.0, 240.0, 242.0, 210.0, 204.0]
validation confusion_matrix [[233, 190, 201, 204, 195, 177], [195, 231, 205, 175, 210, 184], [207, 167, 240, 179, 196, 211], [183, 204, 196, 242, 190, 185], [176, 207, 211, 208, 210, 188], [199, 211, 192, 204, 190, 204]]
test accuracy :  0.15625
class_total [400.0, 400.0, 400.0, 400.0, 400.0, 400.0]
class_correct [62.0, 60.0, 58.0, 68.0, 62.0, 65.0]
confusion_matrix [[62, 74, 69, 68, 63, 64], [64, 60, 75, 65, 69, 67], [66, 82, 58, 54, 72, 68], [75, 60, 74, 68, 67, 56], [67, 65, 71, 66, 62, 69], [60, 69, 63, 72, 71, 65]]
traning started for  21 epoch
epoch 21 loss: 1.72182619572
validation accuracy :  0.199444444444
validation class_total [1200.0, 1200.0, 1200.0, 1200.0, 1200.0, 1200.0]
validation class_correct [221.0, 258.0, 269.0, 243.0, 219.0, 226.0]
validation confusion_matrix [[221, 211, 190, 199, 178, 201], [182, 258, 206, 179, 188, 187], [171, 192, 269, 161, 213, 194], [178, 211, 198, 243, 187, 183], [179, 205, 215, 177, 219, 205], [180, 220, 195, 171, 208, 226]]
test accuracy :  0.16125
class_total [400.0, 400.0, 400.0, 400.0, 400.0, 400.0]
class_correct [65.0, 63.0, 67.0, 71.0, 59.0, 62.0]
confusion_matrix [[65, 70, 79, 64, 56, 66], [64, 63, 90, 58, 63, 62], [67, 62, 67, 65, 67, 72], [63, 71, 73, 71, 61, 61], [66, 59, 74, 68, 59, 74], [69, 67, 71, 72, 59, 62]]
traning started for  22 epoch
epoch 22 loss: 1.47750520706
validation accuracy :  0.195555555556
validation class_total [1200.0, 1200.0, 1200.0, 1200.0, 1200.0, 1200.0]
validation class_correct [214.0, 223.0, 274.0, 238.0, 210.0, 249.0]
validation confusion_matrix [[214, 183, 224, 220, 171, 188], [172, 223, 183, 207, 207, 208], [183, 160, 274, 167, 189, 227], [184, 195, 216, 238, 175, 192], [177, 203, 240, 184, 210, 186], [178, 207, 226, 173, 167, 249]]
test accuracy :  0.176666666667
class_total [400.0, 400.0, 400.0, 400.0, 400.0, 400.0]
class_correct [67.0, 69.0, 83.0, 75.0, 68.0, 62.0]
confusion_matrix [[67, 61, 55, 66, 72, 79], [67, 69, 76, 63, 61, 64], [76, 66, 83, 54, 54, 67], [57, 67, 72, 75, 70, 59], [65, 64, 91, 55, 68, 57], [65, 60, 79, 66, 68, 62]]
traning started for  23 epoch
epoch 23 loss: 1.74502563477
validation accuracy :  0.19125
validation class_total [1200.0, 1200.0, 1200.0, 1200.0, 1200.0, 1200.0]
validation class_correct [211.0, 259.0, 252.0, 220.0, 204.0, 231.0]
validation confusion_matrix [[211, 198, 188, 207, 203, 193], [185, 259, 189, 171, 204, 192], [180, 189, 252, 174, 190, 215], [193, 186, 209, 220, 190, 202], [203, 183, 227, 192, 204, 191], [177, 196, 205, 198, 193, 231]]
test accuracy :  0.145416666667
class_total [400.0, 400.0, 400.0, 400.0, 400.0, 400.0]
class_correct [69.0, 54.0, 67.0, 52.0, 60.0, 47.0]
confusion_matrix [[69, 74, 60, 54, 71, 72], [67, 54, 69, 66, 79, 65], [71, 66, 67, 77, 62, 57], [65, 58, 90, 52, 75, 60], [68, 69, 92, 59, 60, 52], [67, 65, 85, 71, 65, 47]]
traning started for  24 epoch
epoch 24 loss: 1.68854093552
validation accuracy :  0.196111111111
validation class_total [1200.0, 1200.0, 1200.0, 1200.0, 1200.0, 1200.0]
validation class_correct [223.0, 216.0, 256.0, 246.0, 233.0, 238.0]
validation confusion_matrix [[223, 203, 191, 216, 185, 182], [182, 216, 207, 185, 203, 207], [204, 186, 256, 171, 184, 199], [194, 196, 189, 246, 178, 197], [199, 175, 229, 189, 233, 175], [191, 203, 185, 177, 206, 238]]
test accuracy :  0.168333333333
class_total [400.0, 400.0, 400.0, 400.0, 400.0, 400.0]
class_correct [56.0, 66.0, 75.0, 77.0, 65.0, 65.0]
confusion_matrix [[56, 54, 65, 70, 79, 76], [64, 66, 88, 49, 64, 69], [56, 52, 75, 81, 74, 62], [71, 54, 79, 77, 66, 53], [70, 62, 73, 67, 65, 63], [73, 62, 69, 64, 67, 65]]
traning started for  25 epoch
epoch 25 loss: 1.9896042347
