cuda
traning started for  1 epoch
epoch 1 loss: 1.80423915386
validation accuracy :  0.157222222222
validation class_total [1200.0, 1200.0, 1200.0, 1200.0, 1200.0, 1200.0]
validation class_correct [569.0, 42.0, 143.0, 292.0, 57.0, 29.0]
validation confusion_matrix [[569, 39, 134, 354, 73, 31], [570, 42, 131, 353, 71, 33], [592, 39, 143, 329, 76, 21], [602, 49, 148, 292, 75, 34], [601, 37, 144, 332, 57, 29], [595, 48, 138, 323, 67, 29]]
test accuracy :  0.172083333333
class_total [400.0, 400.0, 400.0, 400.0, 400.0, 400.0]
class_correct [191.0, 9.0, 46.0, 128.0, 31.0, 8.0]
confusion_matrix [[191, 18, 42, 124, 16, 9], [199, 9, 49, 114, 21, 8], [190, 12, 46, 114, 21, 17], [187, 11, 42, 128, 22, 10], [189, 11, 45, 117, 31, 7], [197, 13, 53, 104, 25, 8]]
traning started for  2 epoch
epoch 2 loss: 2.10347533226
validation accuracy :  0.169305555556
validation class_total [1200.0, 1200.0, 1200.0, 1200.0, 1200.0, 1200.0]
validation class_correct [453.0, 89.0, 196.0, 316.0, 100.0, 65.0]
validation confusion_matrix [[453, 75, 154, 339, 115, 64], [470, 89, 179, 290, 114, 58], [454, 70, 196, 290, 116, 74], [469, 81, 167, 316, 104, 63], [447, 92, 175, 325, 100, 61], [470, 69, 183, 308, 105, 65]]
test accuracy :  0.160833333333
class_total [400.0, 400.0, 400.0, 400.0, 400.0, 400.0]
class_correct [156.0, 16.0, 51.0, 106.0, 42.0, 15.0]
confusion_matrix [[156, 23, 56, 101, 45, 19], [164, 16, 59, 106, 34, 21], [174, 22, 51, 103, 27, 23], [165, 28, 50, 106, 36, 15], [154, 22, 52, 104, 42, 26], [148, 28, 73, 91, 45, 15]]
traning started for  3 epoch
epoch 3 loss: 2.61350154877
validation accuracy :  0.168472222222
validation class_total [1200.0, 1200.0, 1200.0, 1200.0, 1200.0, 1200.0]
validation class_correct [386.0, 132.0, 196.0, 273.0, 126.0, 100.0]
validation confusion_matrix [[386, 97, 170, 291, 170, 86], [383, 132, 176, 286, 137, 86], [365, 126, 196, 299, 132, 82], [374, 108, 198, 273, 146, 101], [384, 127, 195, 283, 126, 85], [409, 122, 171, 268, 130, 100]]
test accuracy :  0.164166666667
class_total [400.0, 400.0, 400.0, 400.0, 400.0, 400.0]
class_correct [131.0, 45.0, 59.0, 96.0, 37.0, 26.0]
confusion_matrix [[131, 43, 63, 83, 44, 36], [129, 45, 56, 90, 43, 37], [121, 40, 59, 99, 41, 40], [122, 33, 70, 96, 41, 38], [134, 34, 62, 94, 37, 39], [140, 35, 59, 90, 50, 26]]
traning started for  4 epoch
epoch 4 loss: 1.91031515598
validation accuracy :  0.170138888889
validation class_total [1200.0, 1200.0, 1200.0, 1200.0, 1200.0, 1200.0]
validation class_correct [316.0, 162.0, 227.0, 267.0, 137.0, 116.0]
validation confusion_matrix [[316, 156, 193, 260, 157, 118], [319, 162, 168, 274, 155, 122], [312, 159, 227, 253, 136, 113], [337, 139, 195, 267, 132, 130], [319, 139, 221, 258, 137, 126], [325, 157, 187, 274, 141, 116]]
test accuracy :  0.165416666667
class_total [400.0, 400.0, 400.0, 400.0, 400.0, 400.0]
class_correct [116.0, 44.0, 83.0, 89.0, 38.0, 27.0]
confusion_matrix [[116, 40, 61, 84, 56, 43], [107, 44, 70, 98, 45, 36], [102, 42, 83, 87, 49, 37], [117, 47, 67, 89, 58, 22], [104, 58, 67, 95, 38, 38], [111, 51, 64, 93, 54, 27]]
traning started for  5 epoch
epoch 5 loss: 1.60728311539
validation accuracy :  0.177777777778
validation class_total [1200.0, 1200.0, 1200.0, 1200.0, 1200.0, 1200.0]
validation class_correct [314.0, 183.0, 210.0, 257.0, 171.0, 145.0]
validation confusion_matrix [[314, 166, 190, 235, 166, 129], [289, 183, 203, 250, 140, 135], [269, 177, 210, 251, 165, 128], [294, 154, 185, 257, 166, 144], [303, 163, 198, 245, 171, 120], [289, 168, 181, 257, 160, 145]]
test accuracy :  0.161666666667
class_total [400.0, 400.0, 400.0, 400.0, 400.0, 400.0]
class_correct [101.0, 48.0, 69.0, 77.0, 50.0, 43.0]
confusion_matrix [[101, 63, 70, 86, 48, 32], [117, 48, 71, 63, 55, 46], [86, 53, 69, 99, 39, 54], [95, 57, 58, 77, 66, 47], [104, 55, 67, 83, 50, 41], [76, 53, 90, 73, 65, 43]]
traning started for  6 epoch
epoch 6 loss: 1.6278847456
validation accuracy :  0.177222222222
validation class_total [1200.0, 1200.0, 1200.0, 1200.0, 1200.0, 1200.0]
validation class_correct [299.0, 200.0, 231.0, 235.0, 155.0, 156.0]
validation confusion_matrix [[299, 197, 201, 201, 160, 142], [253, 200, 202, 226, 161, 158], [257, 167, 231, 228, 158, 159], [273, 179, 190, 235, 175, 148], [264, 181, 224, 221, 155, 155], [298, 200, 196, 205, 145, 156]]
test accuracy :  0.177916666667
class_total [400.0, 400.0, 400.0, 400.0, 400.0, 400.0]
class_correct [99.0, 56.0, 77.0, 83.0, 59.0, 53.0]
confusion_matrix [[99, 62, 62, 75, 51, 51], [87, 56, 73, 69, 64, 51], [99, 62, 77, 57, 60, 45], [88, 59, 66, 83, 51, 53], [83, 61, 77, 80, 59, 40], [89, 54, 66, 59, 79, 53]]
traning started for  7 epoch
epoch 7 loss: 1.86715698242
validation accuracy :  0.173055555556
validation class_total [1200.0, 1200.0, 1200.0, 1200.0, 1200.0, 1200.0]
validation class_correct [267.0, 218.0, 232.0, 205.0, 166.0, 158.0]
validation confusion_matrix [[267, 198, 194, 209, 178, 154], [270, 218, 194, 206, 159, 153], [229, 195, 232, 228, 157, 159], [241, 212, 224, 205, 156, 162], [240, 180, 218, 238, 166, 158], [277, 203, 203, 194, 165, 158]]
test accuracy :  0.16875
class_total [400.0, 400.0, 400.0, 400.0, 400.0, 400.0]
class_correct [84.0, 65.0, 71.0, 72.0, 61.0, 52.0]
confusion_matrix [[84, 61, 54, 85, 59, 57], [90, 65, 82, 66, 51, 46], [84, 65, 71, 69, 49, 62], [92, 52, 75, 72, 61, 48], [76, 70, 78, 69, 61, 46], [96, 74, 65, 54, 59, 52]]
traning started for  8 epoch
epoch 8 loss: 1.64048230648
validation accuracy :  0.169027777778
validation class_total [1200.0, 1200.0, 1200.0, 1200.0, 1200.0, 1200.0]
validation class_correct [251.0, 212.0, 217.0, 233.0, 143.0, 161.0]
validation confusion_matrix [[251, 196, 188, 216, 179, 170], [245, 212, 203, 202, 171, 167], [219, 223, 217, 180, 169, 192], [219, 206, 213, 233, 161, 168], [237, 218, 236, 211, 143, 155], [246, 246, 213, 181, 153, 161]]
test accuracy :  0.1575
class_total [400.0, 400.0, 400.0, 400.0, 400.0, 400.0]
class_correct [81.0, 61.0, 68.0, 62.0, 46.0, 60.0]
confusion_matrix [[81, 67, 72, 62, 71, 47], [83, 61, 74, 59, 61, 62], [86, 69, 68, 67, 60, 50], [84, 62, 65, 62, 65, 62], [77, 85, 76, 62, 46, 54], [82, 68, 72, 69, 49, 60]]
traning started for  9 epoch
epoch 9 loss: 2.15080022812
validation accuracy :  0.178055555556
validation class_total [1200.0, 1200.0, 1200.0, 1200.0, 1200.0, 1200.0]
validation class_correct [240.0, 231.0, 244.0, 207.0, 175.0, 185.0]
validation confusion_matrix [[240, 194, 197, 211, 198, 160], [243, 231, 197, 193, 157, 179], [209, 219, 244, 203, 163, 162], [218, 199, 201, 207, 187, 188], [246, 203, 199, 223, 175, 154], [223, 228, 207, 194, 163, 185]]
test accuracy :  0.17
class_total [400.0, 400.0, 400.0, 400.0, 400.0, 400.0]
class_correct [83.0, 62.0, 70.0, 81.0, 50.0, 62.0]
confusion_matrix [[83, 70, 62, 74, 43, 68], [83, 62, 62, 74, 63, 56], [71, 85, 70, 63, 48, 63], [67, 80, 60, 81, 56, 56], [64, 66, 90, 68, 50, 62], [80, 56, 69, 64, 69, 62]]
traning started for  10 epoch
epoch 10 loss: 1.82357144356
validation accuracy :  0.17375
validation class_total [1200.0, 1200.0, 1200.0, 1200.0, 1200.0, 1200.0]
validation class_correct [222.0, 235.0, 214.0, 240.0, 151.0, 189.0]
validation confusion_matrix [[222, 212, 202, 188, 195, 181], [208, 235, 212, 204, 164, 177], [243, 211, 214, 204, 163, 165], [192, 213, 197, 240, 193, 165], [209, 222, 221, 227, 151, 170], [242, 236, 170, 199, 164, 189]]
test accuracy :  0.160833333333
class_total [400.0, 400.0, 400.0, 400.0, 400.0, 400.0]
class_correct [76.0, 71.0, 59.0, 74.0, 52.0, 54.0]
confusion_matrix [[76, 58, 70, 73, 57, 66], [62, 71, 71, 68, 58, 70], [74, 80, 59, 66, 61, 60], [81, 66, 58, 74, 61, 60], [68, 77, 66, 70, 52, 67], [81, 65, 71, 75, 54, 54]]
traning started for  11 epoch
epoch 11 loss: 1.73897898197
validation accuracy :  0.180277777778
validation class_total [1200.0, 1200.0, 1200.0, 1200.0, 1200.0, 1200.0]
validation class_correct [222.0, 244.0, 231.0, 200.0, 178.0, 223.0]
validation confusion_matrix [[222, 209, 207, 185, 184, 193], [215, 244, 187, 192, 174, 188], [192, 189, 231, 217, 172, 199], [225, 201, 210, 200, 179, 185], [223, 195, 215, 194, 178, 195], [196, 228, 206, 194, 153, 223]]
test accuracy :  0.155
class_total [400.0, 400.0, 400.0, 400.0, 400.0, 400.0]
class_correct [84.0, 52.0, 69.0, 54.0, 52.0, 61.0]
confusion_matrix [[84, 80, 61, 52, 62, 61], [65, 52, 70, 79, 66, 68], [67, 78, 69, 74, 53, 59], [63, 73, 66, 54, 75, 69], [72, 77, 73, 72, 52, 54], [75, 76, 74, 49, 65, 61]]
traning started for  12 epoch
epoch 12 loss: 2.09874820709
validation accuracy :  0.180416666667
validation class_total [1200.0, 1200.0, 1200.0, 1200.0, 1200.0, 1200.0]
validation class_correct [218.0, 226.0, 243.0, 219.0, 188.0, 205.0]
validation confusion_matrix [[218, 236, 200, 171, 174, 201], [206, 226, 230, 175, 158, 205], [181, 224, 243, 211, 156, 185], [198, 213, 218, 219, 184, 168], [202, 203, 203, 216, 188, 188], [215, 225, 202, 206, 147, 205]]
test accuracy :  0.159583333333
class_total [400.0, 400.0, 400.0, 400.0, 400.0, 400.0]
class_correct [82.0, 68.0, 61.0, 72.0, 37.0, 63.0]
confusion_matrix [[82, 81, 66, 58, 53, 60], [68, 68, 69, 62, 61, 72], [70, 70, 61, 77, 60, 62], [64, 83, 79, 72, 46, 56], [59, 96, 72, 77, 37, 59], [75, 81, 63, 53, 65, 63]]
traning started for  13 epoch
epoch 13 loss: 1.79900944233
validation accuracy :  0.194861111111
validation class_total [1200.0, 1200.0, 1200.0, 1200.0, 1200.0, 1200.0]
validation class_correct [256.0, 265.0, 239.0, 209.0, 198.0, 236.0]
validation confusion_matrix [[256, 197, 170, 207, 181, 189], [210, 265, 204, 181, 155, 185], [216, 210, 239, 179, 171, 185], [198, 221, 198, 209, 167, 207], [198, 215, 213, 180, 198, 196], [215, 214, 186, 156, 193, 236]]
test accuracy :  0.16875
class_total [400.0, 400.0, 400.0, 400.0, 400.0, 400.0]
class_correct [72.0, 50.0, 74.0, 96.0, 56.0, 57.0]
confusion_matrix [[72, 68, 63, 61, 70, 66], [88, 50, 72, 57, 68, 65], [80, 58, 74, 74, 46, 68], [65, 75, 57, 96, 56, 51], [64, 73, 60, 76, 56, 71], [65, 63, 72, 68, 75, 57]]
traning started for  14 epoch
epoch 14 loss: 1.49431777
validation accuracy :  0.180416666667
validation class_total [1200.0, 1200.0, 1200.0, 1200.0, 1200.0, 1200.0]
validation class_correct [206.0, 234.0, 250.0, 217.0, 184.0, 208.0]
validation confusion_matrix [[206, 216, 194, 191, 181, 212], [218, 234, 208, 169, 167, 204], [205, 198, 250, 197, 181, 169], [217, 204, 216, 217, 158, 188], [177, 228, 229, 194, 184, 188], [223, 213, 177, 198, 181, 208]]
test accuracy :  0.155
class_total [400.0, 400.0, 400.0, 400.0, 400.0, 400.0]
class_correct [64.0, 66.0, 67.0, 65.0, 44.0, 66.0]
confusion_matrix [[64, 88, 68, 63, 57, 60], [78, 66, 53, 73, 62, 68], [83, 71, 67, 71, 52, 56], [63, 74, 72, 65, 57, 69], [91, 76, 71, 58, 44, 60], [75, 84, 54, 58, 63, 66]]
traning started for  15 epoch
epoch 15 loss: 1.42388105392
validation accuracy :  0.185833333333
validation class_total [1200.0, 1200.0, 1200.0, 1200.0, 1200.0, 1200.0]
validation class_correct [218.0, 244.0, 259.0, 226.0, 189.0, 202.0]
validation confusion_matrix [[218, 224, 195, 174, 204, 185], [186, 244, 213, 203, 160, 194], [195, 217, 259, 194, 168, 167], [190, 190, 214, 226, 192, 188], [187, 199, 219, 207, 189, 199], [231, 224, 183, 192, 168, 202]]
test accuracy :  0.175
class_total [400.0, 400.0, 400.0, 400.0, 400.0, 400.0]
class_correct [69.0, 68.0, 67.0, 64.0, 81.0, 71.0]
confusion_matrix [[69, 85, 67, 61, 65, 53], [75, 68, 66, 53, 55, 83], [73, 72, 67, 67, 61, 60], [71, 70, 69, 64, 61, 65], [60, 78, 70, 67, 81, 44], [70, 69, 75, 55, 60, 71]]
traning started for  16 epoch
epoch 16 loss: 2.05956339836
validation accuracy :  0.185
validation class_total [1200.0, 1200.0, 1200.0, 1200.0, 1200.0, 1200.0]
validation class_correct [236.0, 248.0, 235.0, 230.0, 189.0, 194.0]
validation confusion_matrix [[236, 214, 186, 194, 183, 187], [189, 248, 216, 184, 161, 202], [178, 198, 235, 207, 186, 196], [205, 208, 207, 230, 136, 214], [208, 208, 219, 209, 189, 167], [203, 233, 192, 200, 178, 194]]
test accuracy :  0.171666666667
class_total [400.0, 400.0, 400.0, 400.0, 400.0, 400.0]
class_correct [69.0, 66.0, 71.0, 76.0, 55.0, 75.0]
confusion_matrix [[69, 76, 70, 59, 60, 66], [74, 66, 75, 73, 47, 65], [72, 83, 71, 61, 61, 52], [62, 78, 74, 76, 53, 57], [70, 65, 83, 60, 55, 67], [72, 77, 60, 58, 58, 75]]
traning started for  17 epoch
epoch 17 loss: 1.37125432491
validation accuracy :  0.185138888889
validation class_total [1200.0, 1200.0, 1200.0, 1200.0, 1200.0, 1200.0]
validation class_correct [220.0, 255.0, 250.0, 218.0, 188.0, 202.0]
validation confusion_matrix [[220, 211, 191, 190, 207, 181], [219, 255, 186, 186, 188, 166], [189, 208, 250, 202, 169, 182], [204, 206, 201, 218, 177, 194], [189, 218, 213, 218, 188, 174], [219, 195, 192, 205, 187, 202]]
test accuracy :  0.164583333333
class_total [400.0, 400.0, 400.0, 400.0, 400.0, 400.0]
class_correct [70.0, 58.0, 71.0, 75.0, 56.0, 65.0]
confusion_matrix [[70, 90, 53, 62, 46, 79], [75, 58, 81, 69, 57, 60], [66, 83, 71, 61, 57, 62], [76, 70, 57, 75, 69, 53], [78, 62, 68, 62, 56, 74], [73, 64, 83, 59, 56, 65]]
traning started for  18 epoch
epoch 18 loss: 2.0329413414
validation accuracy :  0.194027777778
validation class_total [1200.0, 1200.0, 1200.0, 1200.0, 1200.0, 1200.0]
validation class_correct [253.0, 259.0, 269.0, 207.0, 197.0, 212.0]
validation confusion_matrix [[253, 225, 184, 168, 161, 209], [193, 259, 194, 174, 180, 200], [193, 223, 269, 179, 162, 174], [210, 209, 221, 207, 160, 193], [202, 203, 237, 185, 197, 176], [209, 233, 194, 181, 171, 212]]
test accuracy :  0.174583333333
class_total [400.0, 400.0, 400.0, 400.0, 400.0, 400.0]
class_correct [72.0, 63.0, 71.0, 76.0, 63.0, 74.0]
confusion_matrix [[72, 70, 68, 62, 57, 71], [75, 63, 77, 57, 62, 66], [66, 79, 71, 55, 61, 68], [58, 70, 70, 76, 71, 55], [75, 68, 64, 67, 63, 63], [74, 60, 83, 57, 52, 74]]
traning started for  19 epoch
epoch 19 loss: 1.82429087162
validation accuracy :  0.190138888889
validation class_total [1200.0, 1200.0, 1200.0, 1200.0, 1200.0, 1200.0]
validation class_correct [245.0, 263.0, 248.0, 219.0, 164.0, 230.0]
validation confusion_matrix [[245, 232, 176, 187, 190, 170], [176, 263, 204, 199, 164, 194], [190, 212, 248, 195, 185, 170], [196, 225, 217, 219, 162, 181], [205, 229, 226, 188, 164, 188], [216, 211, 180, 197, 166, 230]]
test accuracy :  0.16875
class_total [400.0, 400.0, 400.0, 400.0, 400.0, 400.0]
class_correct [74.0, 75.0, 64.0, 72.0, 60.0, 60.0]
confusion_matrix [[74, 79, 63, 61, 59, 64], [70, 75, 71, 65, 65, 54], [77, 83, 64, 61, 45, 70], [63, 83, 68, 72, 47, 67], [76, 76, 71, 47, 60, 70], [68, 74, 66, 59, 73, 60]]
traning started for  20 epoch
epoch 20 loss: 2.17057085037
validation accuracy :  0.187916666667
validation class_total [1200.0, 1200.0, 1200.0, 1200.0, 1200.0, 1200.0]
validation class_correct [222.0, 244.0, 252.0, 227.0, 166.0, 242.0]
validation confusion_matrix [[222, 195, 204, 181, 196, 202], [208, 244, 197, 167, 173, 211], [203, 183, 252, 196, 160, 206], [194, 219, 198, 227, 161, 201], [197, 209, 251, 191, 166, 186], [197, 212, 208, 162, 179, 242]]
test accuracy :  0.176666666667
class_total [400.0, 400.0, 400.0, 400.0, 400.0, 400.0]
class_correct [68.0, 74.0, 82.0, 74.0, 58.0, 68.0]
confusion_matrix [[68, 74, 61, 70, 64, 63], [74, 74, 61, 59, 60, 72], [64, 71, 82, 66, 53, 64], [60, 69, 79, 74, 62, 56], [59, 69, 71, 71, 58, 72], [69, 67, 64, 66, 66, 68]]
traning started for  21 epoch
epoch 21 loss: 1.77728176117
validation accuracy :  0.190555555556
validation class_total [1200.0, 1200.0, 1200.0, 1200.0, 1200.0, 1200.0]
validation class_correct [242.0, 243.0, 259.0, 218.0, 192.0, 218.0]
validation confusion_matrix [[242, 206, 178, 177, 184, 213], [197, 243, 204, 179, 168, 209], [201, 207, 259, 181, 174, 178], [183, 203, 211, 218, 177, 208], [185, 212, 239, 184, 192, 188], [227, 211, 174, 200, 170, 218]]
test accuracy :  0.161666666667
class_total [400.0, 400.0, 400.0, 400.0, 400.0, 400.0]
class_correct [72.0, 60.0, 63.0, 65.0, 62.0, 66.0]
confusion_matrix [[72, 73, 54, 73, 57, 71], [76, 60, 71, 60, 61, 72], [75, 81, 63, 62, 60, 59], [61, 68, 69, 65, 61, 76], [71, 66, 86, 58, 62, 57], [67, 83, 66, 67, 51, 66]]
traning started for  22 epoch
epoch 22 loss: 1.68688213825
validation accuracy :  0.190694444444
validation class_total [1200.0, 1200.0, 1200.0, 1200.0, 1200.0, 1200.0]
validation class_correct [237.0, 269.0, 223.0, 200.0, 214.0, 230.0]
validation confusion_matrix [[237, 219, 205, 181, 181, 177], [200, 269, 215, 185, 133, 198], [194, 201, 223, 210, 161, 211], [192, 215, 217, 200, 178, 198], [200, 187, 223, 199, 214, 177], [219, 236, 184, 190, 141, 230]]
test accuracy :  0.175
class_total [400.0, 400.0, 400.0, 400.0, 400.0, 400.0]
class_correct [66.0, 67.0, 87.0, 73.0, 68.0, 59.0]
confusion_matrix [[66, 86, 63, 50, 60, 75], [68, 67, 79, 58, 52, 76], [77, 63, 87, 55, 57, 61], [59, 66, 82, 73, 47, 73], [80, 62, 63, 57, 68, 70], [77, 57, 74, 58, 75, 59]]
traning started for  23 epoch
epoch 23 loss: 1.75138616562
validation accuracy :  0.188472222222
validation class_total [1200.0, 1200.0, 1200.0, 1200.0, 1200.0, 1200.0]
validation class_correct [208.0, 254.0, 250.0, 222.0, 205.0, 218.0]
validation confusion_matrix [[208, 194, 231, 193, 181, 193], [199, 254, 206, 175, 164, 202], [182, 207, 250, 186, 187, 188], [180, 205, 225, 222, 169, 199], [174, 199, 251, 178, 205, 193], [212, 214, 200, 198, 158, 218]]
test accuracy :  0.16125
class_total [400.0, 400.0, 400.0, 400.0, 400.0, 400.0]
class_correct [61.0, 71.0, 79.0, 70.0, 51.0, 55.0]
confusion_matrix [[61, 92, 62, 71, 55, 59], [73, 71, 60, 54, 59, 83], [76, 71, 79, 50, 60, 64], [57, 75, 70, 70, 56, 72], [69, 57, 88, 67, 51, 68], [79, 61, 72, 59, 74, 55]]
traning started for  24 epoch
epoch 24 loss: 1.64096546173
validation accuracy :  0.1975
validation class_total [1200.0, 1200.0, 1200.0, 1200.0, 1200.0, 1200.0]
validation class_correct [240.0, 295.0, 254.0, 204.0, 203.0, 226.0]
validation confusion_matrix [[240, 212, 187, 188, 192, 181], [184, 295, 209, 174, 147, 191], [189, 185, 254, 194, 185, 193], [184, 219, 216, 204, 168, 209], [179, 209, 233, 189, 203, 187], [221, 221, 195, 178, 159, 226]]
test accuracy :  0.18125
class_total [400.0, 400.0, 400.0, 400.0, 400.0, 400.0]
class_correct [80.0, 69.0, 78.0, 77.0, 61.0, 70.0]
confusion_matrix [[80, 75, 65, 52, 68, 60], [72, 69, 64, 61, 70, 64], [73, 58, 78, 70, 54, 67], [59, 63, 74, 77, 69, 58], [65, 64, 82, 67, 61, 61], [68, 66, 67, 58, 71, 70]]
traning started for  25 epoch
epoch 25 loss: 1.37225294113
validation accuracy :  0.196111111111
validation class_total [1200.0, 1200.0, 1200.0, 1200.0, 1200.0, 1200.0]
validation class_correct [229.0, 250.0, 272.0, 233.0, 190.0, 238.0]
validation confusion_matrix [[229, 216, 189, 197, 173, 196], [220, 250, 192, 188, 156, 194], [192, 220, 272, 195, 149, 172], [189, 201, 217, 233, 174, 186], [197, 207, 235, 195, 190, 176], [218, 215, 202, 181, 146, 238]]
test accuracy :  0.17625
class_total [400.0, 400.0, 400.0, 400.0, 400.0, 400.0]
class_correct [74.0, 68.0, 80.0, 73.0, 66.0, 62.0]
confusion_matrix [[74, 75, 59, 67, 52, 73], [65, 68, 69, 65, 60, 73], [64, 80, 80, 57, 56, 63], [53, 73, 76, 73, 61, 64], [52, 87, 69, 64, 66, 62], [81, 72, 66, 63, 56, 62]]
traning started for  26 epoch
epoch 26 loss: 1.6177084446
validation accuracy :  0.190277777778
validation class_total [1200.0, 1200.0, 1200.0, 1200.0, 1200.0, 1200.0]
validation class_correct [222.0, 242.0, 269.0, 214.0, 189.0, 234.0]
validation confusion_matrix [[222, 206, 167, 204, 197, 204], [219, 242, 204, 152, 179, 204], [197, 197, 269, 172, 179, 186], [198, 198, 199, 214, 168, 223], [198, 199, 219, 209, 189, 186], [214, 215, 195, 170, 172, 234]]
test accuracy :  0.182083333333
class_total [400.0, 400.0, 400.0, 400.0, 400.0, 400.0]
class_correct [71.0, 62.0, 85.0, 72.0, 71.0, 76.0]
confusion_matrix [[71, 65, 63, 77, 56, 68], [65, 62, 66, 60, 72, 75], [57, 67, 85, 66, 57, 68], [89, 70, 64, 72, 57, 48], [62, 70, 64, 65, 71, 68], [75, 66, 67, 50, 66, 76]]
traning started for  27 epoch
epoch 27 loss: 1.4755396843
validation accuracy :  0.202222222222
validation class_total [1200.0, 1200.0, 1200.0, 1200.0, 1200.0, 1200.0]
validation class_correct [251.0, 252.0, 267.0, 239.0, 199.0, 248.0]
validation confusion_matrix [[251, 196, 169, 208, 170, 206], [213, 252, 209, 177, 148, 201], [197, 187, 267, 180, 183, 186], [199, 197, 183, 239, 167, 215], [201, 210, 199, 191, 199, 200], [206, 219, 191, 195, 141, 248]]
test accuracy :  0.155416666667
class_total [400.0, 400.0, 400.0, 400.0, 400.0, 400.0]
class_correct [71.0, 51.0, 73.0, 68.0, 54.0, 56.0]
confusion_matrix [[71, 69, 52, 68, 59, 81], [62, 51, 78, 54, 67, 88], [75, 58, 73, 67, 55, 72], [78, 68, 62, 68, 54, 70], [58, 73, 88, 63, 54, 64], [68, 71, 72, 59, 74, 56]]
traning started for  28 epoch
epoch 28 loss: 1.7404961586
validation accuracy :  0.194861111111
validation class_total [1200.0, 1200.0, 1200.0, 1200.0, 1200.0, 1200.0]
validation class_correct [223.0, 241.0, 262.0, 235.0, 212.0, 230.0]
validation confusion_matrix [[223, 200, 202, 174, 182, 219], [182, 241, 202, 204, 164, 207], [183, 216, 262, 202, 178, 159], [193, 176, 225, 235, 175, 196], [178, 193, 221, 197, 212, 199], [210, 203, 213, 194, 150, 230]]
test accuracy :  0.167916666667
class_total [400.0, 400.0, 400.0, 400.0, 400.0, 400.0]
class_correct [72.0, 71.0, 69.0, 73.0, 49.0, 69.0]
confusion_matrix [[72, 82, 59, 55, 62, 70], [71, 71, 65, 59, 58, 76], [74, 81, 69, 54, 57, 65], [58, 77, 65, 73, 58, 69], [68, 67, 73, 71, 49, 72], [49, 67, 71, 79, 65, 69]]
traning started for  29 epoch
epoch 29 loss: 1.55930733681
validation accuracy :  0.19875
validation class_total [1200.0, 1200.0, 1200.0, 1200.0, 1200.0, 1200.0]
validation class_correct [241.0, 266.0, 260.0, 218.0, 207.0, 239.0]
validation confusion_matrix [[241, 216, 190, 196, 163, 194], [209, 266, 182, 172, 163, 208], [203, 191, 260, 200, 167, 179], [197, 207, 202, 218, 179, 197], [184, 219, 224, 171, 207, 195], [219, 217, 180, 207, 138, 239]]
test accuracy :  0.165416666667
class_total [400.0, 400.0, 400.0, 400.0, 400.0, 400.0]
class_correct [81.0, 63.0, 68.0, 63.0, 65.0, 57.0]
confusion_matrix [[81, 80, 55, 53, 58, 73], [69, 63, 53, 58, 62, 95], [76, 53, 68, 67, 71, 65], [67, 64, 74, 63, 59, 73], [65, 68, 65, 74, 65, 63], [81, 72, 57, 61, 72, 57]]
traning started for  30 epoch
epoch 30 loss: 1.54862964153
validation accuracy :  0.198333333333
validation class_total [1200.0, 1200.0, 1200.0, 1200.0, 1200.0, 1200.0]
validation class_correct [245.0, 270.0, 275.0, 204.0, 200.0, 234.0]
validation confusion_matrix [[245, 223, 173, 187, 170, 202], [214, 270, 193, 201, 134, 188], [180, 211, 275, 186, 182, 166], [194, 201, 229, 204, 186, 186], [187, 204, 218, 188, 200, 203], [201, 211, 209, 197, 148, 234]]
test accuracy :  0.17125
class_total [400.0, 400.0, 400.0, 400.0, 400.0, 400.0]
class_correct [83.0, 53.0, 77.0, 73.0, 62.0, 63.0]
confusion_matrix [[83, 77, 62, 64, 52, 62], [64, 53, 73, 66, 61, 83], [65, 73, 77, 61, 52, 72], [61, 76, 63, 73, 59, 68], [79, 54, 73, 65, 62, 67], [76, 69, 64, 67, 61, 63]]
traning started for  31 epoch
epoch 31 loss: 2.14832019806
validation accuracy :  0.202638888889
validation class_total [1200.0, 1200.0, 1200.0, 1200.0, 1200.0, 1200.0]
validation class_correct [240.0, 294.0, 283.0, 199.0, 201.0, 242.0]
validation confusion_matrix [[240, 193, 196, 178, 181, 212], [206, 294, 176, 173, 156, 195], [179, 188, 283, 166, 191, 193], [200, 193, 228, 199, 186, 194], [187, 195, 243, 197, 201, 177], [210, 210, 194, 185, 159, 242]]
test accuracy :  0.174583333333
class_total [400.0, 400.0, 400.0, 400.0, 400.0, 400.0]
class_correct [75.0, 67.0, 77.0, 71.0, 69.0, 60.0]
confusion_matrix [[75, 78, 59, 64, 53, 71], [63, 67, 73, 55, 59, 83], [68, 72, 77, 62, 55, 66], [69, 51, 71, 71, 63, 75], [68, 69, 66, 60, 69, 68], [74, 58, 72, 64, 72, 60]]
traning started for  32 epoch
epoch 32 loss: 1.81887626648
validation accuracy :  0.200555555556
validation class_total [1200.0, 1200.0, 1200.0, 1200.0, 1200.0, 1200.0]
validation class_correct [238.0, 269.0, 281.0, 222.0, 196.0, 238.0]
validation confusion_matrix [[238, 217, 198, 180, 159, 208], [195, 269, 211, 184, 152, 189], [169, 195, 281, 195, 183, 177], [202, 202, 206, 222, 168, 200], [207, 185, 241, 197, 196, 174], [195, 230, 198, 181, 158, 238]]
test accuracy :  0.186666666667
class_total [400.0, 400.0, 400.0, 400.0, 400.0, 400.0]
class_correct [77.0, 90.0, 69.0, 83.0, 64.0, 65.0]
confusion_matrix [[77, 74, 56, 55, 77, 61], [62, 90, 67, 54, 64, 63], [86, 72, 69, 61, 59, 53], [70, 58, 66, 83, 53, 70], [69, 69, 68, 71, 64, 59], [69, 64, 66, 67, 69, 65]]
traning started for  33 epoch
epoch 33 loss: 1.86298310757
validation accuracy :  0.209305555556
validation class_total [1200.0, 1200.0, 1200.0, 1200.0, 1200.0, 1200.0]
validation class_correct [226.0, 290.0, 297.0, 228.0, 228.0, 238.0]
validation confusion_matrix [[226, 202, 191, 203, 186, 192], [182, 290, 210, 172, 162, 184], [193, 203, 297, 185, 143, 179], [221, 197, 195, 228, 184, 175], [184, 185, 229, 184, 228, 190], [198, 234, 173, 180, 177, 238]]
test accuracy :  0.179583333333
class_total [400.0, 400.0, 400.0, 400.0, 400.0, 400.0]
class_correct [82.0, 75.0, 79.0, 78.0, 59.0, 58.0]
confusion_matrix [[82, 81, 53, 70, 47, 67], [75, 75, 74, 68, 53, 55], [61, 69, 79, 65, 72, 54], [64, 73, 57, 78, 58, 70], [66, 69, 75, 66, 59, 65], [68, 72, 64, 59, 79, 58]]
traning started for  34 epoch
epoch 34 loss: 2.3028023243
validation accuracy :  0.199305555556
validation class_total [1200.0, 1200.0, 1200.0, 1200.0, 1200.0, 1200.0]
validation class_correct [233.0, 284.0, 256.0, 231.0, 198.0, 233.0]
validation confusion_matrix [[233, 212, 167, 196, 189, 203], [191, 284, 195, 192, 150, 188], [206, 187, 256, 192, 171, 188], [207, 203, 209, 231, 164, 186], [200, 180, 234, 193, 198, 195], [227, 203, 184, 176, 177, 233]]
test accuracy :  0.170833333333
class_total [400.0, 400.0, 400.0, 400.0, 400.0, 400.0]
class_correct [71.0, 61.0, 93.0, 65.0, 61.0, 59.0]
confusion_matrix [[71, 73, 59, 68, 64, 65], [73, 61, 75, 66, 59, 66], [67, 67, 93, 73, 42, 58], [61, 82, 75, 65, 57, 60], [51, 77, 81, 68, 61, 62], [85, 65, 73, 65, 53, 59]]
traning started for  35 epoch
epoch 35 loss: 1.60111856461
validation accuracy :  0.198333333333
validation class_total [1200.0, 1200.0, 1200.0, 1200.0, 1200.0, 1200.0]
validation class_correct [233.0, 272.0, 269.0, 212.0, 207.0, 235.0]
validation confusion_matrix [[233, 228, 186, 200, 163, 190], [222, 272, 178, 168, 155, 205], [209, 192, 269, 190, 154, 186], [190, 202, 217, 212, 199, 180], [198, 197, 245, 189, 207, 164], [241, 216, 172, 183, 153, 235]]
test accuracy :  0.165416666667
class_total [400.0, 400.0, 400.0, 400.0, 400.0, 400.0]
class_correct [70.0, 66.0, 67.0, 65.0, 64.0, 65.0]
confusion_matrix [[70, 93, 55, 51, 57, 74], [65, 66, 76, 62, 65, 66], [75, 63, 67, 54, 65, 76], [56, 82, 65, 65, 58, 74], [68, 64, 81, 65, 64, 58], [74, 64, 70, 79, 48, 65]]
traning started for  36 epoch
epoch 36 loss: 1.55355715752
validation accuracy :  0.209305555556
validation class_total [1200.0, 1200.0, 1200.0, 1200.0, 1200.0, 1200.0]
validation class_correct [265.0, 268.0, 282.0, 222.0, 222.0, 248.0]
validation confusion_matrix [[265, 184, 187, 166, 201, 197], [208, 268, 208, 170, 160, 186], [187, 181, 282, 184, 181, 185], [194, 199, 216, 222, 180, 189], [203, 195, 246, 165, 222, 169], [201, 186, 208, 180, 177, 248]]
test accuracy :  0.171666666667
class_total [400.0, 400.0, 400.0, 400.0, 400.0, 400.0]
class_correct [76.0, 68.0, 76.0, 61.0, 69.0, 62.0]
confusion_matrix [[76, 72, 53, 73, 50, 76], [72, 68, 88, 56, 45, 71], [79, 61, 76, 55, 60, 69], [56, 76, 69, 61, 76, 62], [57, 67, 76, 74, 69, 57], [69, 68, 75, 67, 59, 62]]
traning started for  37 epoch
epoch 37 loss: 1.70541667938
validation accuracy :  0.213055555556
validation class_total [1200.0, 1200.0, 1200.0, 1200.0, 1200.0, 1200.0]
validation class_correct [229.0, 286.0, 326.0, 249.0, 204.0, 240.0]
validation confusion_matrix [[229, 214, 198, 189, 179, 191], [203, 286, 173, 174, 156, 208], [194, 177, 326, 180, 160, 163], [220, 193, 217, 249, 146, 175], [192, 163, 220, 211, 204, 210], [204, 201, 176, 216, 163, 240]]
test accuracy :  0.178333333333
class_total [400.0, 400.0, 400.0, 400.0, 400.0, 400.0]
class_correct [74.0, 61.0, 93.0, 70.0, 62.0, 68.0]
confusion_matrix [[74, 89, 74, 54, 54, 55], [68, 61, 71, 57, 75, 68], [69, 62, 93, 62, 48, 66], [76, 61, 72, 70, 46, 75], [64, 60, 83, 68, 62, 63], [67, 65, 73, 69, 58, 68]]
traning started for  38 epoch
epoch 38 loss: 1.70692789555
validation accuracy :  0.209166666667
validation class_total [1200.0, 1200.0, 1200.0, 1200.0, 1200.0, 1200.0]
validation class_correct [250.0, 267.0, 289.0, 234.0, 220.0, 246.0]
validation confusion_matrix [[250, 188, 193, 185, 175, 209], [209, 267, 183, 181, 159, 201], [194, 198, 289, 183, 147, 189], [194, 187, 213, 234, 167, 205], [215, 177, 216, 202, 220, 170], [228, 215, 182, 183, 146, 246]]
test accuracy :  0.172916666667
class_total [400.0, 400.0, 400.0, 400.0, 400.0, 400.0]
class_correct [67.0, 65.0, 84.0, 61.0, 70.0, 68.0]
confusion_matrix [[67, 66, 62, 66, 60, 79], [72, 65, 81, 49, 52, 81], [80, 74, 84, 62, 48, 52], [72, 68, 68, 61, 68, 63], [62, 59, 82, 70, 70, 57], [80, 75, 65, 49, 63, 68]]
traning started for  39 epoch
epoch 39 loss: 1.74225723743
validation accuracy :  0.205138888889
validation class_total [1200.0, 1200.0, 1200.0, 1200.0, 1200.0, 1200.0]
validation class_correct [269.0, 271.0, 286.0, 225.0, 194.0, 232.0]
validation confusion_matrix [[269, 189, 184, 212, 162, 184], [211, 271, 189, 163, 161, 205], [185, 179, 286, 187, 175, 188], [199, 212, 217, 225, 175, 172], [173, 238, 209, 200, 194, 186], [228, 206, 197, 181, 156, 232]]
test accuracy :  0.174166666667
class_total [400.0, 400.0, 400.0, 400.0, 400.0, 400.0]
class_correct [81.0, 69.0, 77.0, 78.0, 56.0, 57.0]
confusion_matrix [[81, 72, 68, 73, 50, 56], [65, 69, 61, 69, 68, 68], [73, 72, 77, 58, 55, 65], [64, 65, 68, 78, 67, 58], [65, 76, 69, 60, 56, 74], [78, 65, 75, 64, 61, 57]]
traning started for  40 epoch
epoch 40 loss: 1.95429861546
validation accuracy :  0.207222222222
validation class_total [1200.0, 1200.0, 1200.0, 1200.0, 1200.0, 1200.0]
validation class_correct [254.0, 282.0, 303.0, 220.0, 207.0, 226.0]
validation confusion_matrix [[254, 199, 185, 180, 182, 200], [195, 282, 185, 164, 180, 194], [184, 199, 303, 181, 154, 179], [194, 216, 208, 220, 181, 181], [177, 202, 236, 195, 207, 183], [210, 213, 179, 213, 159, 226]]
test accuracy :  0.157083333333
class_total [400.0, 400.0, 400.0, 400.0, 400.0, 400.0]
class_correct [74.0, 55.0, 74.0, 56.0, 58.0, 60.0]
confusion_matrix [[74, 71, 56, 67, 65, 67], [80, 55, 83, 61, 56, 65], [77, 66, 74, 61, 49, 73], [73, 81, 69, 56, 62, 59], [67, 67, 74, 67, 58, 67], [79, 67, 74, 61, 59, 60]]
traning started for  41 epoch
epoch 41 loss: 2.04670357704
