cuda
<torch.optim.lr_scheduler.MultiStepLR object at 0x7f38360fddd0>
traning started for  0 epoch
epoch 1 loss: 1.75325036049
validation accuracy :  0.22625
validation class_total [1200.0, 1200.0, 1200.0, 1200.0, 1200.0, 1200.0]
validation class_correct [250.0, 227.0, 288.0, 300.0, 222.0, 342.0]
validation confusion_matrix [[250, 159, 135, 224, 159, 273], [156, 227, 178, 195, 162, 282], [163, 169, 288, 196, 185, 199], [168, 143, 163, 300, 168, 258], [187, 146, 181, 246, 222, 218], [188, 160, 143, 220, 147, 342]]
test accuracy :  0.182083333333
class_total [400.0, 400.0, 400.0, 400.0, 400.0, 400.0]
class_correct [69.0, 42.0, 75.0, 82.0, 70.0, 99.0]
confusion_matrix [[69, 63, 43, 73, 58, 94], [62, 42, 86, 81, 54, 75], [54, 45, 75, 91, 58, 77], [61, 49, 68, 82, 53, 87], [61, 45, 84, 70, 70, 70], [71, 52, 38, 91, 49, 99]]
traning started for  1 epoch
epoch 2 loss: 1.67206180096
validation accuracy :  0.291805555556
validation class_total [1200.0, 1200.0, 1200.0, 1200.0, 1200.0, 1200.0]
validation class_correct [421.0, 414.0, 370.0, 315.0, 248.0, 333.0]
validation confusion_matrix [[421, 174, 95, 179, 121, 210], [155, 414, 164, 133, 111, 223], [145, 217, 370, 143, 153, 172], [259, 155, 142, 315, 149, 180], [208, 216, 195, 178, 248, 155], [202, 241, 128, 163, 133, 333]]
test accuracy :  0.185833333333
class_total [400.0, 400.0, 400.0, 400.0, 400.0, 400.0]
class_correct [98.0, 73.0, 73.0, 64.0, 55.0, 83.0]
confusion_matrix [[98, 75, 46, 55, 52, 74], [55, 73, 81, 68, 55, 68], [56, 82, 73, 52, 64, 73], [83, 76, 66, 64, 50, 61], [69, 72, 86, 56, 55, 62], [81, 67, 43, 75, 51, 83]]
traning started for  2 epoch
epoch 3 loss: 1.29487967491
validation accuracy :  0.392916666667
validation class_total [1200.0, 1200.0, 1200.0, 1200.0, 1200.0, 1200.0]
validation class_correct [559.0, 697.0, 467.0, 525.0, 180.0, 401.0]
validation confusion_matrix [[559, 96, 69, 271, 77, 128], [27, 697, 208, 31, 40, 197], [45, 353, 467, 80, 79, 176], [349, 60, 98, 525, 80, 88], [212, 186, 213, 206, 180, 203], [150, 277, 172, 131, 69, 401]]
test accuracy :  0.169166666667
class_total [400.0, 400.0, 400.0, 400.0, 400.0, 400.0]
class_correct [67.0, 37.0, 118.0, 60.0, 45.0, 79.0]
confusion_matrix [[67, 107, 43, 46, 33, 104], [78, 37, 79, 106, 40, 60], [25, 134, 118, 26, 34, 63], [73, 76, 82, 60, 33, 76], [35, 93, 88, 58, 45, 81], [106, 35, 39, 116, 25, 79]]
traning started for  3 epoch
epoch 4 loss: 1.131316185
validation accuracy :  0.510277777778
validation class_total [1200.0, 1200.0, 1200.0, 1200.0, 1200.0, 1200.0]
validation class_correct [611.0, 824.0, 656.0, 641.0, 455.0, 487.0]
validation confusion_matrix [[611, 5, 4, 434, 98, 48], [1, 824, 292, 0, 12, 71], [0, 447, 656, 1, 23, 73], [406, 2, 8, 641, 104, 39], [94, 77, 132, 127, 455, 315], [32, 260, 204, 37, 180, 487]]
test accuracy :  0.2175
class_total [400.0, 400.0, 400.0, 400.0, 400.0, 400.0]
class_correct [72.0, 6.0, 146.0, 96.0, 102.0, 100.0]
confusion_matrix [[72, 26, 28, 65, 103, 106], [63, 6, 17, 124, 125, 65], [1, 183, 146, 0, 18, 52], [70, 18, 35, 96, 103, 78], [2, 43, 104, 6, 102, 143], [55, 7, 21, 94, 123, 100]]
traning started for  4 epoch
epoch 5 loss: 1.2422785759
validation accuracy :  0.607638888889
validation class_total [1200.0, 1200.0, 1200.0, 1200.0, 1200.0, 1200.0]
validation class_correct [607.0, 955.0, 878.0, 697.0, 550.0, 688.0]
validation confusion_matrix [[607, 3, 3, 441, 91, 55], [0, 955, 228, 0, 2, 15], [0, 291, 878, 0, 7, 24], [328, 0, 2, 697, 128, 45], [21, 38, 119, 65, 550, 407], [5, 141, 178, 9, 179, 688]]
test accuracy :  0.224583333333
class_total [400.0, 400.0, 400.0, 400.0, 400.0, 400.0]
class_correct [27.0, 0.0, 181.0, 97.0, 113.0, 121.0]
confusion_matrix [[27, 26, 17, 33, 125, 172], [16, 0, 16, 84, 187, 97], [0, 176, 181, 0, 5, 38], [40, 6, 10, 97, 148, 99], [0, 10, 109, 1, 113, 167], [21, 0, 18, 63, 177, 121]]
traning started for  5 epoch
epoch 6 loss: 0.980093359947
validation accuracy :  0.720972222222
validation class_total [1200.0, 1200.0, 1200.0, 1200.0, 1200.0, 1200.0]
validation class_correct [697.0, 1062.0, 1075.0, 881.0, 733.0, 743.0]
validation confusion_matrix [[697, 2, 0, 422, 51, 28], [0, 1062, 126, 0, 3, 9], [0, 111, 1075, 0, 5, 9], [211, 0, 0, 881, 93, 15], [17, 17, 86, 55, 733, 292], [1, 74, 115, 16, 251, 743]]
test accuracy :  0.25125
class_total [400.0, 400.0, 400.0, 400.0, 400.0, 400.0]
class_correct [37.0, 1.0, 231.0, 107.0, 177.0, 50.0]
confusion_matrix [[37, 15, 10, 50, 122, 166], [12, 1, 10, 91, 235, 51], [0, 128, 231, 0, 10, 31], [38, 4, 6, 107, 158, 87], [0, 2, 125, 4, 177, 92], [7, 0, 22, 50, 271, 50]]
traning started for  6 epoch
epoch 7 loss: 1.16101145744
validation accuracy :  0.827083333333
validation class_total [1200.0, 1200.0, 1200.0, 1200.0, 1200.0, 1200.0]
validation class_correct [900.0, 1099.0, 1173.0, 1019.0, 909.0, 855.0]
validation confusion_matrix [[900, 0, 0, 284, 11, 5], [0, 1099, 84, 0, 2, 15], [0, 15, 1173, 0, 10, 2], [95, 0, 1, 1019, 83, 2], [14, 2, 40, 83, 909, 152], [7, 25, 46, 11, 256, 855]]
test accuracy :  0.264583333333
class_total [400.0, 400.0, 400.0, 400.0, 400.0, 400.0]
class_correct [52.0, 0.0, 235.0, 118.0, 221.0, 9.0]
confusion_matrix [[52, 2, 4, 68, 159, 115], [6, 0, 10, 93, 246, 45], [0, 90, 235, 0, 23, 52], [15, 1, 3, 118, 196, 67], [0, 0, 90, 1, 221, 88], [0, 0, 18, 61, 312, 9]]
traning started for  7 epoch
epoch 8 loss: 0.488982915878
validation accuracy :  0.905
validation class_total [1200.0, 1200.0, 1200.0, 1200.0, 1200.0, 1200.0]
validation class_correct [1046.0, 1131.0, 1184.0, 1069.0, 1046.0, 1040.0]
validation confusion_matrix [[1046, 0, 0, 135, 13, 6], [0, 1131, 50, 0, 1, 18], [0, 5, 1184, 0, 10, 1], [40, 0, 1, 1069, 89, 1], [2, 0, 53, 41, 1046, 58], [3, 14, 11, 5, 127, 1040]]
test accuracy :  0.263333333333
class_total [400.0, 400.0, 400.0, 400.0, 400.0, 400.0]
class_correct [27.0, 0.0, 258.0, 90.0, 255.0, 2.0]
confusion_matrix [[27, 0, 15, 79, 229, 50], [11, 0, 5, 58, 260, 66], [0, 51, 258, 0, 37, 54], [15, 0, 7, 90, 234, 54], [0, 0, 69, 1, 255, 75], [0, 0, 14, 35, 349, 2]]
traning started for  8 epoch
epoch 9 loss: 1.31041359901
validation accuracy :  0.924027777778
validation class_total [1200.0, 1200.0, 1200.0, 1200.0, 1200.0, 1200.0]
validation class_correct [1013.0, 1177.0, 1190.0, 1090.0, 1133.0, 1050.0]
validation confusion_matrix [[1013, 0, 0, 166, 15, 6], [0, 1177, 12, 0, 0, 11], [0, 5, 1190, 0, 5, 0], [3, 0, 1, 1090, 105, 1], [2, 0, 28, 18, 1133, 19], [2, 46, 6, 2, 94, 1050]]
test accuracy :  0.247083333333
class_total [400.0, 400.0, 400.0, 400.0, 400.0, 400.0]
class_correct [5.0, 0.0, 263.0, 57.0, 266.0, 2.0]
confusion_matrix [[5, 2, 17, 50, 292, 34], [4, 0, 5, 32, 296, 63], [0, 85, 263, 0, 33, 19], [2, 0, 6, 57, 288, 47], [0, 0, 75, 0, 266, 59], [0, 0, 8, 57, 333, 2]]
traning started for  9 epoch
epoch 10 loss: 0.0960559844971
validation accuracy :  0.956388888889
validation class_total [1200.0, 1200.0, 1200.0, 1200.0, 1200.0, 1200.0]
validation class_correct [1130.0, 1162.0, 1191.0, 1146.0, 1154.0, 1103.0]
validation confusion_matrix [[1130, 0, 0, 49, 8, 13], [0, 1162, 31, 0, 3, 4], [0, 2, 1191, 0, 7, 0], [3, 0, 1, 1146, 50, 0], [0, 0, 24, 13, 1154, 9], [2, 28, 1, 1, 65, 1103]]
test accuracy :  0.250833333333
class_total [400.0, 400.0, 400.0, 400.0, 400.0, 400.0]
class_correct [7.0, 0.0, 246.0, 67.0, 279.0, 3.0]
confusion_matrix [[7, 0, 7, 70, 291, 25], [15, 0, 5, 28, 272, 80], [0, 63, 246, 0, 64, 27], [7, 0, 4, 67, 248, 74], [0, 0, 36, 0, 279, 85], [1, 0, 3, 42, 351, 3]]
traning started for  10 epoch
epoch 11 loss: 0.506388664246
validation accuracy :  0.976527777778
validation class_total [1200.0, 1200.0, 1200.0, 1200.0, 1200.0, 1200.0]
validation class_correct [1181.0, 1162.0, 1191.0, 1167.0, 1179.0, 1151.0]
validation confusion_matrix [[1181, 0, 0, 12, 4, 3], [0, 1162, 23, 0, 2, 13], [0, 3, 1191, 0, 6, 0], [10, 0, 0, 1167, 23, 0], [2, 0, 10, 4, 1179, 5], [7, 6, 1, 2, 33, 1151]]
test accuracy :  0.23375
class_total [400.0, 400.0, 400.0, 400.0, 400.0, 400.0]
class_correct [20.0, 0.0, 204.0, 62.0, 274.0, 1.0]
confusion_matrix [[20, 0, 7, 77, 276, 20], [20, 0, 3, 26, 248, 103], [0, 76, 204, 0, 72, 48], [12, 1, 1, 62, 239, 85], [0, 0, 15, 2, 274, 109], [4, 0, 4, 44, 347, 1]]
traning started for  11 epoch
epoch 12 loss: 0.350749969482
validation accuracy :  0.969583333333
validation class_total [1200.0, 1200.0, 1200.0, 1200.0, 1200.0, 1200.0]
validation class_correct [1166.0, 1114.0, 1196.0, 1190.0, 1189.0, 1126.0]
validation confusion_matrix [[1166, 0, 0, 29, 3, 2], [0, 1114, 69, 0, 2, 15], [0, 0, 1196, 0, 4, 0], [1, 0, 0, 1190, 9, 0], [0, 0, 0, 9, 1189, 2], [5, 1, 1, 11, 56, 1126]]
test accuracy :  0.2825
class_total [400.0, 400.0, 400.0, 400.0, 400.0, 400.0]
class_correct [9.0, 0.0, 213.0, 116.0, 340.0, 0.0]
confusion_matrix [[9, 0, 2, 107, 276, 6], [17, 0, 1, 58, 285, 39], [0, 43, 213, 0, 105, 39], [8, 0, 0, 116, 234, 42], [0, 0, 13, 3, 340, 44], [1, 0, 2, 60, 337, 0]]
traning started for  12 epoch
epoch 13 loss: 0.0563073158264
validation accuracy :  0.98875
validation class_total [1200.0, 1200.0, 1200.0, 1200.0, 1200.0, 1200.0]
validation class_correct [1186.0, 1188.0, 1193.0, 1178.0, 1192.0, 1182.0]
validation confusion_matrix [[1186, 0, 0, 10, 2, 2], [0, 1188, 7, 0, 1, 4], [0, 1, 1193, 0, 6, 0], [1, 0, 0, 1178, 21, 0], [0, 0, 3, 1, 1192, 4], [4, 1, 0, 0, 13, 1182]]
test accuracy :  0.225
class_total [400.0, 400.0, 400.0, 400.0, 400.0, 400.0]
class_correct [16.0, 0.0, 175.0, 62.0, 287.0, 0.0]
confusion_matrix [[16, 3, 2, 59, 291, 29], [37, 0, 0, 24, 232, 107], [0, 99, 175, 0, 68, 58], [8, 0, 1, 62, 225, 104], [1, 1, 15, 1, 287, 95], [1, 0, 1, 31, 367, 0]]
traning started for  13 epoch
epoch 14 loss: 0.0189709663391
validation accuracy :  0.987638888889
validation class_total [1200.0, 1200.0, 1200.0, 1200.0, 1200.0, 1200.0]
validation class_correct [1176.0, 1192.0, 1192.0, 1180.0, 1192.0, 1179.0]
validation confusion_matrix [[1176, 0, 0, 18, 4, 2], [0, 1192, 5, 0, 0, 3], [0, 1, 1192, 0, 7, 0], [0, 0, 0, 1180, 20, 0], [0, 0, 4, 2, 1192, 2], [0, 9, 0, 2, 10, 1179]]
test accuracy :  0.197916666667
class_total [400.0, 400.0, 400.0, 400.0, 400.0, 400.0]
class_correct [8.0, 0.0, 187.0, 49.0, 230.0, 1.0]
confusion_matrix [[8, 2, 5, 81, 275, 29], [27, 0, 0, 26, 215, 132], [0, 89, 187, 0, 69, 55], [10, 0, 1, 49, 249, 91], [1, 0, 19, 2, 230, 148], [0, 0, 1, 33, 365, 1]]
traning started for  14 epoch
epoch 15 loss: 0.0159473419189
validation accuracy :  0.984027777778
validation class_total [1200.0, 1200.0, 1200.0, 1200.0, 1200.0, 1200.0]
validation class_correct [1185.0, 1167.0, 1190.0, 1196.0, 1199.0, 1148.0]
validation confusion_matrix [[1185, 0, 0, 12, 3, 0], [0, 1167, 28, 0, 2, 3], [0, 0, 1190, 0, 10, 0], [1, 0, 0, 1196, 3, 0], [0, 0, 0, 1, 1199, 0], [8, 0, 0, 4, 40, 1148]]
test accuracy :  0.24375
class_total [400.0, 400.0, 400.0, 400.0, 400.0, 400.0]
class_correct [17.0, 0.0, 180.0, 88.0, 300.0, 0.0]
confusion_matrix [[17, 1, 2, 93, 274, 13], [35, 0, 0, 51, 266, 48], [0, 52, 180, 0, 118, 50], [7, 0, 2, 88, 261, 42], [0, 0, 13, 14, 300, 73], [1, 0, 1, 62, 336, 0]]
traning started for  15 epoch
epoch 16 loss: 0.0283660888672
validation accuracy :  0.994305555556
validation class_total [1200.0, 1200.0, 1200.0, 1200.0, 1200.0, 1200.0]
validation class_correct [1190.0, 1199.0, 1197.0, 1192.0, 1194.0, 1187.0]
validation confusion_matrix [[1190, 0, 0, 4, 1, 5], [0, 1199, 1, 0, 0, 0], [0, 3, 1197, 0, 0, 0], [0, 0, 0, 1192, 8, 0], [0, 0, 6, 0, 1194, 0], [0, 8, 0, 0, 5, 1187]]
test accuracy :  0.207083333333
class_total [400.0, 400.0, 400.0, 400.0, 400.0, 400.0]
class_correct [16.0, 0.0, 200.0, 59.0, 218.0, 4.0]
confusion_matrix [[16, 7, 13, 66, 253, 45], [22, 0, 1, 14, 226, 137], [0, 108, 200, 0, 49, 43], [8, 1, 2, 59, 243, 87], [0, 0, 25, 2, 218, 155], [1, 0, 2, 36, 357, 4]]
traning started for  16 epoch
epoch 17 loss: 0.213220119476
validation accuracy :  0.9925
validation class_total [1200.0, 1200.0, 1200.0, 1200.0, 1200.0, 1200.0]
validation class_correct [1187.0, 1194.0, 1200.0, 1195.0, 1196.0, 1174.0]
validation confusion_matrix [[1187, 0, 0, 10, 1, 2], [0, 1194, 6, 0, 0, 0], [0, 0, 1200, 0, 0, 0], [0, 0, 0, 1195, 5, 0], [1, 0, 1, 2, 1196, 0], [0, 3, 0, 2, 21, 1174]]
test accuracy :  0.244583333333
class_total [400.0, 400.0, 400.0, 400.0, 400.0, 400.0]
class_correct [8.0, 0.0, 237.0, 71.0, 269.0, 2.0]
confusion_matrix [[8, 1, 16, 67, 301, 7], [20, 0, 1, 41, 279, 59], [0, 53, 237, 0, 83, 27], [8, 0, 1, 71, 269, 51], [0, 1, 25, 10, 269, 95], [3, 0, 4, 35, 356, 2]]
traning started for  17 epoch
epoch 18 loss: 0.0112738609314
validation accuracy :  0.997361111111
validation class_total [1200.0, 1200.0, 1200.0, 1200.0, 1200.0, 1200.0]
validation class_correct [1195.0, 1199.0, 1195.0, 1199.0, 1195.0, 1198.0]
validation confusion_matrix [[1195, 0, 0, 1, 0, 4], [0, 1199, 0, 0, 0, 1], [0, 4, 1195, 0, 1, 0], [0, 0, 0, 1199, 0, 1], [0, 0, 0, 2, 1195, 3], [1, 0, 0, 0, 1, 1198]]
test accuracy :  0.190416666667
class_total [400.0, 400.0, 400.0, 400.0, 400.0, 400.0]
class_correct [22.0, 0.0, 168.0, 69.0, 193.0, 5.0]
confusion_matrix [[22, 4, 2, 121, 152, 99], [34, 0, 1, 35, 137, 193], [0, 83, 168, 0, 78, 71], [13, 0, 2, 69, 175, 141], [0, 0, 16, 7, 193, 184], [3, 0, 3, 69, 320, 5]]
traning started for  18 epoch
