cuda
traning started for  1 epoch
epoch 1 loss: 1.74935126305
validation accuracy :  0.220972222222
validation class_total [1200.0, 1200.0, 1200.0, 1200.0, 1200.0, 1200.0]
validation class_correct [256.0, 219.0, 465.0, 277.0, 294.0, 80.0]
validation confusion_matrix [[256, 141, 272, 277, 194, 60], [228, 219, 216, 269, 168, 100], [160, 89, 465, 183, 257, 46], [196, 133, 302, 277, 216, 76], [142, 92, 396, 210, 294, 66], [220, 166, 291, 235, 208, 80]]
test accuracy :  0.182083333333
class_total [400.0, 400.0, 400.0, 400.0, 400.0, 400.0]
class_correct [66.0, 28.0, 133.0, 85.0, 95.0, 30.0]
confusion_matrix [[66, 60, 95, 83, 72, 24], [46, 28, 133, 73, 104, 16], [58, 35, 133, 67, 92, 15], [66, 35, 112, 85, 89, 13], [37, 32, 159, 56, 95, 21], [78, 39, 105, 82, 66, 30]]
traning started for  2 epoch
epoch 2 loss: 1.40255594254
validation accuracy :  0.37875
validation class_total [1200.0, 1200.0, 1200.0, 1200.0, 1200.0, 1200.0]
validation class_correct [203.0, 247.0, 937.0, 781.0, 243.0, 316.0]
validation confusion_matrix [[203, 156, 9, 745, 25, 62], [135, 247, 27, 596, 47, 148], [0, 4, 937, 10, 165, 84], [178, 120, 17, 781, 26, 78], [4, 32, 682, 63, 243, 176], [7, 80, 477, 114, 206, 316]]
test accuracy :  0.164583333333
class_total [400.0, 400.0, 400.0, 400.0, 400.0, 400.0]
class_correct [20.0, 7.0, 163.0, 68.0, 88.0, 49.0]
confusion_matrix [[20, 101, 16, 145, 28, 90], [1, 7, 213, 21, 80, 78], [0, 15, 163, 24, 83, 115], [7, 37, 84, 68, 84, 120], [3, 20, 153, 40, 88, 96], [3, 7, 244, 26, 71, 49]]
traning started for  3 epoch
epoch 3 loss: 1.78662776947
validation accuracy :  0.591388888889
validation class_total [1200.0, 1200.0, 1200.0, 1200.0, 1200.0, 1200.0]
validation class_correct [495.0, 1079.0, 847.0, 599.0, 385.0, 853.0]
validation confusion_matrix [[495, 33, 4, 511, 130, 27], [5, 1079, 2, 7, 11, 96], [0, 3, 847, 0, 122, 228], [379, 28, 6, 599, 138, 50], [5, 11, 531, 12, 385, 256], [1, 42, 224, 0, 80, 853]]
test accuracy :  0.0983333333333
class_total [400.0, 400.0, 400.0, 400.0, 400.0, 400.0]
class_correct [79.0, 0.0, 96.0, 0.0, 29.0, 32.0]
confusion_matrix [[79, 146, 3, 37, 67, 68], [0, 0, 174, 1, 134, 91], [0, 4, 96, 0, 18, 282], [0, 6, 122, 0, 63, 209], [0, 0, 193, 0, 29, 178], [0, 0, 116, 14, 238, 32]]
traning started for  4 epoch
epoch 4 loss: 0.461804628372
validation accuracy :  0.822083333333
validation class_total [1200.0, 1200.0, 1200.0, 1200.0, 1200.0, 1200.0]
validation class_correct [681.0, 1108.0, 1017.0, 934.0, 1069.0, 1110.0]
validation confusion_matrix [[681, 11, 0, 487, 21, 0], [18, 1108, 0, 1, 5, 68], [0, 0, 1017, 0, 111, 72], [183, 1, 0, 934, 81, 1], [0, 1, 23, 69, 1069, 38], [0, 38, 6, 6, 40, 1110]]
test accuracy :  0.178333333333
class_total [400.0, 400.0, 400.0, 400.0, 400.0, 400.0]
class_correct [142.0, 0.0, 16.0, 49.0, 217.0, 4.0]
confusion_matrix [[142, 10, 0, 203, 36, 9], [2, 0, 14, 50, 281, 53], [0, 19, 16, 3, 53, 309], [1, 8, 2, 49, 213, 127], [1, 3, 7, 26, 217, 146], [1, 0, 2, 59, 334, 4]]
traning started for  5 epoch
epoch 5 loss: 0.490154266357
validation accuracy :  0.905833333333
validation class_total [1200.0, 1200.0, 1200.0, 1200.0, 1200.0, 1200.0]
validation class_correct [928.0, 1127.0, 1153.0, 1020.0, 1166.0, 1128.0]
validation confusion_matrix [[928, 6, 0, 209, 56, 1], [6, 1127, 1, 0, 7, 59], [0, 0, 1153, 0, 38, 9], [11, 0, 0, 1020, 169, 0], [0, 0, 18, 7, 1166, 9], [0, 5, 24, 0, 43, 1128]]
test accuracy :  0.184166666667
class_total [400.0, 400.0, 400.0, 400.0, 400.0, 400.0]
class_correct [56.0, 0.0, 176.0, 12.0, 197.0, 1.0]
confusion_matrix [[56, 8, 0, 190, 124, 22], [0, 0, 12, 8, 303, 77], [0, 1, 176, 0, 69, 154], [0, 2, 5, 12, 303, 78], [0, 0, 50, 0, 197, 153], [0, 0, 5, 5, 389, 1]]
traning started for  6 epoch
epoch 6 loss: 0.143898963928
validation accuracy :  0.894722222222
validation class_total [1200.0, 1200.0, 1200.0, 1200.0, 1200.0, 1200.0]
validation class_correct [740.0, 1089.0, 1177.0, 1105.0, 1188.0, 1143.0]
validation confusion_matrix [[740, 11, 0, 407, 41, 1], [14, 1089, 1, 0, 24, 72], [0, 0, 1177, 0, 23, 0], [1, 0, 0, 1105, 94, 0], [0, 0, 6, 4, 1188, 2], [0, 0, 8, 0, 49, 1143]]
test accuracy :  0.192916666667
class_total [400.0, 400.0, 400.0, 400.0, 400.0, 400.0]
class_correct [56.0, 0.0, 131.0, 5.0, 270.0, 1.0]
confusion_matrix [[56, 26, 1, 218, 79, 20], [0, 0, 7, 7, 325, 61], [0, 1, 131, 0, 115, 153], [0, 4, 0, 5, 290, 101], [0, 0, 26, 0, 270, 104], [0, 0, 2, 3, 394, 1]]
traning started for  7 epoch
epoch 7 loss: 0.0311889648438
validation accuracy :  0.929444444444
validation class_total [1200.0, 1200.0, 1200.0, 1200.0, 1200.0, 1200.0]
validation class_correct [1062.0, 1065.0, 1191.0, 1017.0, 1194.0, 1163.0]
validation confusion_matrix [[1062, 3, 0, 40, 95, 0], [14, 1065, 2, 0, 31, 88], [0, 0, 1191, 0, 8, 1], [2, 0, 0, 1017, 179, 2], [0, 0, 6, 0, 1194, 0], [0, 0, 12, 0, 25, 1163]]
test accuracy :  0.205
class_total [400.0, 400.0, 400.0, 400.0, 400.0, 400.0]
class_correct [26.0, 0.0, 127.0, 2.0, 330.0, 7.0]
confusion_matrix [[26, 20, 10, 114, 164, 66], [0, 0, 8, 1, 327, 64], [0, 3, 127, 0, 165, 105], [0, 0, 1, 2, 309, 88], [0, 0, 16, 2, 330, 52], [0, 0, 7, 5, 381, 7]]
traning started for  8 epoch
epoch 8 loss: 0.0253105163574
validation accuracy :  0.982638888889
validation class_total [1200.0, 1200.0, 1200.0, 1200.0, 1200.0, 1200.0]
validation class_correct [1192.0, 1192.0, 1191.0, 1152.0, 1172.0, 1176.0]
validation confusion_matrix [[1192, 4, 1, 1, 1, 1], [8, 1192, 0, 0, 0, 0], [0, 2, 1191, 0, 7, 0], [37, 1, 0, 1152, 10, 0], [1, 2, 3, 9, 1172, 13], [0, 18, 0, 0, 6, 1176]]
test accuracy :  0.269166666667
class_total [400.0, 400.0, 400.0, 400.0, 400.0, 400.0]
class_correct [238.0, 2.0, 127.0, 31.0, 240.0, 8.0]
confusion_matrix [[238, 38, 1, 116, 4, 3], [8, 2, 9, 27, 281, 73], [0, 90, 127, 1, 35, 147], [2, 7, 1, 31, 238, 121], [4, 3, 24, 9, 240, 120], [0, 0, 12, 5, 375, 8]]
traning started for  9 epoch
epoch 9 loss: 0.000266075134277
validation accuracy :  0.963333333333
validation class_total [1200.0, 1200.0, 1200.0, 1200.0, 1200.0, 1200.0]
validation class_correct [1197.0, 1190.0, 1024.0, 1169.0, 1192.0, 1164.0]
validation confusion_matrix [[1197, 0, 0, 2, 1, 0], [10, 1190, 0, 0, 0, 0], [1, 46, 1024, 0, 75, 54], [16, 0, 0, 1169, 15, 0], [4, 1, 0, 0, 1192, 3], [0, 24, 0, 0, 12, 1164]]
test accuracy :  0.162916666667
class_total [400.0, 400.0, 400.0, 400.0, 400.0, 400.0]
class_correct [234.0, 3.0, 2.0, 2.0, 146.0, 4.0]
confusion_matrix [[234, 29, 0, 120, 12, 5], [3, 3, 1, 2, 316, 75], [0, 78, 2, 0, 10, 310], [5, 16, 0, 2, 261, 116], [0, 8, 0, 2, 146, 244], [1, 0, 1, 10, 384, 4]]
traning started for  10 epoch
epoch 10 loss: 0.0125589370728
validation accuracy :  0.974722222222
validation class_total [1200.0, 1200.0, 1200.0, 1200.0, 1200.0, 1200.0]
validation class_correct [1192.0, 1108.0, 1196.0, 1189.0, 1142.0, 1191.0]
validation confusion_matrix [[1192, 0, 0, 7, 0, 1], [15, 1108, 32, 0, 2, 43], [0, 0, 1196, 1, 1, 2], [5, 0, 0, 1189, 5, 1], [1, 0, 30, 9, 1142, 18], [1, 0, 2, 0, 6, 1191]]
test accuracy :  0.0975
class_total [400.0, 400.0, 400.0, 400.0, 400.0, 400.0]
class_correct [26.0, 0.0, 165.0, 17.0, 11.0, 15.0]
confusion_matrix [[26, 4, 5, 340, 10, 15], [6, 0, 11, 49, 171, 163], [0, 3, 165, 0, 0, 232], [3, 2, 9, 17, 103, 266], [1, 0, 12, 2, 11, 374], [3, 0, 26, 46, 310, 15]]
traning started for  11 epoch
epoch 11 loss: 0.0015811920166
validation accuracy :  0.995694444444
validation class_total [1200.0, 1200.0, 1200.0, 1200.0, 1200.0, 1200.0]
validation class_correct [1192.0, 1197.0, 1200.0, 1195.0, 1185.0, 1200.0]
validation confusion_matrix [[1192, 3, 0, 4, 1, 0], [2, 1197, 0, 0, 0, 1], [0, 0, 1200, 0, 0, 0], [3, 0, 0, 1195, 2, 0], [1, 0, 1, 0, 1185, 13], [0, 0, 0, 0, 0, 1200]]
test accuracy :  0.141666666667
class_total [400.0, 400.0, 400.0, 400.0, 400.0, 400.0]
class_correct [73.0, 0.0, 163.0, 8.0, 81.0, 15.0]
confusion_matrix [[73, 18, 2, 293, 9, 5], [6, 0, 5, 9, 287, 93], [0, 5, 163, 1, 29, 202], [1, 0, 0, 8, 234, 157], [2, 0, 21, 1, 81, 295], [1, 0, 18, 32, 334, 15]]
traning started for  12 epoch
epoch 12 loss: 0.000530242919922
validation accuracy :  0.995555555556
validation class_total [1200.0, 1200.0, 1200.0, 1200.0, 1200.0, 1200.0]
validation class_correct [1193.0, 1194.0, 1198.0, 1195.0, 1189.0, 1199.0]
validation confusion_matrix [[1193, 1, 0, 3, 3, 0], [5, 1194, 0, 0, 0, 1], [0, 0, 1198, 0, 0, 2], [0, 0, 0, 1195, 5, 0], [4, 0, 2, 2, 1189, 3], [0, 1, 0, 0, 0, 1199]]
test accuracy :  0.0920833333333
class_total [400.0, 400.0, 400.0, 400.0, 400.0, 400.0]
class_correct [48.0, 0.0, 74.0, 6.0, 91.0, 2.0]
confusion_matrix [[48, 31, 4, 283, 19, 15], [5, 0, 4, 12, 312, 67], [0, 42, 74, 1, 3, 280], [1, 1, 1, 6, 186, 205], [0, 2, 11, 0, 91, 296], [0, 0, 13, 16, 369, 2]]
traning started for  13 epoch
epoch 13 loss: 0.0398740768433
validation accuracy :  0.99375
validation class_total [1200.0, 1200.0, 1200.0, 1200.0, 1200.0, 1200.0]
validation class_correct [1198.0, 1190.0, 1190.0, 1193.0, 1187.0, 1197.0]
validation confusion_matrix [[1198, 1, 0, 1, 0, 0], [7, 1190, 0, 1, 0, 2], [0, 1, 1190, 0, 8, 1], [6, 0, 0, 1193, 1, 0], [4, 0, 0, 7, 1187, 2], [1, 1, 0, 0, 1, 1197]]
test accuracy :  0.122916666667
class_total [400.0, 400.0, 400.0, 400.0, 400.0, 400.0]
class_correct [52.0, 0.0, 74.0, 27.0, 140.0, 2.0]
confusion_matrix [[52, 2, 2, 335, 7, 2], [21, 0, 2, 16, 270, 91], [1, 32, 74, 6, 49, 238], [7, 4, 0, 27, 190, 172], [13, 3, 3, 7, 140, 234], [1, 0, 7, 100, 290, 2]]
traning started for  14 epoch
epoch 14 loss: 0.000468254089355
validation accuracy :  0.996388888889
validation class_total [1200.0, 1200.0, 1200.0, 1200.0, 1200.0, 1200.0]
validation class_correct [1191.0, 1198.0, 1195.0, 1199.0, 1192.0, 1199.0]
validation confusion_matrix [[1191, 1, 0, 7, 0, 1], [2, 1198, 0, 0, 0, 0], [0, 0, 1195, 1, 0, 4], [0, 0, 0, 1199, 0, 1], [2, 0, 0, 5, 1192, 1], [0, 1, 0, 0, 0, 1199]]
test accuracy :  0.05
class_total [400.0, 400.0, 400.0, 400.0, 400.0, 400.0]
class_correct [38.0, 0.0, 12.0, 17.0, 47.0, 6.0]
confusion_matrix [[38, 30, 1, 305, 5, 21], [9, 0, 3, 37, 218, 133], [0, 51, 12, 1, 3, 333], [5, 3, 0, 17, 138, 237], [3, 6, 7, 14, 47, 323], [0, 0, 6, 63, 325, 6]]
traning started for  15 epoch
epoch 15 loss: 0.00684404373169
validation accuracy :  0.996805555556
validation class_total [1200.0, 1200.0, 1200.0, 1200.0, 1200.0, 1200.0]
validation class_correct [1195.0, 1199.0, 1193.0, 1198.0, 1192.0, 1200.0]
validation confusion_matrix [[1195, 2, 0, 3, 0, 0], [1, 1199, 0, 0, 0, 0], [0, 0, 1193, 0, 0, 7], [0, 0, 0, 1198, 2, 0], [0, 0, 1, 0, 1192, 7], [0, 0, 0, 0, 0, 1200]]
test accuracy :  0.0583333333333
class_total [400.0, 400.0, 400.0, 400.0, 400.0, 400.0]
class_correct [39.0, 0.0, 57.0, 11.0, 19.0, 14.0]
confusion_matrix [[39, 27, 2, 312, 6, 14], [13, 0, 4, 19, 183, 181], [0, 12, 57, 0, 0, 331], [3, 1, 0, 11, 110, 275], [0, 1, 3, 1, 19, 376], [0, 0, 7, 13, 366, 14]]
traning started for  16 epoch
epoch 16 loss: 0.00482082366943
validation accuracy :  0.995972222222
validation class_total [1200.0, 1200.0, 1200.0, 1200.0, 1200.0, 1200.0]
validation class_correct [1199.0, 1198.0, 1188.0, 1194.0, 1196.0, 1196.0]
validation confusion_matrix [[1199, 0, 0, 1, 0, 0], [2, 1198, 0, 0, 0, 0], [0, 0, 1188, 0, 2, 10], [4, 0, 0, 1194, 2, 0], [2, 0, 0, 1, 1196, 1], [0, 3, 0, 0, 1, 1196]]
test accuracy :  0.0745833333333
class_total [400.0, 400.0, 400.0, 400.0, 400.0, 400.0]
class_correct [102.0, 0.0, 9.0, 12.0, 56.0, 0.0]
confusion_matrix [[102, 30, 2, 254, 3, 9], [10, 0, 4, 25, 242, 119], [0, 3, 9, 0, 0, 388], [3, 1, 0, 12, 177, 207], [1, 0, 7, 2, 56, 334], [0, 0, 6, 32, 362, 0]]
traning started for  17 epoch
epoch 17 loss: 0.000455856323242
validation accuracy :  0.997916666667
validation class_total [1200.0, 1200.0, 1200.0, 1200.0, 1200.0, 1200.0]
validation class_correct [1198.0, 1196.0, 1200.0, 1197.0, 1197.0, 1197.0]
validation confusion_matrix [[1198, 1, 0, 1, 0, 0], [2, 1196, 1, 0, 0, 1], [0, 0, 1200, 0, 0, 0], [0, 0, 0, 1197, 3, 0], [0, 0, 3, 0, 1197, 0], [0, 0, 1, 0, 2, 1197]]
test accuracy :  0.0858333333333
class_total [400.0, 400.0, 400.0, 400.0, 400.0, 400.0]
class_correct [14.0, 0.0, 127.0, 4.0, 61.0, 0.0]
confusion_matrix [[14, 15, 1, 356, 8, 6], [8, 0, 11, 9, 289, 83], [0, 12, 127, 0, 8, 253], [1, 1, 1, 4, 203, 190], [0, 0, 24, 0, 61, 315], [0, 0, 58, 5, 337, 0]]
traning started for  18 epoch
epoch 18 loss: 2.00271606445e-05
validation accuracy :  0.998333333333
validation class_total [1200.0, 1200.0, 1200.0, 1200.0, 1200.0, 1200.0]
validation class_correct [1195.0, 1198.0, 1200.0, 1198.0, 1198.0, 1199.0]
validation confusion_matrix [[1195, 0, 0, 5, 0, 0], [0, 1198, 0, 0, 0, 2], [0, 0, 1200, 0, 0, 0], [1, 0, 0, 1198, 1, 0], [1, 0, 0, 1, 1198, 0], [0, 0, 0, 0, 1, 1199]]
test accuracy :  0.0825
class_total [400.0, 400.0, 400.0, 400.0, 400.0, 400.0]
class_correct [44.0, 0.0, 101.0, 8.0, 42.0, 3.0]
confusion_matrix [[44, 14, 0, 326, 9, 7], [0, 0, 3, 16, 236, 145], [0, 6, 101, 0, 8, 285], [1, 1, 0, 8, 187, 203], [1, 1, 7, 1, 42, 348], [0, 0, 16, 78, 303, 3]]
traning started for  19 epoch
epoch 19 loss: 8.20159912109e-05
validation accuracy :  0.999305555556
validation class_total [1200.0, 1200.0, 1200.0, 1200.0, 1200.0, 1200.0]
validation class_correct [1200.0, 1200.0, 1199.0, 1200.0, 1199.0, 1197.0]
validation confusion_matrix [[1200, 0, 0, 0, 0, 0], [0, 1200, 0, 0, 0, 0], [0, 0, 1199, 0, 1, 0], [0, 0, 0, 1200, 0, 0], [0, 0, 0, 1, 1199, 0], [0, 2, 1, 0, 0, 1197]]
test accuracy :  0.115833333333
class_total [400.0, 400.0, 400.0, 400.0, 400.0, 400.0]
class_correct [38.0, 0.0, 120.0, 14.0, 106.0, 0.0]
confusion_matrix [[38, 26, 1, 333, 1, 1], [9, 0, 4, 30, 276, 81], [0, 42, 120, 0, 14, 224], [0, 4, 0, 14, 219, 163], [0, 2, 6, 6, 106, 280], [0, 0, 19, 55, 326, 0]]
traning started for  20 epoch
epoch 20 loss: 0.000228881835938
validation accuracy :  0.998472222222
validation class_total [1200.0, 1200.0, 1200.0, 1200.0, 1200.0, 1200.0]
validation class_correct [1193.0, 1198.0, 1200.0, 1199.0, 1200.0, 1199.0]
validation confusion_matrix [[1193, 0, 0, 7, 0, 0], [2, 1198, 0, 0, 0, 0], [0, 0, 1200, 0, 0, 0], [0, 0, 0, 1199, 1, 0], [0, 0, 0, 0, 1200, 0], [0, 0, 0, 0, 1, 1199]]
test accuracy :  0.147916666667
class_total [400.0, 400.0, 400.0, 400.0, 400.0, 400.0]
class_correct [27.0, 0.0, 167.0, 28.0, 130.0, 3.0]
confusion_matrix [[27, 10, 0, 362, 1, 0], [1, 0, 6, 87, 260, 46], [0, 48, 167, 2, 21, 162], [0, 4, 0, 28, 256, 112], [0, 1, 16, 25, 130, 228], [0, 0, 21, 51, 325, 3]]
traning started for  21 epoch
epoch 21 loss: 1.71661376953e-05
validation accuracy :  0.999444444444
validation class_total [1200.0, 1200.0, 1200.0, 1200.0, 1200.0, 1200.0]
validation class_correct [1200.0, 1199.0, 1199.0, 1199.0, 1200.0, 1199.0]
validation confusion_matrix [[1200, 0, 0, 0, 0, 0], [1, 1199, 0, 0, 0, 0], [0, 0, 1199, 0, 0, 1], [1, 0, 0, 1199, 0, 0], [0, 0, 0, 0, 1200, 0], [0, 1, 0, 0, 0, 1199]]
test accuracy :  0.0895833333333
class_total [400.0, 400.0, 400.0, 400.0, 400.0, 400.0]
class_correct [30.0, 0.0, 113.0, 6.0, 66.0, 0.0]
confusion_matrix [[30, 25, 1, 341, 2, 1], [1, 0, 7, 25, 277, 90], [0, 37, 113, 0, 5, 245], [3, 0, 0, 6, 211, 180], [1, 1, 29, 0, 66, 303], [0, 0, 25, 42, 333, 0]]
traning started for  22 epoch
epoch 22 loss: 1.14440917969e-05
validation accuracy :  0.997777777778
validation class_total [1200.0, 1200.0, 1200.0, 1200.0, 1200.0, 1200.0]
validation class_correct [1200.0, 1199.0, 1189.0, 1200.0, 1196.0, 1200.0]
validation confusion_matrix [[1200, 0, 0, 0, 0, 0], [1, 1199, 0, 0, 0, 0], [0, 1, 1189, 0, 0, 10], [0, 0, 0, 1200, 0, 0], [0, 0, 0, 3, 1196, 1], [0, 0, 0, 0, 0, 1200]]
test accuracy :  0.0654166666667
class_total [400.0, 400.0, 400.0, 400.0, 400.0, 400.0]
class_correct [79.0, 0.0, 6.0, 17.0, 54.0, 1.0]
confusion_matrix [[79, 20, 0, 294, 4, 3], [6, 0, 2, 41, 304, 47], [0, 28, 6, 1, 0, 365], [4, 0, 0, 17, 197, 182], [4, 1, 2, 8, 54, 331], [0, 0, 6, 55, 338, 1]]
traning started for  23 epoch
epoch 23 loss: 3.81469726562e-06
validation accuracy :  0.999861111111
validation class_total [1200.0, 1200.0, 1200.0, 1200.0, 1200.0, 1200.0]
validation class_correct [1200.0, 1199.0, 1200.0, 1200.0, 1200.0, 1200.0]
validation confusion_matrix [[1200, 0, 0, 0, 0, 0], [1, 1199, 0, 0, 0, 0], [0, 0, 1200, 0, 0, 0], [0, 0, 0, 1200, 0, 0], [0, 0, 0, 0, 1200, 0], [0, 0, 0, 0, 0, 1200]]
test accuracy :  0.0933333333333
class_total [400.0, 400.0, 400.0, 400.0, 400.0, 400.0]
class_correct [10.0, 0.0, 112.0, 11.0, 90.0, 1.0]
confusion_matrix [[10, 24, 2, 354, 6, 4], [2, 0, 1, 33, 328, 36], [0, 20, 112, 0, 8, 260], [2, 0, 0, 11, 229, 158], [1, 1, 13, 8, 90, 287], [0, 0, 10, 70, 319, 1]]
traning started for  24 epoch
epoch 24 loss: 0.232883930206
validation accuracy :  0.967222222222
validation class_total [1200.0, 1200.0, 1200.0, 1200.0, 1200.0, 1200.0]
validation class_correct [1200.0, 1150.0, 1163.0, 1200.0, 1185.0, 1066.0]
validation confusion_matrix [[1200, 0, 0, 0, 0, 0], [49, 1150, 0, 1, 0, 0], [0, 1, 1163, 4, 30, 2], [0, 0, 0, 1200, 0, 0], [6, 0, 0, 9, 1185, 0], [30, 0, 0, 2, 102, 1066]]
test accuracy :  0.201666666667
class_total [400.0, 400.0, 400.0, 400.0, 400.0, 400.0]
class_correct [68.0, 0.0, 90.0, 28.0, 298.0, 0.0]
confusion_matrix [[68, 0, 0, 331, 1, 0], [42, 0, 0, 149, 208, 1], [3, 26, 90, 9, 139, 133], [11, 1, 0, 28, 309, 51], [15, 0, 1, 29, 298, 57], [0, 0, 1, 90, 309, 0]]
traning started for  25 epoch
epoch 25 loss: 4.38690185547e-05
validation accuracy :  0.99625
validation class_total [1200.0, 1200.0, 1200.0, 1200.0, 1200.0, 1200.0]
validation class_correct [1199.0, 1199.0, 1188.0, 1192.0, 1196.0, 1199.0]
validation confusion_matrix [[1199, 0, 0, 1, 0, 0], [0, 1199, 0, 0, 0, 1], [0, 5, 1188, 1, 1, 5], [5, 1, 0, 1192, 0, 2], [1, 1, 0, 1, 1196, 1], [0, 1, 0, 0, 0, 1199]]
test accuracy :  0.0491666666667
class_total [400.0, 400.0, 400.0, 400.0, 400.0, 400.0]
class_correct [79.0, 1.0, 15.0, 6.0, 11.0, 6.0]
confusion_matrix [[79, 24, 0, 290, 2, 5], [15, 1, 0, 14, 206, 164], [0, 83, 15, 1, 0, 301], [3, 5, 1, 6, 139, 246], [1, 3, 1, 0, 11, 384], [1, 0, 4, 93, 296, 6]]
traning started for  26 epoch
epoch 26 loss: 1.90734863281e-06
validation accuracy :  1.0
validation class_total [1200.0, 1200.0, 1200.0, 1200.0, 1200.0, 1200.0]
validation class_correct [1200.0, 1200.0, 1200.0, 1200.0, 1200.0, 1200.0]
validation confusion_matrix [[1200, 0, 0, 0, 0, 0], [0, 1200, 0, 0, 0, 0], [0, 0, 1200, 0, 0, 0], [0, 0, 0, 1200, 0, 0], [0, 0, 0, 0, 1200, 0], [0, 0, 0, 0, 0, 1200]]
test accuracy :  0.0754166666667
class_total [400.0, 400.0, 400.0, 400.0, 400.0, 400.0]
class_correct [23.0, 0.0, 94.0, 5.0, 58.0, 1.0]
confusion_matrix [[23, 25, 2, 349, 0, 1], [4, 0, 3, 10, 225, 158], [0, 41, 94, 1, 10, 254], [1, 2, 5, 5, 153, 234], [1, 0, 11, 1, 58, 329], [0, 0, 10, 35, 354, 1]]
traning started for  27 epoch
epoch 27 loss: 0.0101766586304
validation accuracy :  0.999166666667
validation class_total [1200.0, 1200.0, 1200.0, 1200.0, 1200.0, 1200.0]
validation class_correct [1200.0, 1199.0, 1199.0, 1199.0, 1200.0, 1197.0]
validation confusion_matrix [[1200, 0, 0, 0, 0, 0], [1, 1199, 0, 0, 0, 0], [0, 0, 1199, 0, 1, 0], [1, 0, 0, 1199, 0, 0], [0, 0, 0, 0, 1200, 0], [0, 0, 0, 0, 3, 1197]]
test accuracy :  0.123333333333
class_total [400.0, 400.0, 400.0, 400.0, 400.0, 400.0]
class_correct [34.0, 0.0, 61.0, 5.0, 196.0, 0.0]
confusion_matrix [[34, 14, 2, 328, 18, 4], [2, 0, 0, 3, 331, 64], [0, 9, 61, 0, 73, 257], [0, 0, 0, 5, 276, 119], [1, 1, 4, 1, 196, 197], [0, 0, 4, 15, 381, 0]]
traning started for  28 epoch
epoch 28 loss: 6.86645507812e-05
validation accuracy :  1.0
validation class_total [1200.0, 1200.0, 1200.0, 1200.0, 1200.0, 1200.0]
validation class_correct [1200.0, 1200.0, 1200.0, 1200.0, 1200.0, 1200.0]
validation confusion_matrix [[1200, 0, 0, 0, 0, 0], [0, 1200, 0, 0, 0, 0], [0, 0, 1200, 0, 0, 0], [0, 0, 0, 1200, 0, 0], [0, 0, 0, 0, 1200, 0], [0, 0, 0, 0, 0, 1200]]
test accuracy :  0.0920833333333
class_total [400.0, 400.0, 400.0, 400.0, 400.0, 400.0]
class_correct [11.0, 0.0, 93.0, 7.0, 110.0, 0.0]
confusion_matrix [[11, 16, 1, 367, 2, 3], [1, 0, 5, 6, 298, 90], [0, 31, 93, 3, 25, 248], [0, 4, 1, 7, 205, 183], [1, 4, 11, 2, 110, 272], [0, 0, 13, 29, 358, 0]]
traning started for  29 epoch
epoch 29 loss: 1.90734863281e-06
validation accuracy :  0.999722222222
validation class_total [1200.0, 1200.0, 1200.0, 1200.0, 1200.0, 1200.0]
validation class_correct [1200.0, 1199.0, 1200.0, 1199.0, 1200.0, 1200.0]
validation confusion_matrix [[1200, 0, 0, 0, 0, 0], [1, 1199, 0, 0, 0, 0], [0, 0, 1200, 0, 0, 0], [1, 0, 0, 1199, 0, 0], [0, 0, 0, 0, 1200, 0], [0, 0, 0, 0, 0, 1200]]
test accuracy :  0.08875
class_total [400.0, 400.0, 400.0, 400.0, 400.0, 400.0]
class_correct [32.0, 0.0, 76.0, 8.0, 97.0, 0.0]
confusion_matrix [[32, 22, 1, 341, 2, 2], [2, 0, 6, 11, 284, 97], [0, 37, 76, 3, 14, 270], [1, 4, 0, 8, 204, 183], [3, 4, 12, 1, 97, 283], [0, 0, 14, 31, 355, 0]]
traning started for  30 epoch
epoch 30 loss: 7.05718994141e-05
validation accuracy :  0.996388888889
validation class_total [1200.0, 1200.0, 1200.0, 1200.0, 1200.0, 1200.0]
validation class_correct [1193.0, 1200.0, 1200.0, 1197.0, 1188.0, 1196.0]
validation confusion_matrix [[1193, 6, 0, 1, 0, 0], [0, 1200, 0, 0, 0, 0], [0, 0, 1200, 0, 0, 0], [0, 3, 0, 1197, 0, 0], [0, 0, 4, 1, 1188, 7], [0, 1, 3, 0, 0, 1196]]
test accuracy :  0.11125
class_total [400.0, 400.0, 400.0, 400.0, 400.0, 400.0]
class_correct [5.0, 0.0, 160.0, 9.0, 93.0, 0.0]
confusion_matrix [[5, 74, 15, 298, 0, 8], [0, 0, 37, 21, 166, 176], [0, 88, 160, 0, 11, 141], [0, 2, 10, 9, 150, 229], [0, 8, 79, 0, 93, 220], [0, 0, 29, 88, 283, 0]]
traning started for  31 epoch
