cuda
traning started for  1 epoch
epoch 1 loss: 1.82449042797
validation accuracy :  0.221111111111
validation class_total [1200.0, 1200.0, 1200.0, 1200.0, 1200.0, 1200.0]
validation class_correct [120.0, 407.0, 617.0, 205.0, 207.0, 36.0]
validation confusion_matrix [[120, 368, 276, 223, 177, 36], [122, 407, 279, 204, 151, 37], [68, 161, 617, 124, 209, 21], [83, 270, 433, 205, 184, 25], [97, 242, 470, 165, 207, 19], [96, 337, 338, 220, 173, 36]]
test accuracy :  0.1375
class_total [400.0, 400.0, 400.0, 400.0, 400.0, 400.0]
class_correct [36.0, 58.0, 90.0, 65.0, 75.0, 6.0]
confusion_matrix [[36, 72, 139, 64, 79, 10], [25, 58, 198, 48, 63, 8], [42, 112, 90, 78, 68, 10], [35, 86, 146, 65, 55, 13], [44, 92, 113, 59, 75, 17], [42, 101, 117, 77, 57, 6]]
traning started for  2 epoch
epoch 2 loss: 2.12712740898
validation accuracy :  0.2775
validation class_total [1200.0, 1200.0, 1200.0, 1200.0, 1200.0, 1200.0]
validation class_correct [525.0, 324.0, 816.0, 229.0, 60.0, 44.0]
validation confusion_matrix [[525, 314, 168, 121, 31, 41], [438, 324, 203, 170, 31, 34], [72, 97, 816, 160, 41, 14], [252, 209, 444, 229, 40, 26], [284, 201, 440, 189, 60, 26], [292, 271, 334, 199, 60, 44]]
test accuracy :  0.141666666667
class_total [400.0, 400.0, 400.0, 400.0, 400.0, 400.0]
class_correct [80.0, 55.0, 89.0, 80.0, 22.0, 14.0]
confusion_matrix [[80, 84, 140, 63, 23, 10], [26, 55, 216, 70, 28, 5], [128, 85, 89, 58, 23, 17], [54, 65, 177, 80, 21, 3], [140, 96, 85, 46, 22, 11], [109, 100, 89, 70, 18, 14]]
traning started for  3 epoch
epoch 3 loss: 1.51598978043
validation accuracy :  0.300972222222
validation class_total [1200.0, 1200.0, 1200.0, 1200.0, 1200.0, 1200.0]
validation class_correct [450.0, 168.0, 1007.0, 251.0, 65.0, 226.0]
validation confusion_matrix [[450, 188, 154, 190, 35, 183], [284, 168, 225, 218, 79, 226], [14, 12, 1007, 85, 17, 65], [81, 84, 573, 251, 42, 169], [92, 67, 597, 215, 65, 164], [120, 81, 502, 214, 57, 226]]
test accuracy :  0.16
class_total [400.0, 400.0, 400.0, 400.0, 400.0, 400.0]
class_correct [48.0, 7.0, 163.0, 73.0, 25.0, 68.0]
confusion_matrix [[48, 38, 161, 80, 23, 50], [6, 7, 276, 54, 16, 41], [41, 40, 163, 82, 17, 57], [21, 17, 225, 73, 18, 46], [58, 38, 137, 68, 25, 74], [30, 33, 180, 73, 16, 68]]
traning started for  4 epoch
epoch 4 loss: 1.46330320835
validation accuracy :  0.364583333333
validation class_total [1200.0, 1200.0, 1200.0, 1200.0, 1200.0, 1200.0]
validation class_correct [774.0, 158.0, 1006.0, 343.0, 122.0, 222.0]
validation confusion_matrix [[774, 145, 49, 107, 40, 85], [507, 158, 83, 204, 76, 172], [9, 3, 1006, 83, 24, 75], [112, 52, 401, 343, 85, 207], [111, 43, 456, 274, 122, 194], [140, 58, 417, 255, 108, 222]]
test accuracy :  0.162083333333
class_total [400.0, 400.0, 400.0, 400.0, 400.0, 400.0]
class_correct [74.0, 2.0, 119.0, 92.0, 37.0, 65.0]
confusion_matrix [[74, 29, 99, 77, 56, 65], [1, 2, 274, 63, 19, 41], [37, 26, 119, 121, 33, 64], [20, 3, 192, 92, 34, 59], [44, 28, 126, 91, 37, 74], [27, 14, 157, 107, 30, 65]]
traning started for  5 epoch
epoch 5 loss: 1.03124904633
validation accuracy :  0.424444444444
validation class_total [1200.0, 1200.0, 1200.0, 1200.0, 1200.0, 1200.0]
validation class_correct [729.0, 190.0, 942.0, 470.0, 110.0, 615.0]
validation confusion_matrix [[729, 110, 5, 293, 23, 40], [154, 190, 58, 339, 119, 340], [0, 1, 942, 7, 13, 237], [310, 98, 65, 470, 69, 188], [15, 52, 348, 98, 110, 577], [1, 14, 473, 30, 67, 615]]
test accuracy :  0.169166666667
class_total [400.0, 400.0, 400.0, 400.0, 400.0, 400.0]
class_correct [14.0, 2.0, 77.0, 48.0, 29.0, 236.0]
confusion_matrix [[14, 29, 65, 72, 41, 179], [0, 2, 228, 9, 12, 149], [1, 11, 77, 25, 31, 255], [2, 12, 138, 48, 45, 155], [1, 8, 115, 15, 29, 232], [0, 7, 120, 16, 21, 236]]
traning started for  6 epoch
epoch 6 loss: 3.75775694847
validation accuracy :  0.459861111111
validation class_total [1200.0, 1200.0, 1200.0, 1200.0, 1200.0, 1200.0]
validation class_correct [439.0, 212.0, 980.0, 754.0, 236.0, 690.0]
validation confusion_matrix [[439, 230, 6, 443, 78, 4], [7, 212, 169, 5, 427, 380], [0, 0, 980, 0, 6, 214], [187, 165, 32, 754, 57, 5], [0, 70, 313, 1, 236, 580], [0, 4, 448, 0, 58, 690]]
test accuracy :  0.166666666667
class_total [400.0, 400.0, 400.0, 400.0, 400.0, 400.0]
class_correct [11.0, 9.0, 98.0, 17.0, 36.0, 229.0]
confusion_matrix [[11, 101, 99, 35, 104, 50], [0, 9, 216, 0, 26, 149], [0, 14, 98, 0, 48, 240], [2, 44, 138, 17, 86, 113], [0, 2, 92, 0, 36, 270], [0, 8, 104, 1, 58, 229]]
traning started for  7 epoch
epoch 7 loss: 1.79304122925
validation accuracy :  0.627222222222
validation class_total [1200.0, 1200.0, 1200.0, 1200.0, 1200.0, 1200.0]
validation class_correct [553.0, 751.0, 1012.0, 1105.0, 384.0, 711.0]
validation confusion_matrix [[553, 79, 0, 562, 6, 0], [40, 751, 31, 68, 276, 34], [0, 8, 1012, 6, 25, 149], [65, 21, 6, 1105, 3, 0], [4, 344, 152, 23, 384, 293], [0, 18, 361, 1, 109, 711]]
test accuracy :  0.204166666667
class_total [400.0, 400.0, 400.0, 400.0, 400.0, 400.0]
class_correct [37.0, 56.0, 48.0, 108.0, 96.0, 145.0]
confusion_matrix [[37, 96, 37, 185, 42, 3], [0, 56, 190, 16, 80, 58], [0, 122, 48, 12, 113, 105], [8, 100, 85, 108, 78, 21], [1, 59, 62, 2, 96, 180], [0, 45, 93, 3, 114, 145]]
traning started for  8 epoch
epoch 8 loss: 1.39628362656
validation accuracy :  0.693333333333
validation class_total [1200.0, 1200.0, 1200.0, 1200.0, 1200.0, 1200.0]
validation class_correct [695.0, 659.0, 1034.0, 1066.0, 730.0, 808.0]
validation confusion_matrix [[695, 180, 0, 305, 20, 0], [5, 659, 12, 6, 513, 5], [0, 0, 1034, 1, 35, 130], [48, 29, 34, 1066, 22, 1], [1, 110, 148, 5, 730, 206], [0, 1, 277, 0, 114, 808]]
test accuracy :  0.170833333333
class_total [400.0, 400.0, 400.0, 400.0, 400.0, 400.0]
class_correct [6.0, 21.0, 48.0, 55.0, 131.0, 149.0]
confusion_matrix [[6, 102, 71, 53, 165, 3], [1, 21, 170, 2, 165, 41], [1, 49, 48, 2, 241, 59], [11, 63, 95, 55, 156, 20], [0, 14, 57, 1, 131, 197], [0, 5, 150, 1, 95, 149]]
traning started for  9 epoch
epoch 9 loss: 0.326282501221
validation accuracy :  0.739444444444
validation class_total [1200.0, 1200.0, 1200.0, 1200.0, 1200.0, 1200.0]
validation class_correct [812.0, 905.0, 959.0, 1053.0, 492.0, 1103.0]
validation confusion_matrix [[812, 208, 0, 173, 7, 0], [13, 905, 3, 1, 268, 10], [0, 0, 959, 0, 17, 224], [35, 19, 57, 1053, 36, 0], [0, 67, 134, 2, 492, 505], [0, 0, 69, 0, 28, 1103]]
test accuracy :  0.18375
class_total [400.0, 400.0, 400.0, 400.0, 400.0, 400.0]
class_correct [18.0, 10.0, 22.0, 52.0, 96.0, 243.0]
confusion_matrix [[18, 68, 100, 41, 162, 11], [0, 10, 163, 0, 118, 109], [1, 48, 22, 2, 185, 142], [21, 74, 48, 52, 152, 53], [1, 8, 43, 1, 96, 251], [0, 0, 131, 0, 26, 243]]
traning started for  10 epoch
epoch 10 loss: 1.27627658844
validation accuracy :  0.780972222222
validation class_total [1200.0, 1200.0, 1200.0, 1200.0, 1200.0, 1200.0]
validation class_correct [959.0, 934.0, 1040.0, 1078.0, 469.0, 1143.0]
validation confusion_matrix [[959, 76, 1, 122, 42, 0], [2, 934, 6, 0, 200, 58], [0, 0, 1040, 0, 9, 151], [19, 0, 65, 1078, 38, 0], [0, 26, 132, 0, 469, 573], [0, 0, 50, 0, 7, 1143]]
test accuracy :  0.159166666667
class_total [400.0, 400.0, 400.0, 400.0, 400.0, 400.0]
class_correct [13.0, 4.0, 36.0, 50.0, 49.0, 230.0]
confusion_matrix [[13, 29, 127, 69, 147, 15], [0, 4, 234, 1, 68, 93], [0, 30, 36, 1, 112, 221], [12, 25, 116, 50, 129, 68], [1, 4, 42, 1, 49, 303], [0, 0, 146, 1, 23, 230]]
traning started for  11 epoch
epoch 11 loss: 0.0069580078125
validation accuracy :  0.898611111111
validation class_total [1200.0, 1200.0, 1200.0, 1200.0, 1200.0, 1200.0]
validation class_correct [1079.0, 1145.0, 1079.0, 1056.0, 965.0, 1146.0]
validation confusion_matrix [[1079, 36, 0, 61, 24, 0], [0, 1145, 0, 0, 52, 3], [0, 0, 1079, 0, 37, 84], [18, 0, 37, 1056, 89, 0], [2, 39, 59, 3, 965, 132], [0, 3, 33, 0, 18, 1146]]
test accuracy :  0.173333333333
class_total [400.0, 400.0, 400.0, 400.0, 400.0, 400.0]
class_correct [15.0, 9.0, 22.0, 61.0, 159.0, 150.0]
confusion_matrix [[15, 29, 105, 50, 193, 8], [0, 9, 150, 5, 188, 48], [2, 43, 22, 2, 207, 124], [13, 33, 85, 61, 177, 31], [0, 6, 43, 1, 159, 191], [0, 0, 160, 0, 90, 150]]
traning started for  12 epoch
epoch 12 loss: 2.31229734421
validation accuracy :  0.915138888889
validation class_total [1200.0, 1200.0, 1200.0, 1200.0, 1200.0, 1200.0]
validation class_correct [1003.0, 1196.0, 1113.0, 1161.0, 970.0, 1146.0]
validation confusion_matrix [[1003, 60, 0, 124, 13, 0], [0, 1196, 0, 0, 3, 1], [0, 5, 1113, 3, 28, 51], [4, 1, 17, 1161, 17, 0], [4, 139, 40, 12, 970, 35], [0, 21, 15, 0, 18, 1146]]
test accuracy :  0.21
class_total [400.0, 400.0, 400.0, 400.0, 400.0, 400.0]
class_correct [16.0, 48.0, 22.0, 115.0, 186.0, 117.0]
confusion_matrix [[16, 86, 49, 95, 147, 7], [2, 48, 139, 14, 169, 28], [1, 98, 22, 12, 185, 82], [20, 64, 66, 115, 120, 15], [1, 12, 50, 4, 186, 147], [0, 1, 174, 2, 106, 117]]
traning started for  13 epoch
epoch 13 loss: 0.0294551849365
validation accuracy :  0.955416666667
validation class_total [1200.0, 1200.0, 1200.0, 1200.0, 1200.0, 1200.0]
validation class_correct [1122.0, 1160.0, 1147.0, 1156.0, 1116.0, 1178.0]
validation confusion_matrix [[1122, 4, 0, 61, 13, 0], [7, 1160, 2, 0, 29, 2], [0, 0, 1147, 3, 17, 33], [8, 0, 11, 1156, 25, 0], [1, 10, 28, 4, 1116, 41], [0, 1, 3, 0, 18, 1178]]
test accuracy :  0.205416666667
class_total [400.0, 400.0, 400.0, 400.0, 400.0, 400.0]
class_correct [19.0, 3.0, 11.0, 85.0, 277.0, 98.0]
confusion_matrix [[19, 9, 82, 115, 174, 1], [1, 3, 132, 4, 234, 26], [5, 36, 11, 5, 270, 73], [24, 18, 40, 85, 216, 17], [2, 4, 27, 2, 277, 88], [0, 0, 176, 0, 126, 98]]
traning started for  14 epoch
epoch 14 loss: 0.0882678031921
validation accuracy :  0.969583333333
validation class_total [1200.0, 1200.0, 1200.0, 1200.0, 1200.0, 1200.0]
validation class_correct [1129.0, 1182.0, 1184.0, 1187.0, 1126.0, 1173.0]
validation confusion_matrix [[1129, 3, 0, 49, 19, 0], [2, 1182, 1, 0, 12, 3], [0, 0, 1184, 2, 5, 9], [2, 0, 6, 1187, 5, 0], [3, 6, 38, 5, 1126, 22], [0, 1, 15, 0, 11, 1173]]
test accuracy :  0.20125
class_total [400.0, 400.0, 400.0, 400.0, 400.0, 400.0]
class_correct [51.0, 7.0, 19.0, 115.0, 232.0, 59.0]
confusion_matrix [[51, 17, 33, 168, 131, 0], [2, 7, 158, 11, 200, 22], [0, 50, 19, 1, 199, 131], [23, 26, 54, 115, 166, 16], [0, 4, 66, 2, 232, 96], [0, 0, 244, 2, 95, 59]]
traning started for  15 epoch
epoch 15 loss: 0.000503540039062
validation accuracy :  0.941666666667
validation class_total [1200.0, 1200.0, 1200.0, 1200.0, 1200.0, 1200.0]
validation class_correct [1096.0, 1151.0, 1179.0, 1108.0, 1066.0, 1180.0]
validation confusion_matrix [[1096, 13, 0, 28, 63, 0], [0, 1151, 3, 0, 19, 27], [0, 0, 1179, 0, 2, 19], [17, 0, 50, 1108, 25, 0], [2, 9, 58, 2, 1066, 63], [0, 0, 19, 0, 1, 1180]]
test accuracy :  0.171666666667
class_total [400.0, 400.0, 400.0, 400.0, 400.0, 400.0]
class_correct [11.0, 10.0, 29.0, 68.0, 219.0, 75.0]
confusion_matrix [[11, 19, 123, 49, 178, 20], [0, 10, 169, 4, 157, 60], [3, 46, 29, 5, 180, 137], [36, 28, 84, 68, 146, 38], [1, 1, 66, 2, 219, 111], [0, 0, 206, 0, 119, 75]]
traning started for  16 epoch
epoch 16 loss: 1.90734863281e-06
validation accuracy :  0.978055555556
validation class_total [1200.0, 1200.0, 1200.0, 1200.0, 1200.0, 1200.0]
validation class_correct [1136.0, 1190.0, 1148.0, 1189.0, 1186.0, 1193.0]
validation confusion_matrix [[1136, 2, 0, 40, 22, 0], [0, 1190, 1, 0, 7, 2], [0, 0, 1148, 5, 26, 21], [2, 0, 2, 1189, 7, 0], [1, 0, 2, 2, 1186, 9], [0, 1, 1, 0, 5, 1193]]
test accuracy :  0.185
class_total [400.0, 400.0, 400.0, 400.0, 400.0, 400.0]
class_correct [9.0, 3.0, 1.0, 93.0, 271.0, 67.0]
confusion_matrix [[9, 10, 35, 149, 194, 3], [1, 3, 86, 13, 264, 33], [0, 77, 1, 5, 213, 104], [30, 20, 36, 93, 199, 22], [1, 5, 11, 3, 271, 109], [0, 0, 104, 4, 225, 67]]
traning started for  17 epoch
epoch 17 loss: 0.000920295715332
validation accuracy :  0.991666666667
validation class_total [1200.0, 1200.0, 1200.0, 1200.0, 1200.0, 1200.0]
validation class_correct [1191.0, 1195.0, 1190.0, 1194.0, 1189.0, 1181.0]
validation confusion_matrix [[1191, 1, 0, 7, 1, 0], [3, 1195, 0, 0, 1, 1], [0, 0, 1190, 3, 6, 1], [4, 0, 2, 1194, 0, 0], [2, 1, 4, 1, 1189, 3], [0, 10, 5, 0, 4, 1181]]
test accuracy :  0.240833333333
class_total [400.0, 400.0, 400.0, 400.0, 400.0, 400.0]
class_correct [89.0, 19.0, 12.0, 117.0, 301.0, 40.0]
confusion_matrix [[89, 20, 29, 133, 128, 1], [4, 19, 139, 13, 214, 11], [7, 143, 12, 6, 192, 40], [44, 38, 56, 117, 134, 11], [5, 18, 38, 2, 301, 36], [0, 0, 176, 1, 183, 40]]
traning started for  18 epoch
epoch 18 loss: 0.0879192352295
validation accuracy :  0.986111111111
validation class_total [1200.0, 1200.0, 1200.0, 1200.0, 1200.0, 1200.0]
validation class_correct [1178.0, 1190.0, 1186.0, 1196.0, 1192.0, 1158.0]
validation confusion_matrix [[1178, 2, 0, 17, 3, 0], [3, 1190, 0, 0, 7, 0], [0, 0, 1186, 0, 8, 6], [2, 0, 2, 1196, 0, 0], [4, 0, 1, 3, 1192, 0], [0, 0, 7, 0, 35, 1158]]
test accuracy :  0.242083333333
class_total [400.0, 400.0, 400.0, 400.0, 400.0, 400.0]
class_correct [29.0, 1.0, 13.0, 159.0, 343.0, 36.0]
confusion_matrix [[29, 4, 26, 238, 103, 0], [4, 1, 108, 33, 249, 5], [8, 30, 13, 15, 292, 42], [34, 10, 35, 159, 156, 6], [2, 3, 26, 2, 343, 24], [0, 0, 114, 5, 245, 36]]
traning started for  19 epoch
epoch 19 loss: 0.0479822158813
validation accuracy :  0.984861111111
validation class_total [1200.0, 1200.0, 1200.0, 1200.0, 1200.0, 1200.0]
validation class_correct [1187.0, 1152.0, 1189.0, 1192.0, 1191.0, 1180.0]
validation confusion_matrix [[1187, 0, 0, 6, 7, 0], [11, 1152, 2, 0, 23, 12], [0, 0, 1189, 1, 7, 3], [1, 0, 5, 1192, 2, 0], [6, 0, 2, 0, 1191, 1], [0, 0, 13, 0, 7, 1180]]
test accuracy :  0.210416666667
class_total [400.0, 400.0, 400.0, 400.0, 400.0, 400.0]
class_correct [29.0, 0.0, 6.0, 115.0, 312.0, 43.0]
confusion_matrix [[29, 1, 78, 107, 181, 4], [3, 0, 131, 12, 247, 7], [13, 25, 6, 7, 308, 41], [34, 11, 59, 115, 167, 14], [2, 3, 39, 2, 312, 42], [0, 0, 116, 2, 239, 43]]
traning started for  20 epoch
epoch 20 loss: 0.0027322769165
validation accuracy :  0.985138888889
validation class_total [1200.0, 1200.0, 1200.0, 1200.0, 1200.0, 1200.0]
validation class_correct [1167.0, 1200.0, 1194.0, 1189.0, 1146.0, 1197.0]
validation confusion_matrix [[1167, 9, 0, 22, 2, 0], [0, 1200, 0, 0, 0, 0], [0, 1, 1194, 1, 1, 3], [3, 1, 7, 1189, 0, 0], [3, 18, 2, 7, 1146, 24], [0, 1, 2, 0, 0, 1197]]
test accuracy :  0.207916666667
class_total [400.0, 400.0, 400.0, 400.0, 400.0, 400.0]
class_correct [31.0, 30.0, 14.0, 113.0, 244.0, 67.0]
confusion_matrix [[31, 89, 65, 107, 92, 16], [4, 30, 136, 11, 159, 60], [2, 148, 14, 7, 113, 116], [33, 88, 59, 113, 73, 34], [3, 9, 54, 3, 244, 87], [0, 0, 168, 6, 159, 67]]
traning started for  21 epoch
epoch 21 loss: 0.0071382522583
validation accuracy :  0.989583333333
validation class_total [1200.0, 1200.0, 1200.0, 1200.0, 1200.0, 1200.0]
validation class_correct [1188.0, 1185.0, 1183.0, 1197.0, 1172.0, 1200.0]
validation confusion_matrix [[1188, 1, 0, 5, 6, 0], [1, 1185, 0, 0, 4, 10], [0, 0, 1183, 4, 1, 12], [2, 0, 1, 1197, 0, 0], [1, 1, 8, 1, 1172, 17], [0, 0, 0, 0, 0, 1200]]
test accuracy :  0.210416666667
class_total [400.0, 400.0, 400.0, 400.0, 400.0, 400.0]
class_correct [21.0, 1.0, 10.0, 126.0, 230.0, 117.0]
confusion_matrix [[21, 9, 53, 161, 146, 10], [2, 1, 152, 13, 187, 45], [2, 31, 10, 6, 209, 142], [26, 9, 44, 126, 160, 35], [1, 2, 36, 2, 230, 129], [0, 0, 179, 3, 101, 117]]
traning started for  22 epoch
epoch 22 loss: 3.81469726562e-05
validation accuracy :  0.985138888889
validation class_total [1200.0, 1200.0, 1200.0, 1200.0, 1200.0, 1200.0]
validation class_correct [1173.0, 1197.0, 1153.0, 1198.0, 1182.0, 1190.0]
validation confusion_matrix [[1173, 2, 0, 21, 4, 0], [1, 1197, 0, 0, 2, 0], [0, 3, 1153, 24, 14, 6], [2, 0, 0, 1198, 0, 0], [5, 6, 1, 4, 1182, 2], [0, 7, 0, 0, 3, 1190]]
test accuracy :  0.26
class_total [400.0, 400.0, 400.0, 400.0, 400.0, 400.0]
class_correct [57.0, 40.0, 8.0, 153.0, 313.0, 53.0]
confusion_matrix [[57, 50, 17, 169, 106, 1], [3, 40, 65, 32, 244, 16], [12, 112, 8, 10, 198, 60], [36, 60, 24, 153, 114, 13], [2, 5, 22, 2, 313, 56], [0, 0, 78, 8, 261, 53]]
traning started for  23 epoch
epoch 23 loss: 7.05718994141e-05
validation accuracy :  0.996388888889
validation class_total [1200.0, 1200.0, 1200.0, 1200.0, 1200.0, 1200.0]
validation class_correct [1195.0, 1196.0, 1195.0, 1198.0, 1190.0, 1200.0]
validation confusion_matrix [[1195, 0, 0, 4, 1, 0], [0, 1196, 0, 0, 1, 3], [0, 0, 1195, 1, 0, 4], [1, 0, 1, 1198, 0, 0], [1, 1, 0, 2, 1190, 6], [0, 0, 0, 0, 0, 1200]]
test accuracy :  0.234583333333
class_total [400.0, 400.0, 400.0, 400.0, 400.0, 400.0]
class_correct [27.0, 8.0, 11.0, 148.0, 271.0, 98.0]
confusion_matrix [[27, 17, 55, 170, 128, 3], [1, 8, 141, 10, 208, 32], [6, 74, 11, 7, 203, 99], [25, 30, 48, 148, 125, 24], [1, 2, 48, 2, 271, 76], [0, 0, 148, 2, 152, 98]]
traning started for  24 epoch
epoch 24 loss: 5.72204589844e-05
validation accuracy :  0.992777777778
validation class_total [1200.0, 1200.0, 1200.0, 1200.0, 1200.0, 1200.0]
validation class_correct [1173.0, 1196.0, 1196.0, 1198.0, 1191.0, 1194.0]
validation confusion_matrix [[1173, 0, 0, 18, 9, 0], [1, 1196, 1, 0, 2, 0], [0, 0, 1196, 3, 1, 0], [0, 0, 1, 1198, 1, 0], [0, 1, 4, 0, 1191, 4], [0, 0, 6, 0, 0, 1194]]
test accuracy :  0.215416666667
class_total [400.0, 400.0, 400.0, 400.0, 400.0, 400.0]
class_correct [12.0, 4.0, 14.0, 146.0, 292.0, 49.0]
confusion_matrix [[12, 20, 67, 171, 128, 2], [1, 4, 179, 15, 179, 22], [2, 80, 14, 7, 222, 75], [21, 32, 53, 146, 128, 20], [1, 2, 53, 3, 292, 49], [0, 0, 196, 4, 151, 49]]
traning started for  25 epoch
epoch 25 loss: 1.90734863281e-06
validation accuracy :  0.995555555556
validation class_total [1200.0, 1200.0, 1200.0, 1200.0, 1200.0, 1200.0]
validation class_correct [1191.0, 1199.0, 1200.0, 1197.0, 1185.0, 1196.0]
validation confusion_matrix [[1191, 2, 0, 5, 2, 0], [0, 1199, 0, 0, 0, 1], [0, 0, 1200, 0, 0, 0], [2, 0, 1, 1197, 0, 0], [0, 0, 8, 1, 1185, 6], [0, 0, 3, 0, 1, 1196]]
test accuracy :  0.210833333333
class_total [400.0, 400.0, 400.0, 400.0, 400.0, 400.0]
class_correct [30.0, 8.0, 28.0, 139.0, 221.0, 80.0]
confusion_matrix [[30, 33, 77, 153, 99, 8], [3, 8, 202, 10, 138, 39], [1, 85, 28, 10, 148, 128], [15, 38, 96, 139, 82, 30], [1, 3, 56, 5, 221, 114], [0, 0, 143, 6, 171, 80]]
traning started for  26 epoch
epoch 26 loss: 0.00567150115967
validation accuracy :  0.97125
validation class_total [1200.0, 1200.0, 1200.0, 1200.0, 1200.0, 1200.0]
validation class_correct [1176.0, 1120.0, 1160.0, 1200.0, 1199.0, 1138.0]
validation confusion_matrix [[1176, 0, 0, 17, 7, 0], [22, 1120, 0, 0, 57, 1], [0, 0, 1160, 10, 29, 1], [0, 0, 0, 1200, 0, 0], [1, 0, 0, 0, 1199, 0], [0, 0, 1, 0, 61, 1138]]
test accuracy :  0.23875
class_total [400.0, 400.0, 400.0, 400.0, 400.0, 400.0]
class_correct [24.0, 1.0, 1.0, 154.0, 373.0, 20.0]
confusion_matrix [[24, 4, 37, 174, 160, 1], [2, 1, 69, 14, 309, 5], [21, 6, 1, 12, 352, 8], [25, 9, 25, 154, 180, 7], [2, 0, 12, 4, 373, 9], [0, 0, 74, 1, 305, 20]]
traning started for  27 epoch
epoch 27 loss: 0.0
validation accuracy :  0.998611111111
validation class_total [1200.0, 1200.0, 1200.0, 1200.0, 1200.0, 1200.0]
validation class_correct [1199.0, 1199.0, 1196.0, 1200.0, 1196.0, 1200.0]
validation confusion_matrix [[1199, 0, 0, 0, 1, 0], [0, 1199, 0, 0, 0, 1], [0, 1, 1196, 1, 0, 2], [0, 0, 0, 1200, 0, 0], [0, 0, 1, 0, 1196, 3], [0, 0, 0, 0, 0, 1200]]
test accuracy :  0.22625
class_total [400.0, 400.0, 400.0, 400.0, 400.0, 400.0]
class_correct [59.0, 16.0, 13.0, 134.0, 225.0, 96.0]
confusion_matrix [[59, 44, 24, 123, 145, 5], [1, 16, 116, 3, 203, 61], [5, 113, 13, 5, 164, 100], [27, 45, 51, 134, 116, 27], [3, 9, 43, 2, 225, 118], [0, 0, 115, 0, 189, 96]]
traning started for  28 epoch
epoch 28 loss: 0.00307273864746
validation accuracy :  0.997638888889
validation class_total [1200.0, 1200.0, 1200.0, 1200.0, 1200.0, 1200.0]
validation class_correct [1193.0, 1194.0, 1200.0, 1197.0, 1200.0, 1199.0]
validation confusion_matrix [[1193, 1, 0, 6, 0, 0], [0, 1194, 0, 0, 4, 2], [0, 0, 1200, 0, 0, 0], [1, 0, 1, 1197, 1, 0], [0, 0, 0, 0, 1200, 0], [0, 0, 0, 0, 1, 1199]]
test accuracy :  0.21625
class_total [400.0, 400.0, 400.0, 400.0, 400.0, 400.0]
class_correct [10.0, 1.0, 6.0, 140.0, 292.0, 70.0]
confusion_matrix [[10, 7, 65, 183, 134, 1], [1, 1, 148, 5, 221, 24], [4, 52, 6, 6, 234, 98], [18, 16, 59, 140, 150, 17], [2, 2, 48, 2, 292, 54], [0, 0, 148, 1, 181, 70]]
traning started for  29 epoch
epoch 29 loss: 0.00387763977051
validation accuracy :  0.987916666667
validation class_total [1200.0, 1200.0, 1200.0, 1200.0, 1200.0, 1200.0]
validation class_correct [1200.0, 1199.0, 1200.0, 1194.0, 1197.0, 1123.0]
validation confusion_matrix [[1200, 0, 0, 0, 0, 0], [0, 1199, 0, 0, 1, 0], [0, 0, 1200, 0, 0, 0], [0, 0, 6, 1194, 0, 0], [2, 0, 1, 0, 1197, 0], [0, 5, 18, 0, 54, 1123]]
test accuracy :  0.19625
class_total [400.0, 400.0, 400.0, 400.0, 400.0, 400.0]
class_correct [30.0, 7.0, 12.0, 99.0, 314.0, 9.0]
confusion_matrix [[30, 33, 111, 106, 120, 0], [1, 7, 139, 3, 244, 6], [7, 124, 12, 4, 221, 32], [38, 33, 86, 99, 139, 5], [2, 5, 60, 3, 314, 16], [0, 0, 184, 0, 207, 9]]
traning started for  30 epoch
epoch 30 loss: 0.00414371490479
validation accuracy :  0.939305555556
validation class_total [1200.0, 1200.0, 1200.0, 1200.0, 1200.0, 1200.0]
validation class_correct [917.0, 1088.0, 1200.0, 1177.0, 1200.0, 1181.0]
validation confusion_matrix [[917, 0, 0, 18, 265, 0], [0, 1088, 1, 0, 72, 39], [0, 0, 1200, 0, 0, 0], [0, 0, 8, 1177, 15, 0], [0, 0, 0, 0, 1200, 0], [0, 0, 9, 0, 10, 1181]]
test accuracy :  0.182916666667
class_total [400.0, 400.0, 400.0, 400.0, 400.0, 400.0]
class_correct [2.0, 0.0, 1.0, 79.0, 331.0, 26.0]
confusion_matrix [[2, 2, 86, 75, 233, 2], [0, 0, 127, 0, 261, 12], [0, 17, 1, 0, 334, 48], [10, 7, 38, 79, 256, 10], [0, 0, 42, 1, 331, 26], [0, 0, 217, 1, 156, 26]]
traning started for  31 epoch
epoch 31 loss: 0.0020227432251
validation accuracy :  0.999722222222
validation class_total [1200.0, 1200.0, 1200.0, 1200.0, 1200.0, 1200.0]
validation class_correct [1200.0, 1200.0, 1199.0, 1200.0, 1200.0, 1199.0]
validation confusion_matrix [[1200, 0, 0, 0, 0, 0], [0, 1200, 0, 0, 0, 0], [0, 0, 1199, 0, 1, 0], [0, 0, 0, 1200, 0, 0], [0, 0, 0, 0, 1200, 0], [0, 0, 0, 0, 1, 1199]]
test accuracy :  0.23
class_total [400.0, 400.0, 400.0, 400.0, 400.0, 400.0]
class_correct [31.0, 4.0, 7.0, 140.0, 319.0, 51.0]
confusion_matrix [[31, 20, 65, 176, 106, 2], [1, 4, 130, 15, 237, 13], [7, 65, 7, 8, 236, 77], [23, 20, 50, 140, 153, 14], [2, 2, 33, 2, 319, 42], [0, 0, 145, 2, 202, 51]]
traning started for  32 epoch
epoch 32 loss: 0.0
validation accuracy :  0.997222222222
validation class_total [1200.0, 1200.0, 1200.0, 1200.0, 1200.0, 1200.0]
validation class_correct [1196.0, 1195.0, 1199.0, 1191.0, 1199.0, 1200.0]
validation confusion_matrix [[1196, 0, 0, 1, 3, 0], [0, 1195, 0, 0, 1, 4], [0, 0, 1199, 0, 0, 1], [0, 0, 4, 1191, 5, 0], [0, 0, 0, 0, 1199, 1], [0, 0, 0, 0, 0, 1200]]
test accuracy :  0.195
class_total [400.0, 400.0, 400.0, 400.0, 400.0, 400.0]
class_correct [23.0, 1.0, 7.0, 108.0, 265.0, 64.0]
confusion_matrix [[23, 13, 56, 151, 153, 4], [1, 1, 103, 5, 268, 22], [1, 21, 7, 1, 211, 159], [9, 10, 58, 108, 186, 29], [1, 1, 33, 1, 265, 99], [0, 0, 105, 1, 230, 64]]
traning started for  33 epoch
epoch 33 loss: 7.62939453125e-06
validation accuracy :  0.98
validation class_total [1200.0, 1200.0, 1200.0, 1200.0, 1200.0, 1200.0]
validation class_correct [1198.0, 1091.0, 1193.0, 1199.0, 1192.0, 1183.0]
validation confusion_matrix [[1198, 0, 0, 2, 0, 0], [74, 1091, 1, 2, 29, 3], [0, 0, 1193, 7, 0, 0], [1, 0, 0, 1199, 0, 0], [6, 0, 0, 2, 1192, 0], [0, 0, 6, 0, 11, 1183]]
test accuracy :  0.240833333333
class_total [400.0, 400.0, 400.0, 400.0, 400.0, 400.0]
class_correct [46.0, 0.0, 12.0, 170.0, 321.0, 29.0]
confusion_matrix [[46, 0, 28, 244, 81, 1], [5, 0, 123, 28, 237, 7], [20, 32, 12, 10, 286, 40], [36, 5, 39, 170, 141, 9], [5, 0, 44, 3, 321, 27], [0, 0, 183, 3, 185, 29]]
traning started for  34 epoch
epoch 34 loss: 1.52587890625e-05
validation accuracy :  0.994583333333
validation class_total [1200.0, 1200.0, 1200.0, 1200.0, 1200.0, 1200.0]
validation class_correct [1197.0, 1198.0, 1200.0, 1195.0, 1175.0, 1196.0]
validation confusion_matrix [[1197, 2, 0, 1, 0, 0], [1, 1198, 0, 0, 0, 1], [0, 0, 1200, 0, 0, 0], [0, 0, 5, 1195, 0, 0], [2, 1, 16, 0, 1175, 6], [0, 1, 2, 0, 1, 1196]]
test accuracy :  0.21125
class_total [400.0, 400.0, 400.0, 400.0, 400.0, 400.0]
class_correct [49.0, 6.0, 33.0, 144.0, 219.0, 56.0]
confusion_matrix [[49, 23, 71, 194, 58, 5], [1, 6, 228, 13, 124, 28], [12, 90, 33, 8, 163, 94], [29, 35, 79, 144, 86, 27], [3, 4, 96, 2, 219, 76], [0, 0, 243, 3, 98, 56]]
traning started for  35 epoch
epoch 35 loss: 0.0
validation accuracy :  0.997777777778
validation class_total [1200.0, 1200.0, 1200.0, 1200.0, 1200.0, 1200.0]
validation class_correct [1197.0, 1195.0, 1199.0, 1200.0, 1193.0, 1200.0]
validation confusion_matrix [[1197, 0, 0, 1, 2, 0], [0, 1195, 0, 0, 0, 5], [0, 0, 1199, 0, 0, 1], [0, 0, 0, 1200, 0, 0], [0, 0, 1, 0, 1193, 6], [0, 0, 0, 0, 0, 1200]]
test accuracy :  0.229583333333
class_total [400.0, 400.0, 400.0, 400.0, 400.0, 400.0]
class_correct [32.0, 1.0, 17.0, 142.0, 239.0, 120.0]
confusion_matrix [[32, 10, 38, 197, 117, 6], [1, 1, 161, 6, 183, 48], [3, 38, 17, 4, 195, 143], [14, 17, 66, 142, 128, 33], [1, 2, 58, 1, 239, 99], [0, 0, 122, 2, 156, 120]]
traning started for  36 epoch
epoch 36 loss: 0.000494003295898
