cuda
<torch.optim.lr_scheduler.MultiStepLR object at 0x7fdc0793edd0>
traning started for  0 epoch
epoch 1 loss: 1.74356031418
validation accuracy :  0.228055555556
validation class_total [1200.0, 1200.0, 1200.0, 1200.0, 1200.0, 1200.0]
validation class_correct [263.0, 297.0, 200.0, 370.0, 211.0, 301.0]
validation confusion_matrix [[263, 197, 89, 264, 153, 234], [179, 297, 94, 257, 141, 232], [148, 202, 200, 309, 178, 163], [150, 170, 120, 370, 183, 207], [166, 180, 151, 287, 211, 205], [196, 182, 99, 292, 130, 301]]
test accuracy :  0.170416666667
class_total [400.0, 400.0, 400.0, 400.0, 400.0, 400.0]
class_correct [73.0, 62.0, 40.0, 104.0, 63.0, 67.0]
confusion_matrix [[73, 83, 27, 77, 58, 82], [52, 62, 56, 105, 56, 69], [48, 54, 40, 109, 60, 89], [57, 52, 51, 104, 62, 74], [60, 63, 50, 94, 63, 70], [62, 75, 39, 108, 49, 67]]
traning started for  1 epoch
epoch 2 loss: 1.94719600677
validation accuracy :  0.272361111111
validation class_total [1200.0, 1200.0, 1200.0, 1200.0, 1200.0, 1200.0]
validation class_correct [307.0, 398.0, 341.0, 322.0, 271.0, 322.0]
validation confusion_matrix [[307, 184, 142, 155, 172, 240], [149, 398, 130, 139, 155, 229], [112, 200, 341, 196, 187, 164], [174, 150, 167, 322, 192, 195], [152, 164, 203, 215, 271, 195], [185, 233, 136, 172, 152, 322]]
test accuracy :  0.175416666667
class_total [400.0, 400.0, 400.0, 400.0, 400.0, 400.0]
class_correct [69.0, 62.0, 67.0, 67.0, 82.0, 74.0]
confusion_matrix [[69, 102, 37, 54, 50, 88], [48, 62, 81, 75, 63, 71], [55, 53, 67, 71, 88, 66], [53, 62, 71, 67, 81, 66], [55, 55, 82, 70, 82, 56], [64, 75, 63, 72, 52, 74]]
traning started for  2 epoch
epoch 3 loss: 1.9174413681
validation accuracy :  0.354722222222
validation class_total [1200.0, 1200.0, 1200.0, 1200.0, 1200.0, 1200.0]
validation class_correct [416.0, 646.0, 381.0, 565.0, 216.0, 330.0]
validation confusion_matrix [[416, 126, 76, 277, 104, 201], [67, 646, 130, 79, 66, 212], [89, 268, 381, 195, 129, 138], [212, 70, 115, 565, 134, 104], [188, 125, 186, 304, 216, 181], [175, 246, 150, 186, 113, 330]]
test accuracy :  0.141666666667
class_total [400.0, 400.0, 400.0, 400.0, 400.0, 400.0]
class_correct [52.0, 41.0, 45.0, 76.0, 58.0, 68.0]
confusion_matrix [[52, 136, 49, 40, 30, 93], [33, 41, 87, 112, 47, 80], [65, 51, 45, 96, 75, 68], [67, 45, 60, 76, 72, 80], [71, 22, 78, 106, 58, 65], [82, 38, 48, 120, 44, 68]]
traning started for  3 epoch
epoch 4 loss: 1.93789660931
validation accuracy :  0.492638888889
validation class_total [1200.0, 1200.0, 1200.0, 1200.0, 1200.0, 1200.0]
validation class_correct [545.0, 1012.0, 552.0, 646.0, 343.0, 449.0]
validation confusion_matrix [[545, 20, 26, 388, 134, 87], [5, 1012, 113, 2, 3, 65], [11, 410, 552, 18, 77, 132], [280, 5, 51, 646, 162, 56], [235, 24, 94, 346, 343, 158], [85, 273, 220, 57, 116, 449]]
test accuracy :  0.16125
class_total [400.0, 400.0, 400.0, 400.0, 400.0, 400.0]
class_correct [72.0, 14.0, 114.0, 71.0, 66.0, 50.0]
confusion_matrix [[72, 50, 51, 41, 66, 120], [49, 14, 79, 93, 94, 71], [20, 99, 114, 17, 41, 109], [67, 34, 71, 71, 93, 64], [29, 24, 150, 30, 66, 101], [98, 1, 25, 144, 82, 50]]
traning started for  4 epoch
epoch 5 loss: 0.835647463799
validation accuracy :  0.604166666667
validation class_total [1200.0, 1200.0, 1200.0, 1200.0, 1200.0, 1200.0]
validation class_correct [679.0, 1098.0, 787.0, 651.0, 595.0, 540.0]
validation confusion_matrix [[679, 3, 8, 314, 141, 55], [0, 1098, 82, 0, 2, 18], [1, 335, 787, 2, 12, 63], [323, 0, 9, 651, 181, 36], [114, 10, 120, 79, 595, 282], [10, 212, 286, 8, 144, 540]]
test accuracy :  0.209583333333
class_total [400.0, 400.0, 400.0, 400.0, 400.0, 400.0]
class_correct [83.0, 7.0, 176.0, 59.0, 75.0, 103.0]
confusion_matrix [[83, 8, 15, 36, 130, 128], [15, 7, 74, 44, 179, 81], [0, 125, 176, 0, 13, 86], [47, 14, 48, 59, 145, 87], [1, 11, 167, 2, 75, 144], [30, 1, 46, 29, 191, 103]]
traning started for  5 epoch
epoch 6 loss: 1.25305092335
validation accuracy :  0.695416666667
validation class_total [1200.0, 1200.0, 1200.0, 1200.0, 1200.0, 1200.0]
validation class_correct [702.0, 1139.0, 920.0, 814.0, 771.0, 661.0]
validation confusion_matrix [[702, 1, 1, 343, 123, 30], [0, 1139, 49, 0, 0, 12], [0, 212, 920, 0, 15, 53], [208, 0, 2, 814, 163, 13], [29, 3, 95, 51, 771, 251], [10, 75, 257, 4, 193, 661]]
test accuracy :  0.228333333333
class_total [400.0, 400.0, 400.0, 400.0, 400.0, 400.0]
class_correct [70.0, 1.0, 173.0, 66.0, 171.0, 67.0]
confusion_matrix [[70, 7, 10, 31, 150, 132], [8, 1, 68, 36, 196, 91], [1, 71, 173, 0, 30, 125], [27, 6, 25, 66, 199, 77], [0, 0, 90, 3, 171, 136], [3, 0, 45, 32, 253, 67]]
traning started for  6 epoch
epoch 7 loss: 0.718341112137
validation accuracy :  0.789027777778
validation class_total [1200.0, 1200.0, 1200.0, 1200.0, 1200.0, 1200.0]
validation class_correct [844.0, 1148.0, 1064.0, 954.0, 890.0, 781.0]
validation confusion_matrix [[844, 1, 0, 259, 77, 19], [0, 1148, 49, 0, 0, 3], [0, 100, 1064, 0, 7, 29], [109, 0, 1, 954, 132, 4], [14, 2, 79, 29, 890, 186], [4, 49, 230, 3, 133, 781]]
test accuracy :  0.232083333333
class_total [400.0, 400.0, 400.0, 400.0, 400.0, 400.0]
class_correct [96.0, 0.0, 201.0, 62.0, 159.0, 39.0]
confusion_matrix [[96, 4, 13, 52, 135, 100], [2, 0, 75, 26, 225, 72], [0, 68, 201, 0, 22, 109], [12, 2, 30, 62, 205, 89], [0, 0, 113, 1, 159, 127], [0, 0, 37, 26, 298, 39]]
traning started for  7 epoch
epoch 8 loss: 0.998373031616
validation accuracy :  0.862916666667
validation class_total [1200.0, 1200.0, 1200.0, 1200.0, 1200.0, 1200.0]
validation class_correct [968.0, 1143.0, 1142.0, 1036.0, 1015.0, 909.0]
validation confusion_matrix [[968, 0, 0, 170, 52, 10], [0, 1143, 52, 0, 0, 5], [0, 45, 1142, 0, 5, 8], [44, 0, 1, 1036, 116, 3], [6, 0, 41, 24, 1015, 114], [2, 26, 183, 2, 78, 909]]
test accuracy :  0.190416666667
class_total [400.0, 400.0, 400.0, 400.0, 400.0, 400.0]
class_correct [48.0, 1.0, 181.0, 52.0, 155.0, 20.0]
confusion_matrix [[48, 1, 13, 67, 164, 107], [3, 1, 62, 16, 212, 106], [0, 39, 181, 0, 23, 157], [6, 2, 26, 52, 220, 94], [0, 0, 84, 0, 155, 161], [0, 0, 35, 17, 328, 20]]
traning started for  8 epoch
epoch 9 loss: 0.532805204391
validation accuracy :  0.91625
validation class_total [1200.0, 1200.0, 1200.0, 1200.0, 1200.0, 1200.0]
validation class_correct [1070.0, 1175.0, 1152.0, 1085.0, 1057.0, 1058.0]
validation confusion_matrix [[1070, 0, 0, 81, 31, 18], [0, 1175, 21, 0, 0, 4], [0, 44, 1152, 0, 2, 2], [22, 0, 2, 1085, 88, 3], [2, 0, 44, 9, 1057, 88], [1, 23, 71, 1, 46, 1058]]
test accuracy :  0.169583333333
class_total [400.0, 400.0, 400.0, 400.0, 400.0, 400.0]
class_correct [33.0, 0.0, 144.0, 45.0, 183.0, 2.0]
confusion_matrix [[33, 2, 17, 50, 199, 99], [1, 0, 66, 15, 206, 112], [0, 71, 144, 0, 25, 160], [6, 4, 29, 45, 224, 92], [2, 0, 59, 0, 183, 156], [0, 0, 40, 9, 349, 2]]
traning started for  9 epoch
epoch 10 loss: 0.225353240967
validation accuracy :  0.958611111111
validation class_total [1200.0, 1200.0, 1200.0, 1200.0, 1200.0, 1200.0]
validation class_correct [1104.0, 1171.0, 1178.0, 1172.0, 1157.0, 1120.0]
validation confusion_matrix [[1104, 0, 0, 81, 13, 2], [0, 1171, 22, 0, 0, 7], [0, 9, 1178, 0, 6, 7], [6, 0, 1, 1172, 21, 0], [2, 0, 13, 19, 1157, 9], [5, 2, 17, 3, 53, 1120]]
test accuracy :  0.180833333333
class_total [400.0, 400.0, 400.0, 400.0, 400.0, 400.0]
class_correct [25.0, 0.0, 83.0, 77.0, 249.0, 0.0]
confusion_matrix [[25, 0, 7, 134, 181, 53], [0, 0, 47, 17, 247, 89], [0, 33, 83, 0, 43, 241], [8, 2, 8, 77, 206, 99], [0, 0, 37, 3, 249, 111], [0, 0, 15, 25, 360, 0]]
traning started for  10 epoch
epoch 11 loss: 0.267560005188
validation accuracy :  0.977916666667
validation class_total [1200.0, 1200.0, 1200.0, 1200.0, 1200.0, 1200.0]
validation class_correct [1174.0, 1188.0, 1184.0, 1162.0, 1166.0, 1167.0]
validation confusion_matrix [[1174, 0, 0, 22, 4, 0], [0, 1188, 4, 0, 0, 8], [0, 11, 1184, 0, 4, 1], [8, 0, 0, 1162, 30, 0], [2, 0, 7, 5, 1166, 20], [3, 3, 8, 2, 17, 1167]]
test accuracy :  0.171666666667
class_total [400.0, 400.0, 400.0, 400.0, 400.0, 400.0]
class_correct [51.0, 0.0, 107.0, 45.0, 208.0, 1.0]
confusion_matrix [[51, 1, 4, 87, 199, 58], [2, 0, 33, 10, 212, 143], [0, 61, 107, 0, 34, 198], [14, 1, 10, 45, 229, 101], [1, 0, 34, 2, 208, 155], [0, 0, 12, 15, 372, 1]]
traning started for  11 epoch
epoch 12 loss: 0.44602394104
validation accuracy :  0.977777777778
validation class_total [1200.0, 1200.0, 1200.0, 1200.0, 1200.0, 1200.0]
validation class_correct [1171.0, 1168.0, 1185.0, 1176.0, 1170.0, 1170.0]
validation confusion_matrix [[1171, 0, 0, 24, 3, 2], [0, 1168, 15, 0, 0, 17], [0, 3, 1185, 0, 5, 7], [7, 0, 0, 1176, 17, 0], [0, 0, 7, 16, 1170, 7], [5, 0, 5, 2, 18, 1170]]
test accuracy :  0.1825
class_total [400.0, 400.0, 400.0, 400.0, 400.0, 400.0]
class_correct [68.0, 0.0, 63.0, 83.0, 221.0, 3.0]
confusion_matrix [[68, 0, 0, 126, 137, 69], [2, 0, 23, 27, 222, 126], [0, 14, 63, 0, 48, 275], [16, 0, 6, 83, 197, 98], [4, 0, 22, 4, 221, 149], [0, 0, 14, 12, 371, 3]]
traning started for  12 epoch
epoch 13 loss: 0.0159101486206
validation accuracy :  0.98875
validation class_total [1200.0, 1200.0, 1200.0, 1200.0, 1200.0, 1200.0]
validation class_correct [1192.0, 1191.0, 1191.0, 1188.0, 1171.0, 1186.0]
validation confusion_matrix [[1192, 0, 0, 7, 1, 0], [0, 1191, 4, 0, 0, 5], [0, 3, 1191, 0, 5, 1], [4, 0, 1, 1188, 7, 0], [2, 0, 10, 2, 1171, 15], [2, 1, 3, 0, 8, 1186]]
test accuracy :  0.1975
class_total [400.0, 400.0, 400.0, 400.0, 400.0, 400.0]
class_correct [110.0, 0.0, 106.0, 70.0, 183.0, 5.0]
confusion_matrix [[110, 1, 3, 67, 121, 98], [0, 0, 22, 18, 174, 186], [0, 29, 106, 1, 42, 222], [23, 0, 9, 70, 171, 127], [4, 0, 36, 0, 183, 177], [1, 0, 8, 16, 370, 5]]
traning started for  13 epoch
epoch 14 loss: 0.175468921661
validation accuracy :  0.990972222222
validation class_total [1200.0, 1200.0, 1200.0, 1200.0, 1200.0, 1200.0]
validation class_correct [1193.0, 1167.0, 1194.0, 1193.0, 1196.0, 1192.0]
validation confusion_matrix [[1193, 0, 0, 6, 0, 1], [0, 1167, 13, 0, 0, 20], [0, 2, 1194, 0, 4, 0], [2, 0, 0, 1193, 5, 0], [0, 0, 1, 2, 1196, 1], [3, 0, 1, 0, 4, 1192]]
test accuracy :  0.207916666667
class_total [400.0, 400.0, 400.0, 400.0, 400.0, 400.0]
class_correct [108.0, 0.0, 94.0, 55.0, 240.0, 2.0]
confusion_matrix [[108, 0, 0, 91, 119, 82], [5, 0, 11, 22, 224, 138], [0, 11, 94, 0, 60, 235], [20, 0, 3, 55, 216, 106], [2, 0, 12, 2, 240, 144], [0, 0, 8, 25, 365, 2]]
traning started for  14 epoch
epoch 15 loss: 0.0318603515625
validation accuracy :  0.995972222222
validation class_total [1200.0, 1200.0, 1200.0, 1200.0, 1200.0, 1200.0]
validation class_correct [1193.0, 1196.0, 1198.0, 1196.0, 1189.0, 1199.0]
validation confusion_matrix [[1193, 0, 0, 6, 1, 0], [0, 1196, 1, 0, 0, 3], [0, 2, 1198, 0, 0, 0], [3, 0, 0, 1196, 1, 0], [1, 1, 4, 3, 1189, 2], [0, 0, 1, 0, 0, 1199]]
test accuracy :  0.165416666667
class_total [400.0, 400.0, 400.0, 400.0, 400.0, 400.0]
class_correct [65.0, 0.0, 94.0, 67.0, 168.0, 3.0]
confusion_matrix [[65, 1, 6, 103, 130, 95], [3, 0, 23, 24, 202, 148], [0, 43, 94, 0, 23, 240], [16, 0, 6, 67, 172, 139], [6, 0, 20, 2, 168, 204], [0, 0, 12, 26, 359, 3]]
traning started for  15 epoch
epoch 16 loss: 0.104432582855
validation accuracy :  0.990972222222
validation class_total [1200.0, 1200.0, 1200.0, 1200.0, 1200.0, 1200.0]
validation class_correct [1189.0, 1167.0, 1197.0, 1195.0, 1198.0, 1189.0]
validation confusion_matrix [[1189, 0, 0, 9, 2, 0], [0, 1167, 26, 0, 0, 7], [0, 0, 1197, 0, 3, 0], [0, 0, 0, 1195, 5, 0], [0, 0, 1, 1, 1198, 0], [2, 0, 2, 0, 7, 1189]]
test accuracy :  0.2075
class_total [400.0, 400.0, 400.0, 400.0, 400.0, 400.0]
class_correct [53.0, 0.0, 143.0, 79.0, 222.0, 1.0]
confusion_matrix [[53, 0, 4, 122, 177, 44], [4, 0, 19, 37, 249, 91], [0, 22, 143, 0, 58, 177], [7, 0, 9, 79, 230, 75], [2, 0, 20, 9, 222, 147], [0, 0, 6, 28, 365, 1]]
traning started for  16 epoch
epoch 17 loss: 0.089967250824
validation accuracy :  0.996111111111
validation class_total [1200.0, 1200.0, 1200.0, 1200.0, 1200.0, 1200.0]
validation class_correct [1197.0, 1197.0, 1191.0, 1195.0, 1193.0, 1199.0]
validation confusion_matrix [[1197, 0, 0, 2, 1, 0], [0, 1197, 0, 0, 0, 3], [0, 9, 1191, 0, 0, 0], [2, 0, 0, 1195, 3, 0], [1, 0, 2, 0, 1193, 4], [0, 0, 1, 0, 0, 1199]]
test accuracy :  0.165833333333
class_total [400.0, 400.0, 400.0, 400.0, 400.0, 400.0]
class_correct [57.0, 0.0, 112.0, 44.0, 184.0, 1.0]
confusion_matrix [[57, 3, 6, 59, 151, 124], [2, 0, 25, 19, 176, 178], [0, 38, 112, 0, 21, 229], [11, 0, 9, 44, 188, 148], [3, 0, 21, 2, 184, 190], [0, 0, 9, 24, 366, 1]]
traning started for  17 epoch
epoch 18 loss: 0.0192775726318
validation accuracy :  0.998194444444
validation class_total [1200.0, 1200.0, 1200.0, 1200.0, 1200.0, 1200.0]
validation class_correct [1197.0, 1198.0, 1199.0, 1198.0, 1196.0, 1199.0]
validation confusion_matrix [[1197, 0, 0, 3, 0, 0], [0, 1198, 1, 0, 0, 1], [0, 0, 1199, 0, 1, 0], [1, 0, 0, 1198, 1, 0], [0, 0, 1, 2, 1196, 1], [0, 0, 1, 0, 0, 1199]]
test accuracy :  0.1775
class_total [400.0, 400.0, 400.0, 400.0, 400.0, 400.0]
class_correct [63.0, 0.0, 109.0, 62.0, 192.0, 0.0]
confusion_matrix [[63, 2, 5, 101, 135, 94], [5, 0, 22, 36, 199, 138], [0, 38, 109, 0, 40, 213], [19, 0, 11, 62, 176, 132], [10, 0, 8, 9, 192, 181], [0, 0, 9, 35, 356, 0]]
traning started for  18 epoch
epoch 19 loss: 0.00480604171753
validation accuracy :  0.995416666667
validation class_total [1200.0, 1200.0, 1200.0, 1200.0, 1200.0, 1200.0]
validation class_correct [1199.0, 1191.0, 1196.0, 1200.0, 1190.0, 1191.0]
validation confusion_matrix [[1199, 0, 0, 0, 0, 1], [0, 1191, 1, 0, 0, 8], [0, 2, 1196, 0, 2, 0], [0, 0, 0, 1200, 0, 0], [4, 0, 0, 2, 1190, 4], [6, 0, 0, 2, 1, 1191]]
test accuracy :  0.19
class_total [400.0, 400.0, 400.0, 400.0, 400.0, 400.0]
class_correct [76.0, 0.0, 59.0, 112.0, 206.0, 3.0]
confusion_matrix [[76, 0, 2, 150, 102, 70], [7, 0, 9, 43, 218, 123], [0, 10, 59, 0, 68, 263], [20, 0, 3, 112, 168, 97], [8, 0, 8, 12, 206, 166], [0, 0, 1, 44, 352, 3]]
traning started for  19 epoch
epoch 20 loss: 0.00161647796631
validation accuracy :  0.997916666667
validation class_total [1200.0, 1200.0, 1200.0, 1200.0, 1200.0, 1200.0]
validation class_correct [1200.0, 1194.0, 1197.0, 1197.0, 1198.0, 1199.0]
validation confusion_matrix [[1200, 0, 0, 0, 0, 0], [0, 1194, 0, 0, 0, 6], [0, 2, 1197, 0, 0, 1], [2, 0, 0, 1197, 1, 0], [0, 0, 0, 2, 1198, 0], [1, 0, 0, 0, 0, 1199]]
