cuda
traning started for  1 epoch
epoch 1 loss: 1.53401339054
validation accuracy :  0.221111111111
validation class_total [1200.0, 1200.0, 1200.0, 1200.0, 1200.0, 1200.0]
validation class_correct [274.0, 282.0, 227.0, 193.0, 324.0, 292.0]
validation confusion_matrix [[274, 198, 144, 158, 247, 179], [203, 282, 128, 155, 236, 196], [179, 169, 227, 144, 261, 220], [201, 190, 178, 193, 245, 193], [176, 186, 177, 158, 324, 179], [174, 195, 153, 161, 225, 292]]
test accuracy :  0.1725
class_total [400.0, 400.0, 400.0, 400.0, 400.0, 400.0]
class_correct [69.0, 74.0, 48.0, 52.0, 90.0, 81.0]
confusion_matrix [[69, 78, 36, 50, 82, 85], [55, 74, 56, 53, 86, 76], [55, 68, 48, 57, 96, 76], [49, 63, 52, 52, 115, 69], [73, 57, 47, 61, 90, 72], [65, 64, 53, 70, 67, 81]]
traning started for  2 epoch
epoch 2 loss: 1.99367284775
validation accuracy :  0.241388888889
validation class_total [1200.0, 1200.0, 1200.0, 1200.0, 1200.0, 1200.0]
validation class_correct [342.0, 250.0, 279.0, 259.0, 300.0, 308.0]
validation confusion_matrix [[342, 167, 130, 169, 203, 189], [212, 250, 136, 183, 218, 201], [187, 158, 279, 185, 218, 173], [174, 170, 153, 259, 214, 230], [198, 155, 188, 152, 300, 207], [197, 197, 138, 174, 186, 308]]
test accuracy :  0.175833333333
class_total [400.0, 400.0, 400.0, 400.0, 400.0, 400.0]
class_correct [78.0, 53.0, 61.0, 65.0, 82.0, 83.0]
confusion_matrix [[78, 65, 47, 66, 76, 68], [57, 53, 62, 70, 90, 68], [62, 56, 61, 68, 87, 66], [64, 62, 52, 65, 84, 73], [77, 48, 72, 62, 82, 59], [67, 57, 58, 71, 64, 83]]
traning started for  3 epoch
epoch 3 loss: 1.960703969
validation accuracy :  0.272916666667
validation class_total [1200.0, 1200.0, 1200.0, 1200.0, 1200.0, 1200.0]
validation class_correct [363.0, 364.0, 338.0, 308.0, 305.0, 287.0]
validation confusion_matrix [[363, 194, 163, 199, 146, 135], [197, 364, 157, 168, 162, 152], [192, 163, 338, 179, 193, 135], [230, 181, 175, 308, 162, 144], [189, 161, 205, 194, 305, 146], [192, 233, 145, 191, 152, 287]]
test accuracy :  0.18375
class_total [400.0, 400.0, 400.0, 400.0, 400.0, 400.0]
class_correct [96.0, 68.0, 70.0, 74.0, 71.0, 62.0]
confusion_matrix [[96, 82, 34, 68, 66, 54], [60, 68, 73, 78, 66, 55], [78, 70, 70, 77, 61, 44], [78, 64, 75, 74, 56, 53], [72, 52, 77, 69, 71, 59], [92, 63, 57, 81, 45, 62]]
traning started for  4 epoch
epoch 4 loss: 1.56986093521
validation accuracy :  0.29875
validation class_total [1200.0, 1200.0, 1200.0, 1200.0, 1200.0, 1200.0]
validation class_correct [376.0, 390.0, 403.0, 320.0, 312.0, 350.0]
validation confusion_matrix [[376, 189, 140, 161, 162, 172], [163, 390, 153, 143, 131, 220], [125, 126, 403, 164, 189, 193], [164, 148, 198, 320, 172, 198], [184, 155, 219, 147, 312, 183], [184, 214, 149, 156, 147, 350]]
test accuracy :  0.16875
class_total [400.0, 400.0, 400.0, 400.0, 400.0, 400.0]
class_correct [74.0, 52.0, 75.0, 59.0, 64.0, 81.0]
confusion_matrix [[74, 89, 39, 57, 58, 83], [55, 52, 83, 74, 55, 81], [51, 54, 75, 62, 83, 75], [57, 56, 82, 59, 67, 79], [70, 61, 92, 60, 64, 53], [78, 53, 57, 77, 54, 81]]
traning started for  5 epoch
epoch 5 loss: 2.14770913124
validation accuracy :  0.314861111111
validation class_total [1200.0, 1200.0, 1200.0, 1200.0, 1200.0, 1200.0]
validation class_correct [457.0, 396.0, 457.0, 254.0, 357.0, 346.0]
validation confusion_matrix [[457, 184, 141, 132, 141, 145], [199, 396, 148, 106, 156, 195], [126, 143, 457, 136, 223, 115], [247, 157, 200, 254, 176, 166], [187, 147, 240, 129, 357, 140], [202, 240, 148, 116, 148, 346]]
test accuracy :  0.192083333333
class_total [400.0, 400.0, 400.0, 400.0, 400.0, 400.0]
class_correct [101.0, 67.0, 89.0, 63.0, 79.0, 62.0]
confusion_matrix [[101, 87, 35, 46, 61, 70], [54, 67, 104, 51, 67, 57], [65, 57, 89, 53, 85, 51], [65, 57, 87, 63, 69, 59], [74, 56, 72, 49, 79, 70], [81, 75, 70, 59, 53, 62]]
traning started for  6 epoch
epoch 6 loss: 1.80779004097
validation accuracy :  0.35
validation class_total [1200.0, 1200.0, 1200.0, 1200.0, 1200.0, 1200.0]
validation class_correct [506.0, 473.0, 523.0, 316.0, 349.0, 353.0]
validation confusion_matrix [[506, 167, 135, 119, 141, 132], [174, 473, 132, 121, 127, 173], [121, 99, 523, 155, 180, 122], [218, 136, 205, 316, 171, 154], [192, 146, 236, 148, 349, 129], [191, 217, 150, 149, 140, 353]]
test accuracy :  0.1875
class_total [400.0, 400.0, 400.0, 400.0, 400.0, 400.0]
class_correct [105.0, 55.0, 87.0, 70.0, 72.0, 61.0]
confusion_matrix [[105, 75, 39, 62, 43, 76], [52, 55, 94, 67, 79, 53], [54, 54, 87, 58, 79, 68], [59, 65, 86, 70, 66, 54], [73, 55, 88, 58, 72, 54], [81, 49, 77, 72, 60, 61]]
traning started for  7 epoch
epoch 7 loss: 1.96769785881
validation accuracy :  0.377222222222
validation class_total [1200.0, 1200.0, 1200.0, 1200.0, 1200.0, 1200.0]
validation class_correct [539.0, 563.0, 526.0, 400.0, 320.0, 368.0]
validation confusion_matrix [[539, 151, 129, 152, 102, 127], [146, 563, 121, 86, 66, 218], [100, 127, 526, 151, 146, 150], [247, 87, 193, 400, 137, 136], [222, 130, 230, 180, 320, 118], [189, 238, 157, 140, 108, 368]]
test accuracy :  0.170416666667
class_total [400.0, 400.0, 400.0, 400.0, 400.0, 400.0]
class_correct [91.0, 39.0, 88.0, 63.0, 65.0, 63.0]
confusion_matrix [[91, 98, 45, 51, 42, 73], [50, 39, 116, 82, 57, 56], [55, 57, 88, 62, 79, 59], [68, 62, 93, 63, 52, 62], [82, 43, 97, 60, 65, 53], [87, 46, 79, 85, 40, 63]]
traning started for  8 epoch
epoch 8 loss: 1.81452035904
validation accuracy :  0.440555555556
validation class_total [1200.0, 1200.0, 1200.0, 1200.0, 1200.0, 1200.0]
validation class_correct [678.0, 774.0, 566.0, 448.0, 338.0, 368.0]
validation confusion_matrix [[678, 132, 88, 149, 90, 63], [64, 774, 106, 45, 49, 162], [86, 153, 566, 118, 144, 133], [317, 68, 190, 448, 121, 56], [227, 114, 243, 185, 338, 93], [139, 315, 162, 121, 95, 368]]
test accuracy :  0.174166666667
class_total [400.0, 400.0, 400.0, 400.0, 400.0, 400.0]
class_correct [95.0, 33.0, 95.0, 74.0, 80.0, 41.0]
confusion_matrix [[95, 110, 50, 48, 41, 56], [51, 33, 123, 85, 62, 46], [49, 60, 95, 58, 82, 56], [57, 64, 90, 74, 55, 60], [80, 38, 101, 58, 80, 43], [101, 24, 91, 87, 56, 41]]
traning started for  9 epoch
epoch 9 loss: 1.64991927147
validation accuracy :  0.507361111111
validation class_total [1200.0, 1200.0, 1200.0, 1200.0, 1200.0, 1200.0]
validation class_correct [673.0, 925.0, 668.0, 575.0, 433.0, 379.0]
validation confusion_matrix [[673, 53, 51, 243, 120, 60], [17, 925, 100, 16, 20, 122], [29, 170, 668, 105, 122, 106], [257, 32, 159, 575, 143, 34], [177, 67, 207, 246, 433, 70], [66, 347, 205, 94, 109, 379]]
test accuracy :  0.174583333333
class_total [400.0, 400.0, 400.0, 400.0, 400.0, 400.0]
class_correct [102.0, 8.0, 137.0, 73.0, 82.0, 17.0]
confusion_matrix [[102, 76, 53, 65, 54, 50], [40, 8, 108, 110, 97, 37], [19, 77, 137, 31, 79, 57], [37, 59, 103, 73, 72, 56], [49, 23, 119, 81, 82, 46], [83, 6, 60, 154, 80, 17]]
traning started for  10 epoch
epoch 10 loss: 1.06181633472
validation accuracy :  0.587777777778
validation class_total [1200.0, 1200.0, 1200.0, 1200.0, 1200.0, 1200.0]
validation class_correct [755.0, 996.0, 792.0, 701.0, 527.0, 461.0]
validation confusion_matrix [[755, 7, 18, 268, 123, 29], [3, 996, 76, 2, 7, 116], [7, 170, 792, 20, 79, 132], [249, 4, 77, 701, 150, 19], [168, 34, 149, 259, 527, 63], [41, 295, 240, 59, 104, 461]]
test accuracy :  0.18125
class_total [400.0, 400.0, 400.0, 400.0, 400.0, 400.0]
class_correct [98.0, 5.0, 153.0, 80.0, 83.0, 16.0]
confusion_matrix [[98, 38, 37, 68, 88, 71], [41, 5, 91, 129, 112, 22], [3, 95, 153, 11, 41, 97], [45, 33, 90, 80, 96, 56], [22, 21, 159, 41, 83, 74], [53, 1, 68, 171, 91, 16]]
traning started for  11 epoch
epoch 11 loss: 0.878429889679
validation accuracy :  0.605
validation class_total [1200.0, 1200.0, 1200.0, 1200.0, 1200.0, 1200.0]
validation class_correct [823.0, 1029.0, 806.0, 646.0, 550.0, 502.0]
validation confusion_matrix [[823, 9, 16, 229, 104, 19], [7, 1029, 71, 2, 5, 86], [5, 143, 806, 20, 77, 149], [297, 0, 70, 646, 162, 25], [186, 33, 129, 226, 550, 76], [31, 315, 222, 35, 95, 502]]
test accuracy :  0.192916666667
class_total [400.0, 400.0, 400.0, 400.0, 400.0, 400.0]
class_correct [114.0, 1.0, 155.0, 75.0, 89.0, 29.0]
confusion_matrix [[114, 34, 39, 62, 85, 66], [48, 1, 90, 106, 121, 34], [1, 103, 155, 6, 42, 93], [45, 22, 90, 75, 91, 77], [24, 20, 164, 20, 89, 83], [63, 1, 62, 147, 98, 29]]
traning started for  12 epoch
epoch 12 loss: 1.37324678898
validation accuracy :  0.619861111111
validation class_total [1200.0, 1200.0, 1200.0, 1200.0, 1200.0, 1200.0]
validation class_correct [812.0, 1053.0, 823.0, 672.0, 599.0, 504.0]
validation confusion_matrix [[812, 10, 10, 229, 114, 25], [1, 1053, 58, 2, 6, 80], [5, 125, 823, 11, 77, 159], [283, 5, 63, 672, 145, 32], [170, 25, 122, 206, 599, 78], [33, 298, 230, 40, 95, 504]]
test accuracy :  0.191666666667
class_total [400.0, 400.0, 400.0, 400.0, 400.0, 400.0]
class_correct [101.0, 1.0, 161.0, 77.0, 89.0, 31.0]
confusion_matrix [[101, 32, 35, 64, 96, 72], [34, 1, 78, 106, 144, 37], [3, 95, 161, 4, 36, 101], [32, 25, 87, 77, 108, 71], [21, 21, 143, 32, 89, 94], [58, 2, 60, 127, 122, 31]]
traning started for  13 epoch
epoch 13 loss: 1.03396964073
validation accuracy :  0.636388888889
validation class_total [1200.0, 1200.0, 1200.0, 1200.0, 1200.0, 1200.0]
validation class_correct [830.0, 1052.0, 851.0, 709.0, 603.0, 537.0]
validation confusion_matrix [[830, 7, 11, 238, 92, 22], [2, 1052, 67, 2, 5, 72], [1, 125, 851, 13, 62, 148], [271, 1, 51, 709, 146, 22], [176, 15, 114, 222, 603, 70], [29, 289, 223, 35, 87, 537]]
test accuracy :  0.192916666667
class_total [400.0, 400.0, 400.0, 400.0, 400.0, 400.0]
class_correct [104.0, 3.0, 154.0, 76.0, 107.0, 19.0]
confusion_matrix [[104, 31, 31, 66, 94, 74], [33, 3, 80, 118, 133, 33], [1, 104, 154, 0, 42, 99], [54, 23, 86, 76, 93, 68], [9, 12, 160, 25, 107, 87], [40, 2, 48, 158, 133, 19]]
traning started for  14 epoch
epoch 14 loss: 0.8501714468
validation accuracy :  0.633055555556
validation class_total [1200.0, 1200.0, 1200.0, 1200.0, 1200.0, 1200.0]
validation class_correct [851.0, 1047.0, 839.0, 699.0, 623.0, 499.0]
validation confusion_matrix [[851, 6, 12, 218, 94, 19], [3, 1047, 57, 1, 7, 85], [5, 143, 839, 8, 60, 145], [283, 2, 49, 699, 140, 27], [170, 24, 125, 192, 623, 66], [31, 330, 220, 38, 82, 499]]
test accuracy :  0.193333333333
class_total [400.0, 400.0, 400.0, 400.0, 400.0, 400.0]
class_correct [115.0, 2.0, 155.0, 64.0, 100.0, 28.0]
confusion_matrix [[115, 32, 27, 57, 93, 76], [34, 2, 86, 91, 153, 34], [2, 103, 155, 6, 31, 103], [45, 30, 77, 64, 110, 74], [9, 15, 160, 20, 100, 96], [47, 0, 51, 149, 125, 28]]
traning started for  15 epoch
epoch 15 loss: 0.981920182705
validation accuracy :  0.642916666667
validation class_total [1200.0, 1200.0, 1200.0, 1200.0, 1200.0, 1200.0]
validation class_correct [844.0, 1036.0, 894.0, 681.0, 622.0, 552.0]
validation confusion_matrix [[844, 5, 13, 226, 98, 14], [0, 1036, 62, 1, 6, 95], [2, 116, 894, 9, 55, 124], [283, 3, 46, 681, 161, 26], [149, 13, 123, 215, 622, 78], [24, 282, 224, 30, 88, 552]]
test accuracy :  0.190416666667
class_total [400.0, 400.0, 400.0, 400.0, 400.0, 400.0]
class_correct [94.0, 1.0, 158.0, 74.0, 101.0, 29.0]
confusion_matrix [[94, 31, 27, 60, 109, 79], [34, 1, 82, 107, 141, 35], [0, 102, 158, 3, 31, 106], [45, 22, 84, 74, 111, 64], [12, 17, 161, 17, 101, 92], [46, 1, 61, 126, 137, 29]]
traning started for  16 epoch
epoch 16 loss: 0.71192252636
validation accuracy :  0.659861111111
validation class_total [1200.0, 1200.0, 1200.0, 1200.0, 1200.0, 1200.0]
validation class_correct [848.0, 1042.0, 891.0, 733.0, 668.0, 569.0]
validation confusion_matrix [[848, 2, 10, 233, 87, 20], [0, 1042, 63, 0, 6, 89], [2, 108, 891, 9, 52, 138], [253, 1, 42, 733, 146, 25], [139, 17, 122, 175, 668, 79], [16, 272, 227, 27, 89, 569]]
test accuracy :  0.19375
class_total [400.0, 400.0, 400.0, 400.0, 400.0, 400.0]
class_correct [105.0, 0.0, 167.0, 59.0, 111.0, 23.0]
confusion_matrix [[105, 29, 34, 58, 103, 71], [29, 0, 78, 90, 169, 34], [0, 100, 167, 1, 24, 108], [45, 19, 80, 59, 114, 83], [6, 18, 164, 13, 111, 88], [36, 0, 61, 113, 167, 23]]
traning started for  17 epoch
epoch 17 loss: 1.40613734722
validation accuracy :  0.664444444444
validation class_total [1200.0, 1200.0, 1200.0, 1200.0, 1200.0, 1200.0]
validation class_correct [849.0, 1053.0, 904.0, 742.0, 659.0, 577.0]
validation confusion_matrix [[849, 4, 8, 237, 85, 17], [2, 1053, 67, 1, 3, 74], [1, 116, 904, 11, 48, 120], [264, 0, 33, 742, 140, 21], [143, 12, 115, 183, 659, 88], [18, 268, 228, 22, 87, 577]]
test accuracy :  0.18875
class_total [400.0, 400.0, 400.0, 400.0, 400.0, 400.0]
class_correct [108.0, 3.0, 159.0, 62.0, 95.0, 26.0]
confusion_matrix [[108, 20, 27, 51, 117, 77], [29, 3, 74, 103, 151, 40], [2, 103, 159, 2, 33, 101], [48, 26, 82, 62, 110, 72], [7, 17, 157, 15, 95, 109], [41, 1, 61, 119, 152, 26]]
traning started for  18 epoch
epoch 18 loss: 1.15953350067
validation accuracy :  0.675833333333
validation class_total [1200.0, 1200.0, 1200.0, 1200.0, 1200.0, 1200.0]
validation class_correct [865.0, 1065.0, 909.0, 753.0, 668.0, 606.0]
validation confusion_matrix [[865, 4, 7, 223, 84, 17], [2, 1065, 54, 1, 5, 73], [2, 107, 909, 5, 57, 120], [261, 1, 35, 753, 134, 16], [152, 14, 111, 167, 668, 88], [23, 233, 219, 32, 87, 606]]
test accuracy :  0.195833333333
class_total [400.0, 400.0, 400.0, 400.0, 400.0, 400.0]
class_correct [116.0, 2.0, 167.0, 56.0, 100.0, 29.0]
confusion_matrix [[116, 21, 22, 53, 109, 79], [45, 2, 66, 106, 139, 42], [0, 94, 167, 2, 32, 105], [40, 18, 71, 56, 136, 79], [7, 16, 169, 8, 100, 100], [36, 0, 66, 115, 154, 29]]
traning started for  19 epoch
epoch 19 loss: 0.859199285507
validation accuracy :  0.689027777778
validation class_total [1200.0, 1200.0, 1200.0, 1200.0, 1200.0, 1200.0]
validation class_correct [865.0, 1058.0, 936.0, 786.0, 686.0, 630.0]
validation confusion_matrix [[865, 3, 4, 217, 92, 19], [0, 1058, 62, 1, 2, 77], [2, 80, 936, 7, 53, 122], [233, 0, 32, 786, 132, 17], [143, 14, 95, 181, 686, 81], [18, 232, 211, 28, 81, 630]]
test accuracy :  0.1975
class_total [400.0, 400.0, 400.0, 400.0, 400.0, 400.0]
class_correct [102.0, 0.0, 144.0, 94.0, 104.0, 30.0]
confusion_matrix [[102, 18, 24, 64, 102, 90], [27, 0, 82, 107, 142, 42], [0, 104, 144, 3, 38, 111], [29, 19, 68, 94, 117, 73], [8, 11, 160, 18, 104, 99], [32, 0, 54, 126, 158, 30]]
traning started for  20 epoch
epoch 20 loss: 1.10052847862
validation accuracy :  0.6975
validation class_total [1200.0, 1200.0, 1200.0, 1200.0, 1200.0, 1200.0]
validation class_correct [903.0, 1037.0, 923.0, 815.0, 714.0, 630.0]
validation confusion_matrix [[903, 3, 6, 202, 70, 16], [2, 1037, 70, 1, 2, 88], [0, 102, 923, 8, 41, 126], [215, 0, 20, 815, 132, 18], [145, 12, 100, 160, 714, 69], [19, 205, 226, 30, 90, 630]]
test accuracy :  0.207083333333
class_total [400.0, 400.0, 400.0, 400.0, 400.0, 400.0]
class_correct [107.0, 0.0, 168.0, 90.0, 102.0, 30.0]
confusion_matrix [[107, 17, 25, 75, 96, 80], [30, 0, 59, 110, 164, 37], [0, 92, 168, 3, 27, 110], [31, 12, 73, 90, 102, 92], [10, 11, 152, 20, 102, 105], [29, 1, 54, 126, 160, 30]]
traning started for  21 epoch
epoch 21 loss: 1.24133300781
validation accuracy :  0.691666666667
validation class_total [1200.0, 1200.0, 1200.0, 1200.0, 1200.0, 1200.0]
validation class_correct [881.0, 1073.0, 919.0, 799.0, 701.0, 607.0]
validation confusion_matrix [[881, 4, 5, 211, 81, 18], [1, 1073, 60, 1, 3, 62], [2, 102, 919, 3, 42, 132], [225, 0, 31, 799, 124, 21], [137, 8, 100, 161, 701, 93], [26, 257, 203, 17, 90, 607]]
test accuracy :  0.195
class_total [400.0, 400.0, 400.0, 400.0, 400.0, 400.0]
class_correct [98.0, 0.0, 158.0, 73.0, 108.0, 31.0]
confusion_matrix [[98, 20, 26, 56, 114, 86], [38, 0, 87, 104, 138, 33], [1, 101, 158, 0, 27, 113], [35, 14, 69, 73, 129, 80], [7, 5, 174, 10, 108, 96], [27, 1, 66, 116, 159, 31]]
traning started for  22 epoch
epoch 22 loss: 1.22885680199
validation accuracy :  0.695833333333
validation class_total [1200.0, 1200.0, 1200.0, 1200.0, 1200.0, 1200.0]
validation class_correct [884.0, 1068.0, 925.0, 785.0, 716.0, 632.0]
validation confusion_matrix [[884, 6, 7, 205, 83, 15], [0, 1068, 47, 0, 8, 77], [1, 100, 925, 3, 46, 125], [230, 1, 24, 785, 137, 23], [135, 15, 100, 156, 716, 78], [16, 234, 208, 21, 89, 632]]
test accuracy :  0.195416666667
class_total [400.0, 400.0, 400.0, 400.0, 400.0, 400.0]
class_correct [104.0, 1.0, 163.0, 68.0, 98.0, 35.0]
confusion_matrix [[104, 19, 24, 65, 104, 84], [33, 1, 81, 92, 151, 42], [0, 98, 163, 3, 31, 105], [37, 18, 68, 68, 125, 84], [6, 15, 168, 13, 98, 100], [36, 0, 59, 124, 146, 35]]
traning started for  23 epoch
epoch 23 loss: 0.882066726685
validation accuracy :  0.693055555556
validation class_total [1200.0, 1200.0, 1200.0, 1200.0, 1200.0, 1200.0]
validation class_correct [881.0, 1054.0, 935.0, 779.0, 733.0, 608.0]
validation confusion_matrix [[881, 4, 7, 203, 93, 12], [0, 1054, 61, 1, 5, 79], [2, 94, 935, 3, 50, 116], [227, 0, 29, 779, 144, 21], [130, 12, 106, 139, 733, 80], [17, 242, 222, 19, 92, 608]]
test accuracy :  0.19875
class_total [400.0, 400.0, 400.0, 400.0, 400.0, 400.0]
class_correct [102.0, 1.0, 158.0, 85.0, 99.0, 32.0]
confusion_matrix [[102, 16, 20, 58, 113, 91], [42, 1, 65, 88, 165, 39], [0, 90, 158, 4, 27, 121], [37, 16, 65, 85, 112, 85], [6, 7, 160, 11, 99, 117], [31, 0, 56, 122, 159, 32]]
traning started for  24 epoch
epoch 24 loss: 1.39882826805
validation accuracy :  0.700833333333
validation class_total [1200.0, 1200.0, 1200.0, 1200.0, 1200.0, 1200.0]
validation class_correct [879.0, 1057.0, 934.0, 797.0, 738.0, 641.0]
validation confusion_matrix [[879, 2, 7, 207, 88, 17], [1, 1057, 53, 0, 5, 84], [0, 93, 934, 2, 41, 130], [211, 0, 29, 797, 135, 28], [123, 12, 86, 156, 738, 85], [23, 242, 189, 16, 89, 641]]
test accuracy :  0.185833333333
class_total [400.0, 400.0, 400.0, 400.0, 400.0, 400.0]
class_correct [100.0, 1.0, 152.0, 70.0, 103.0, 20.0]
confusion_matrix [[100, 18, 30, 63, 102, 87], [31, 1, 66, 113, 149, 40], [0, 101, 152, 1, 27, 119], [37, 16, 73, 70, 131, 73], [10, 10, 166, 15, 103, 96], [25, 0, 80, 118, 157, 20]]
traning started for  25 epoch
epoch 25 loss: 1.47243237495
validation accuracy :  0.7
validation class_total [1200.0, 1200.0, 1200.0, 1200.0, 1200.0, 1200.0]
validation class_correct [913.0, 1059.0, 942.0, 787.0, 718.0, 621.0]
validation confusion_matrix [[913, 3, 5, 191, 75, 13], [2, 1059, 60, 1, 5, 73], [0, 93, 942, 5, 53, 107], [250, 0, 17, 787, 131, 15], [147, 10, 101, 138, 718, 86], [18, 215, 232, 19, 95, 621]]
test accuracy :  0.2
class_total [400.0, 400.0, 400.0, 400.0, 400.0, 400.0]
class_correct [104.0, 0.0, 152.0, 81.0, 114.0, 29.0]
confusion_matrix [[104, 22, 32, 60, 111, 71], [34, 0, 71, 113, 144, 38], [1, 96, 152, 1, 38, 112], [36, 14, 63, 81, 110, 96], [7, 14, 145, 18, 114, 102], [27, 0, 55, 116, 173, 29]]
traning started for  26 epoch
epoch 26 loss: 0.952489733696
validation accuracy :  0.702361111111
validation class_total [1200.0, 1200.0, 1200.0, 1200.0, 1200.0, 1200.0]
validation class_correct [907.0, 1059.0, 919.0, 808.0, 735.0, 629.0]
validation confusion_matrix [[907, 1, 5, 186, 87, 14], [2, 1059, 58, 1, 5, 75], [2, 99, 919, 7, 46, 127], [213, 2, 31, 808, 128, 18], [126, 14, 94, 155, 735, 76], [18, 221, 230, 16, 86, 629]]
test accuracy :  0.19375
class_total [400.0, 400.0, 400.0, 400.0, 400.0, 400.0]
class_correct [108.0, 1.0, 144.0, 76.0, 111.0, 25.0]
confusion_matrix [[108, 20, 18, 57, 104, 93], [32, 1, 73, 103, 157, 34], [1, 102, 144, 2, 36, 115], [38, 13, 73, 76, 125, 75], [6, 14, 150, 18, 111, 101], [27, 0, 65, 126, 157, 25]]
traning started for  27 epoch
epoch 27 loss: 1.09533381462
validation accuracy :  0.699305555556
validation class_total [1200.0, 1200.0, 1200.0, 1200.0, 1200.0, 1200.0]
validation class_correct [901.0, 1060.0, 943.0, 803.0, 736.0, 592.0]
validation confusion_matrix [[901, 4, 7, 196, 82, 10], [1, 1060, 62, 1, 2, 74], [2, 101, 943, 2, 45, 107], [215, 2, 23, 803, 134, 23], [144, 13, 87, 146, 736, 74], [17, 230, 227, 23, 111, 592]]
test accuracy :  0.198333333333
class_total [400.0, 400.0, 400.0, 400.0, 400.0, 400.0]
class_correct [108.0, 0.0, 165.0, 71.0, 97.0, 35.0]
confusion_matrix [[108, 17, 23, 70, 102, 80], [33, 0, 76, 85, 168, 38], [1, 95, 165, 3, 34, 102], [44, 15, 60, 71, 139, 71], [6, 11, 162, 19, 97, 105], [35, 0, 59, 110, 161, 35]]
traning started for  28 epoch
epoch 28 loss: 0.818535923958
validation accuracy :  0.695555555556
validation class_total [1200.0, 1200.0, 1200.0, 1200.0, 1200.0, 1200.0]
validation class_correct [890.0, 1061.0, 919.0, 808.0, 706.0, 624.0]
validation confusion_matrix [[890, 2, 5, 208, 83, 12], [2, 1061, 64, 0, 3, 70], [2, 101, 919, 2, 41, 135], [208, 1, 26, 808, 137, 20], [143, 7, 94, 169, 706, 81], [15, 236, 208, 23, 94, 624]]
test accuracy :  0.200416666667
class_total [400.0, 400.0, 400.0, 400.0, 400.0, 400.0]
class_correct [104.0, 0.0, 161.0, 79.0, 113.0, 24.0]
confusion_matrix [[104, 19, 16, 61, 113, 87], [32, 0, 85, 80, 165, 38], [2, 102, 161, 2, 26, 107], [38, 19, 66, 79, 113, 85], [3, 9, 159, 13, 113, 103], [35, 0, 56, 123, 162, 24]]
traning started for  29 epoch
epoch 29 loss: 1.01788163185
validation accuracy :  0.696944444444
validation class_total [1200.0, 1200.0, 1200.0, 1200.0, 1200.0, 1200.0]
validation class_correct [885.0, 1056.0, 944.0, 774.0, 738.0, 621.0]
validation confusion_matrix [[885, 4, 2, 203, 92, 14], [1, 1056, 69, 1, 0, 73], [2, 98, 944, 6, 40, 110], [237, 0, 27, 774, 135, 27], [134, 6, 96, 145, 738, 81], [25, 222, 225, 23, 84, 621]]
test accuracy :  0.200416666667
class_total [400.0, 400.0, 400.0, 400.0, 400.0, 400.0]
class_correct [107.0, 1.0, 150.0, 83.0, 108.0, 32.0]
confusion_matrix [[107, 16, 23, 52, 125, 77], [26, 1, 73, 91, 175, 34], [0, 94, 150, 1, 30, 125], [33, 17, 66, 83, 114, 87], [8, 12, 153, 13, 108, 106], [37, 0, 59, 126, 146, 32]]
traning started for  30 epoch
epoch 30 loss: 0.583130955696
validation accuracy :  0.7025
validation class_total [1200.0, 1200.0, 1200.0, 1200.0, 1200.0, 1200.0]
validation class_correct [884.0, 1068.0, 951.0, 801.0, 715.0, 639.0]
validation confusion_matrix [[884, 4, 6, 195, 89, 22], [0, 1068, 58, 2, 4, 68], [0, 87, 951, 4, 53, 105], [216, 0, 17, 801, 153, 13], [138, 15, 102, 148, 715, 82], [21, 218, 210, 25, 87, 639]]
test accuracy :  0.18625
class_total [400.0, 400.0, 400.0, 400.0, 400.0, 400.0]
class_correct [96.0, 0.0, 144.0, 66.0, 106.0, 35.0]
confusion_matrix [[96, 22, 18, 58, 128, 78], [29, 0, 67, 102, 169, 33], [0, 97, 144, 3, 34, 122], [35, 16, 70, 66, 132, 81], [6, 10, 158, 13, 106, 107], [28, 0, 58, 107, 172, 35]]
traning started for  31 epoch
epoch 31 loss: 0.774064779282
validation accuracy :  0.698888888889
validation class_total [1200.0, 1200.0, 1200.0, 1200.0, 1200.0, 1200.0]
validation class_correct [904.0, 1070.0, 948.0, 777.0, 704.0, 629.0]
validation confusion_matrix [[904, 3, 3, 195, 81, 14], [1, 1070, 53, 0, 3, 73], [2, 93, 948, 3, 42, 112], [230, 0, 27, 777, 140, 26], [143, 5, 106, 164, 704, 78], [12, 224, 211, 22, 102, 629]]
test accuracy :  0.193333333333
class_total [400.0, 400.0, 400.0, 400.0, 400.0, 400.0]
class_correct [104.0, 1.0, 148.0, 73.0, 112.0, 26.0]
confusion_matrix [[104, 20, 18, 65, 113, 80], [34, 1, 69, 90, 174, 32], [0, 94, 148, 3, 28, 127], [43, 13, 65, 73, 128, 78], [7, 8, 156, 12, 112, 105], [32, 1, 56, 116, 169, 26]]
traning started for  32 epoch
epoch 32 loss: 1.03300094604
validation accuracy :  0.696666666667
validation class_total [1200.0, 1200.0, 1200.0, 1200.0, 1200.0, 1200.0]
validation class_correct [885.0, 1054.0, 948.0, 812.0, 699.0, 618.0]
validation confusion_matrix [[885, 1, 8, 199, 97, 10], [2, 1054, 56, 1, 4, 83], [2, 86, 948, 1, 51, 112], [217, 1, 24, 812, 132, 14], [160, 8, 94, 154, 699, 85], [22, 239, 216, 17, 88, 618]]
test accuracy :  0.19875
class_total [400.0, 400.0, 400.0, 400.0, 400.0, 400.0]
class_correct [119.0, 1.0, 156.0, 71.0, 105.0, 25.0]
confusion_matrix [[119, 14, 17, 52, 100, 98], [30, 1, 66, 110, 154, 39], [0, 105, 156, 1, 34, 104], [45, 14, 57, 71, 126, 87], [4, 9, 158, 16, 105, 108], [31, 0, 53, 123, 168, 25]]
traning started for  33 epoch
