cuda
traning started for  1 epoch
epoch 1 loss: 1.70240902901
validation accuracy :  0.229861111111
validation class_total [1200.0, 1200.0, 1200.0, 1200.0, 1200.0, 1200.0]
validation class_correct [308.0, 250.0, 303.0, 339.0, 190.0, 265.0]
validation confusion_matrix [[308, 144, 195, 210, 146, 197], [245, 250, 195, 197, 124, 189], [210, 202, 303, 185, 135, 165], [249, 160, 145, 339, 141, 166], [245, 161, 217, 220, 190, 167], [259, 165, 188, 194, 129, 265]]
test accuracy :  0.187083333333
class_total [400.0, 400.0, 400.0, 400.0, 400.0, 400.0]
class_correct [93.0, 54.0, 88.0, 88.0, 62.0, 64.0]
confusion_matrix [[93, 67, 67, 63, 43, 67], [67, 54, 77, 95, 50, 57], [94, 56, 88, 76, 50, 36], [74, 57, 61, 88, 57, 63], [82, 49, 78, 78, 62, 51], [78, 66, 67, 79, 46, 64]]
traning started for  2 epoch
epoch 2 loss: 1.51557695866
validation accuracy :  0.301388888889
validation class_total [1200.0, 1200.0, 1200.0, 1200.0, 1200.0, 1200.0]
validation class_correct [251.0, 350.0, 467.0, 465.0, 172.0, 465.0]
validation confusion_matrix [[251, 118, 100, 280, 109, 342], [118, 350, 207, 121, 96, 308], [87, 220, 467, 105, 119, 202], [147, 98, 69, 465, 126, 295], [163, 144, 178, 251, 172, 292], [131, 166, 99, 256, 83, 465]]
test accuracy :  0.186666666667
class_total [400.0, 400.0, 400.0, 400.0, 400.0, 400.0]
class_correct [46.0, 30.0, 81.0, 132.0, 59.0, 100.0]
confusion_matrix [[46, 93, 63, 51, 33, 114], [52, 30, 49, 110, 42, 117], [49, 48, 81, 79, 44, 99], [62, 30, 28, 132, 47, 101], [37, 55, 81, 68, 59, 100], [58, 49, 40, 113, 40, 100]]
traning started for  3 epoch
epoch 3 loss: 1.93210709095
validation accuracy :  0.41625
validation class_total [1200.0, 1200.0, 1200.0, 1200.0, 1200.0, 1200.0]
validation class_correct [359.0, 525.0, 888.0, 701.0, 256.0, 268.0]
validation confusion_matrix [[359, 98, 60, 353, 125, 205], [14, 525, 511, 11, 63, 76], [11, 174, 888, 24, 63, 40], [217, 31, 13, 701, 122, 116], [126, 181, 238, 196, 256, 203], [163, 200, 185, 259, 125, 268]]
test accuracy :  0.212083333333
class_total [400.0, 400.0, 400.0, 400.0, 400.0, 400.0]
class_correct [6.0, 17.0, 107.0, 211.0, 87.0, 81.0]
confusion_matrix [[6, 131, 206, 5, 25, 27], [67, 17, 8, 155, 70, 83], [41, 79, 107, 32, 79, 62], [94, 1, 0, 211, 40, 54], [44, 68, 105, 31, 87, 65], [60, 64, 50, 74, 71, 81]]
traning started for  4 epoch
epoch 4 loss: 1.49059903622
validation accuracy :  0.48
validation class_total [1200.0, 1200.0, 1200.0, 1200.0, 1200.0, 1200.0]
validation class_correct [441.0, 636.0, 849.0, 871.0, 345.0, 314.0]
validation confusion_matrix [[441, 23, 5, 534, 102, 95], [2, 636, 481, 0, 43, 38], [5, 261, 849, 1, 59, 25], [251, 2, 0, 871, 36, 40], [205, 122, 108, 210, 345, 210], [243, 145, 104, 229, 165, 314]]
test accuracy :  0.21125
class_total [400.0, 400.0, 400.0, 400.0, 400.0, 400.0]
class_correct [3.0, 3.0, 76.0, 232.0, 110.0, 83.0]
confusion_matrix [[3, 184, 155, 3, 28, 27], [111, 3, 0, 224, 24, 38], [20, 111, 76, 14, 107, 72], [113, 1, 0, 232, 24, 30], [40, 60, 64, 20, 110, 106], [80, 43, 16, 91, 87, 83]]
traning started for  5 epoch
epoch 5 loss: 1.31268787384
validation accuracy :  0.5725
validation class_total [1200.0, 1200.0, 1200.0, 1200.0, 1200.0, 1200.0]
validation class_correct [529.0, 761.0, 908.0, 866.0, 496.0, 562.0]
validation confusion_matrix [[529, 8, 0, 464, 78, 121], [0, 761, 369, 1, 33, 36], [0, 236, 908, 0, 38, 18], [275, 0, 0, 866, 18, 41], [123, 134, 58, 70, 496, 319], [166, 95, 23, 87, 267, 562]]
test accuracy :  0.228333333333
class_total [400.0, 400.0, 400.0, 400.0, 400.0, 400.0]
class_correct [1.0, 2.0, 85.0, 167.0, 162.0, 131.0]
confusion_matrix [[1, 201, 125, 1, 44, 28], [121, 2, 0, 175, 37, 65], [3, 149, 85, 0, 102, 61], [140, 3, 0, 167, 37, 53], [25, 48, 42, 7, 162, 116], [61, 34, 18, 40, 116, 131]]
traning started for  6 epoch
epoch 6 loss: 0.439830064774
validation accuracy :  0.650555555556
validation class_total [1200.0, 1200.0, 1200.0, 1200.0, 1200.0, 1200.0]
validation class_correct [571.0, 857.0, 1027.0, 880.0, 660.0, 689.0]
validation confusion_matrix [[571, 2, 0, 474, 53, 100], [0, 857, 246, 1, 58, 38], [0, 138, 1027, 0, 25, 10], [277, 0, 0, 880, 19, 24], [66, 67, 41, 29, 660, 337], [94, 50, 11, 30, 326, 689]]
test accuracy :  0.230416666667
class_total [400.0, 400.0, 400.0, 400.0, 400.0, 400.0]
class_correct [0.0, 0.0, 102.0, 92.0, 236.0, 123.0]
confusion_matrix [[0, 186, 75, 0, 84, 55], [144, 0, 0, 126, 65, 65], [0, 122, 102, 0, 125, 51], [144, 3, 2, 92, 66, 93], [9, 11, 41, 3, 236, 100], [43, 17, 10, 32, 175, 123]]
traning started for  7 epoch
epoch 7 loss: 0.534162998199
validation accuracy :  0.725972222222
validation class_total [1200.0, 1200.0, 1200.0, 1200.0, 1200.0, 1200.0]
validation class_correct [652.0, 1054.0, 1086.0, 873.0, 785.0, 777.0]
validation confusion_matrix [[652, 2, 0, 446, 31, 69], [0, 1054, 74, 0, 21, 51], [0, 94, 1086, 0, 17, 3], [299, 0, 0, 873, 14, 14], [38, 29, 37, 19, 785, 292], [74, 40, 5, 17, 287, 777]]
test accuracy :  0.250416666667
class_total [400.0, 400.0, 400.0, 400.0, 400.0, 400.0]
class_correct [1.0, 0.0, 114.0, 99.0, 299.0, 88.0]
confusion_matrix [[1, 167, 51, 1, 108, 72], [117, 0, 1, 121, 83, 78], [0, 75, 114, 0, 181, 30], [110, 2, 0, 99, 86, 103], [7, 2, 23, 2, 299, 67], [40, 2, 19, 19, 232, 88]]
traning started for  8 epoch
epoch 8 loss: 0.519441366196
validation accuracy :  0.777083333333
validation class_total [1200.0, 1200.0, 1200.0, 1200.0, 1200.0, 1200.0]
validation class_correct [707.0, 1046.0, 1169.0, 916.0, 962.0, 795.0]
validation confusion_matrix [[707, 0, 0, 387, 38, 68], [0, 1046, 114, 0, 10, 30], [0, 12, 1169, 0, 17, 2], [248, 0, 0, 916, 10, 26], [18, 5, 34, 9, 962, 172], [25, 40, 12, 16, 312, 795]]
test accuracy :  0.2625
class_total [400.0, 400.0, 400.0, 400.0, 400.0, 400.0]
class_correct [0.0, 0.0, 174.0, 99.0, 332.0, 25.0]
confusion_matrix [[0, 78, 115, 0, 144, 63], [78, 0, 0, 112, 141, 69], [0, 15, 174, 0, 197, 14], [102, 1, 0, 99, 117, 81], [20, 0, 9, 8, 332, 31], [13, 0, 22, 7, 333, 25]]
traning started for  9 epoch
epoch 9 loss: 0.478778123856
validation accuracy :  0.839583333333
validation class_total [1200.0, 1200.0, 1200.0, 1200.0, 1200.0, 1200.0]
validation class_correct [861.0, 1107.0, 1165.0, 973.0, 1041.0, 898.0]
validation confusion_matrix [[861, 0, 0, 304, 7, 28], [0, 1107, 34, 0, 9, 50], [0, 13, 1165, 0, 22, 0], [205, 0, 0, 973, 9, 13], [12, 3, 24, 12, 1041, 108], [44, 11, 1, 23, 223, 898]]
test accuracy :  0.240416666667
class_total [400.0, 400.0, 400.0, 400.0, 400.0, 400.0]
class_correct [0.0, 0.0, 141.0, 128.0, 302.0, 6.0]
confusion_matrix [[0, 97, 75, 1, 150, 77], [57, 0, 0, 127, 136, 80], [0, 10, 141, 0, 233, 16], [72, 0, 0, 128, 122, 78], [29, 0, 11, 19, 302, 39], [7, 0, 13, 23, 351, 6]]
traning started for  10 epoch
epoch 10 loss: 0.165448665619
validation accuracy :  0.895972222222
validation class_total [1200.0, 1200.0, 1200.0, 1200.0, 1200.0, 1200.0]
validation class_correct [940.0, 1173.0, 1167.0, 1065.0, 1099.0, 1007.0]
validation confusion_matrix [[940, 0, 1, 209, 7, 43], [0, 1173, 23, 0, 0, 4], [0, 20, 1167, 0, 12, 1], [113, 0, 0, 1065, 8, 14], [3, 4, 36, 3, 1099, 55], [10, 41, 3, 8, 131, 1007]]
test accuracy :  0.247083333333
class_total [400.0, 400.0, 400.0, 400.0, 400.0, 400.0]
class_correct [3.0, 0.0, 211.0, 117.0, 237.0, 25.0]
confusion_matrix [[3, 104, 106, 0, 121, 66], [24, 0, 0, 92, 151, 133], [0, 28, 211, 0, 148, 13], [30, 0, 0, 117, 150, 103], [23, 0, 32, 7, 237, 101], [1, 0, 19, 17, 338, 25]]
traning started for  11 epoch
epoch 11 loss: 0.25977897644
validation accuracy :  0.915416666667
validation class_total [1200.0, 1200.0, 1200.0, 1200.0, 1200.0, 1200.0]
validation class_correct [1005.0, 1152.0, 1189.0, 1081.0, 1176.0, 988.0]
validation confusion_matrix [[1005, 0, 0, 134, 34, 27], [0, 1152, 35, 0, 4, 9], [0, 4, 1189, 0, 7, 0], [69, 0, 0, 1081, 24, 26], [0, 0, 15, 0, 1176, 9], [3, 5, 2, 4, 198, 988]]
test accuracy :  0.236666666667
class_total [400.0, 400.0, 400.0, 400.0, 400.0, 400.0]
class_correct [1.0, 0.0, 224.0, 100.0, 235.0, 8.0]
confusion_matrix [[1, 68, 112, 0, 171, 48], [16, 0, 1, 74, 188, 121], [0, 11, 224, 0, 148, 17], [19, 0, 0, 100, 228, 53], [17, 1, 35, 3, 235, 109], [0, 0, 21, 9, 362, 8]]
traning started for  12 epoch
epoch 12 loss: 0.246693134308
validation accuracy :  0.949305555556
validation class_total [1200.0, 1200.0, 1200.0, 1200.0, 1200.0, 1200.0]
validation class_correct [1017.0, 1183.0, 1170.0, 1178.0, 1137.0, 1150.0]
validation confusion_matrix [[1017, 0, 0, 176, 0, 7], [0, 1183, 5, 0, 0, 12], [0, 16, 1170, 0, 13, 1], [12, 0, 0, 1178, 2, 8], [1, 0, 7, 11, 1137, 44], [4, 2, 0, 25, 19, 1150]]
test accuracy :  0.212083333333
class_total [400.0, 400.0, 400.0, 400.0, 400.0, 400.0]
class_correct [8.0, 0.0, 151.0, 253.0, 55.0, 42.0]
confusion_matrix [[8, 106, 50, 1, 116, 119], [14, 0, 0, 196, 41, 149], [0, 27, 151, 0, 135, 87], [16, 0, 0, 253, 59, 72], [41, 4, 7, 43, 55, 250], [0, 0, 9, 46, 303, 42]]
traning started for  13 epoch
epoch 13 loss: 0.0321688652039
validation accuracy :  0.965972222222
validation class_total [1200.0, 1200.0, 1200.0, 1200.0, 1200.0, 1200.0]
validation class_correct [1083.0, 1189.0, 1188.0, 1183.0, 1151.0, 1161.0]
validation confusion_matrix [[1083, 0, 0, 108, 1, 8], [0, 1189, 1, 0, 0, 10], [0, 6, 1188, 0, 6, 0], [11, 0, 0, 1183, 1, 5], [1, 1, 10, 9, 1151, 28], [4, 9, 1, 17, 8, 1161]]
test accuracy :  0.227083333333
class_total [400.0, 400.0, 400.0, 400.0, 400.0, 400.0]
class_correct [22.0, 0.0, 165.0, 208.0, 90.0, 60.0]
confusion_matrix [[22, 75, 52, 0, 155, 96], [10, 0, 1, 127, 52, 210], [0, 42, 165, 0, 96, 97], [18, 0, 0, 208, 97, 77], [29, 5, 28, 17, 90, 231], [0, 0, 19, 55, 266, 60]]
traning started for  14 epoch
epoch 14 loss: 0.0555686950684
validation accuracy :  0.976388888889
validation class_total [1200.0, 1200.0, 1200.0, 1200.0, 1200.0, 1200.0]
validation class_correct [1138.0, 1181.0, 1178.0, 1190.0, 1159.0, 1184.0]
validation confusion_matrix [[1138, 0, 0, 60, 0, 2], [0, 1181, 3, 0, 0, 16], [0, 4, 1178, 0, 17, 1], [8, 0, 0, 1190, 0, 2], [1, 0, 0, 5, 1159, 35], [5, 2, 0, 7, 2, 1184]]
test accuracy :  0.20125
class_total [400.0, 400.0, 400.0, 400.0, 400.0, 400.0]
class_correct [28.0, 0.0, 103.0, 238.0, 79.0, 35.0]
confusion_matrix [[28, 93, 33, 0, 165, 81], [10, 0, 0, 151, 32, 207], [1, 38, 103, 0, 145, 113], [13, 0, 0, 238, 71, 78], [31, 0, 8, 40, 79, 242], [0, 0, 6, 52, 307, 35]]
traning started for  15 epoch
epoch 15 loss: 0.0182175636292
validation accuracy :  0.986388888889
validation class_total [1200.0, 1200.0, 1200.0, 1200.0, 1200.0, 1200.0]
validation class_correct [1177.0, 1185.0, 1183.0, 1188.0, 1189.0, 1180.0]
validation confusion_matrix [[1177, 0, 0, 23, 0, 0], [0, 1185, 1, 0, 0, 14], [0, 3, 1183, 0, 14, 0], [10, 0, 0, 1188, 1, 1], [6, 0, 1, 0, 1189, 4], [3, 1, 0, 6, 10, 1180]]
test accuracy :  0.195833333333
class_total [400.0, 400.0, 400.0, 400.0, 400.0, 400.0]
class_correct [36.0, 0.0, 103.0, 213.0, 84.0, 34.0]
confusion_matrix [[36, 58, 34, 0, 215, 57], [18, 0, 1, 144, 66, 171], [0, 45, 103, 0, 142, 110], [22, 0, 0, 213, 105, 60], [49, 1, 9, 40, 84, 217], [1, 0, 6, 53, 306, 34]]
traning started for  16 epoch
epoch 16 loss: 0.0262589454651
validation accuracy :  0.987916666667
validation class_total [1200.0, 1200.0, 1200.0, 1200.0, 1200.0, 1200.0]
validation class_correct [1182.0, 1198.0, 1179.0, 1190.0, 1170.0, 1194.0]
validation confusion_matrix [[1182, 0, 0, 17, 0, 1], [0, 1198, 0, 0, 0, 2], [0, 11, 1179, 0, 10, 0], [5, 0, 0, 1190, 0, 5], [6, 0, 0, 4, 1170, 20], [0, 2, 0, 3, 1, 1194]]
test accuracy :  0.194583333333
class_total [400.0, 400.0, 400.0, 400.0, 400.0, 400.0]
class_correct [51.0, 0.0, 96.0, 186.0, 75.0, 59.0]
confusion_matrix [[51, 137, 21, 0, 126, 65], [18, 0, 0, 121, 33, 228], [1, 77, 96, 0, 80, 146], [25, 0, 0, 186, 93, 96], [44, 0, 11, 23, 75, 247], [0, 0, 6, 80, 255, 59]]
traning started for  17 epoch
epoch 17 loss: 0.0116229057312
validation accuracy :  0.985
validation class_total [1200.0, 1200.0, 1200.0, 1200.0, 1200.0, 1200.0]
validation class_correct [1141.0, 1194.0, 1191.0, 1197.0, 1173.0, 1196.0]
validation confusion_matrix [[1141, 0, 0, 58, 0, 1], [0, 1194, 0, 0, 0, 6], [0, 3, 1191, 0, 6, 0], [0, 0, 0, 1197, 0, 3], [0, 0, 0, 6, 1173, 21], [0, 0, 0, 3, 1, 1196]]
test accuracy :  0.20875
class_total [400.0, 400.0, 400.0, 400.0, 400.0, 400.0]
class_correct [38.0, 0.0, 117.0, 223.0, 70.0, 53.0]
confusion_matrix [[38, 127, 39, 0, 130, 66], [1, 0, 0, 115, 36, 248], [0, 62, 117, 1, 78, 142], [7, 0, 0, 223, 80, 90], [11, 0, 13, 19, 70, 287], [0, 0, 7, 37, 303, 53]]
traning started for  18 epoch
epoch 18 loss: 0.0239844322205
validation accuracy :  0.979444444444
validation class_total [1200.0, 1200.0, 1200.0, 1200.0, 1200.0, 1200.0]
validation class_correct [1196.0, 1138.0, 1165.0, 1194.0, 1184.0, 1175.0]
validation confusion_matrix [[1196, 0, 0, 3, 0, 1], [4, 1138, 0, 0, 2, 56], [0, 3, 1165, 0, 31, 1], [6, 0, 0, 1194, 0, 0], [6, 0, 0, 0, 1184, 10], [10, 0, 0, 12, 3, 1175]]
test accuracy :  0.204166666667
class_total [400.0, 400.0, 400.0, 400.0, 400.0, 400.0]
class_correct [98.0, 0.0, 45.0, 220.0, 94.0, 33.0]
confusion_matrix [[98, 44, 17, 0, 184, 57], [17, 0, 0, 144, 37, 202], [2, 13, 45, 0, 167, 173], [34, 0, 0, 220, 99, 47], [27, 0, 6, 19, 94, 254], [0, 0, 1, 58, 308, 33]]
traning started for  19 epoch
epoch 19 loss: 0.0210709571838
validation accuracy :  0.990972222222
validation class_total [1200.0, 1200.0, 1200.0, 1200.0, 1200.0, 1200.0]
validation class_correct [1197.0, 1186.0, 1183.0, 1195.0, 1188.0, 1186.0]
validation confusion_matrix [[1197, 0, 0, 3, 0, 0], [0, 1186, 0, 0, 1, 13], [0, 3, 1183, 0, 12, 2], [5, 0, 0, 1195, 0, 0], [3, 0, 0, 3, 1188, 6], [6, 0, 0, 5, 3, 1186]]
test accuracy :  0.200416666667
class_total [400.0, 400.0, 400.0, 400.0, 400.0, 400.0]
class_correct [63.0, 0.0, 117.0, 204.0, 77.0, 20.0]
confusion_matrix [[63, 96, 19, 0, 178, 44], [21, 0, 0, 131, 28, 220], [0, 36, 117, 0, 117, 130], [29, 0, 0, 204, 95, 72], [17, 0, 20, 12, 77, 274], [1, 0, 8, 58, 313, 20]]
traning started for  20 epoch
epoch 20 loss: 0.0245208740234
validation accuracy :  0.999166666667
validation class_total [1200.0, 1200.0, 1200.0, 1200.0, 1200.0, 1200.0]
validation class_correct [1199.0, 1199.0, 1200.0, 1197.0, 1200.0, 1199.0]
validation confusion_matrix [[1199, 0, 0, 1, 0, 0], [0, 1199, 0, 0, 1, 0], [0, 0, 1200, 0, 0, 0], [2, 0, 0, 1197, 0, 1], [0, 0, 0, 0, 1200, 0], [0, 1, 0, 0, 0, 1199]]
test accuracy :  0.207916666667
class_total [400.0, 400.0, 400.0, 400.0, 400.0, 400.0]
class_correct [24.0, 0.0, 182.0, 165.0, 73.0, 55.0]
confusion_matrix [[24, 169, 59, 0, 119, 29], [16, 0, 1, 83, 70, 230], [0, 66, 182, 0, 61, 91], [28, 0, 0, 165, 145, 62], [11, 0, 26, 7, 73, 283], [0, 0, 11, 29, 305, 55]]
traning started for  21 epoch
epoch 21 loss: 0.00428867340088
validation accuracy :  0.998333333333
validation class_total [1200.0, 1200.0, 1200.0, 1200.0, 1200.0, 1200.0]
validation class_correct [1198.0, 1200.0, 1199.0, 1195.0, 1197.0, 1199.0]
validation confusion_matrix [[1198, 0, 0, 1, 1, 0], [0, 1200, 0, 0, 0, 0], [0, 1, 1199, 0, 0, 0], [3, 0, 0, 1195, 0, 2], [1, 0, 0, 1, 1197, 1], [0, 0, 0, 0, 1, 1199]]
test accuracy :  0.180833333333
class_total [400.0, 400.0, 400.0, 400.0, 400.0, 400.0]
class_correct [38.0, 0.0, 146.0, 113.0, 74.0, 63.0]
confusion_matrix [[38, 155, 47, 0, 106, 54], [17, 0, 1, 60, 95, 227], [0, 67, 146, 0, 69, 118], [33, 0, 0, 113, 212, 42], [11, 1, 29, 2, 74, 283], [0, 0, 14, 32, 291, 63]]
traning started for  22 epoch
epoch 22 loss: 0.00735902786255
validation accuracy :  0.99875
validation class_total [1200.0, 1200.0, 1200.0, 1200.0, 1200.0, 1200.0]
validation class_correct [1200.0, 1200.0, 1198.0, 1198.0, 1196.0, 1199.0]
validation confusion_matrix [[1200, 0, 0, 0, 0, 0], [0, 1200, 0, 0, 0, 0], [0, 2, 1198, 0, 0, 0], [2, 0, 0, 1198, 0, 0], [2, 0, 0, 0, 1196, 2], [0, 1, 0, 0, 0, 1199]]
test accuracy :  0.204166666667
class_total [400.0, 400.0, 400.0, 400.0, 400.0, 400.0]
class_correct [42.0, 0.0, 135.0, 177.0, 30.0, 106.0]
confusion_matrix [[42, 215, 36, 0, 75, 32], [20, 0, 0, 88, 59, 233], [0, 96, 135, 0, 36, 133], [43, 0, 0, 177, 122, 58], [12, 2, 17, 6, 30, 333], [1, 0, 19, 34, 240, 106]]
traning started for  23 epoch
epoch 23 loss: 0.0192565917969
validation accuracy :  0.998194444444
validation class_total [1200.0, 1200.0, 1200.0, 1200.0, 1200.0, 1200.0]
validation class_correct [1197.0, 1198.0, 1200.0, 1197.0, 1199.0, 1196.0]
validation confusion_matrix [[1197, 0, 0, 0, 2, 1], [0, 1198, 2, 0, 0, 0], [0, 0, 1200, 0, 0, 0], [1, 0, 0, 1197, 2, 0], [0, 0, 1, 0, 1199, 0], [0, 2, 1, 0, 1, 1196]]
test accuracy :  0.2025
class_total [400.0, 400.0, 400.0, 400.0, 400.0, 400.0]
class_correct [14.0, 0.0, 255.0, 104.0, 66.0, 47.0]
confusion_matrix [[14, 132, 111, 0, 125, 18], [4, 0, 3, 53, 104, 236], [0, 34, 255, 0, 51, 60], [13, 0, 0, 104, 232, 51], [2, 3, 59, 1, 66, 269], [0, 0, 29, 10, 314, 47]]
traning started for  24 epoch
epoch 24 loss: 0.0102081298828
validation accuracy :  0.984166666667
validation class_total [1200.0, 1200.0, 1200.0, 1200.0, 1200.0, 1200.0]
validation class_correct [1119.0, 1184.0, 1200.0, 1199.0, 1185.0, 1199.0]
validation confusion_matrix [[1119, 0, 0, 73, 6, 2], [0, 1184, 15, 0, 0, 1], [0, 0, 1200, 0, 0, 0], [0, 0, 0, 1199, 0, 1], [0, 0, 1, 1, 1185, 13], [0, 0, 1, 0, 0, 1199]]
test accuracy :  0.205
class_total [400.0, 400.0, 400.0, 400.0, 400.0, 400.0]
class_correct [9.0, 0.0, 220.0, 172.0, 21.0, 70.0]
confusion_matrix [[9, 103, 113, 0, 127, 48], [2, 0, 0, 69, 26, 303], [0, 21, 220, 0, 24, 135], [3, 0, 0, 172, 111, 114], [0, 0, 27, 5, 21, 347], [0, 0, 21, 46, 263, 70]]
traning started for  25 epoch
epoch 25 loss: 0.000327110290527
validation accuracy :  0.995555555556
validation class_total [1200.0, 1200.0, 1200.0, 1200.0, 1200.0, 1200.0]
validation class_correct [1200.0, 1200.0, 1183.0, 1200.0, 1187.0, 1198.0]
validation confusion_matrix [[1200, 0, 0, 0, 0, 0], [0, 1200, 0, 0, 0, 0], [0, 15, 1183, 0, 1, 1], [0, 0, 0, 1200, 0, 0], [6, 0, 1, 0, 1187, 6], [0, 2, 0, 0, 0, 1198]]
test accuracy :  0.1925
class_total [400.0, 400.0, 400.0, 400.0, 400.0, 400.0]
class_correct [45.0, 0.0, 97.0, 194.0, 13.0, 113.0]
confusion_matrix [[45, 248, 23, 0, 50, 34], [21, 0, 0, 101, 24, 254], [3, 126, 97, 0, 21, 153], [51, 0, 0, 194, 81, 74], [18, 5, 22, 6, 13, 336], [2, 0, 10, 66, 209, 113]]
traning started for  26 epoch
epoch 26 loss: 0.00659227371216
validation accuracy :  0.999305555556
validation class_total [1200.0, 1200.0, 1200.0, 1200.0, 1200.0, 1200.0]
validation class_correct [1200.0, 1198.0, 1200.0, 1198.0, 1199.0, 1200.0]
validation confusion_matrix [[1200, 0, 0, 0, 0, 0], [0, 1198, 2, 0, 0, 0], [0, 0, 1200, 0, 0, 0], [0, 0, 0, 1198, 1, 1], [0, 0, 1, 0, 1199, 0], [0, 0, 0, 0, 0, 1200]]
test accuracy :  0.20625
class_total [400.0, 400.0, 400.0, 400.0, 400.0, 400.0]
class_correct [21.0, 0.0, 240.0, 116.0, 52.0, 66.0]
confusion_matrix [[21, 183, 87, 0, 81, 28], [4, 0, 1, 53, 66, 276], [0, 45, 240, 0, 31, 84], [14, 0, 0, 116, 186, 84], [1, 1, 57, 1, 52, 288], [0, 0, 25, 15, 294, 66]]
traning started for  27 epoch
epoch 27 loss: 0.00272274017334
validation accuracy :  0.996944444444
validation class_total [1200.0, 1200.0, 1200.0, 1200.0, 1200.0, 1200.0]
validation class_correct [1200.0, 1200.0, 1196.0, 1188.0, 1194.0, 1200.0]
validation confusion_matrix [[1200, 0, 0, 0, 0, 0], [0, 1200, 0, 0, 0, 0], [0, 4, 1196, 0, 0, 0], [12, 0, 0, 1188, 0, 0], [2, 0, 2, 0, 1194, 2], [0, 0, 0, 0, 0, 1200]]
