cuda
traning started for  1 epoch
epoch 1 loss: 1.62687337399
validation accuracy :  0.227222222222
validation class_total [1200.0, 1200.0, 1200.0, 1200.0, 1200.0, 1200.0]
validation class_correct [301.0, 251.0, 326.0, 277.0, 171.0, 310.0]
validation confusion_matrix [[301, 175, 185, 214, 99, 226], [210, 251, 198, 200, 115, 226], [148, 178, 326, 217, 122, 209], [190, 162, 226, 277, 129, 216], [199, 176, 222, 223, 171, 209], [219, 170, 196, 202, 103, 310]]
test accuracy :  0.172083333333
class_total [400.0, 400.0, 400.0, 400.0, 400.0, 400.0]
class_correct [76.0, 60.0, 77.0, 71.0, 50.0, 79.0]
confusion_matrix [[76, 66, 65, 81, 36, 76], [72, 60, 84, 81, 36, 67], [48, 62, 77, 67, 46, 100], [65, 60, 82, 71, 38, 84], [62, 53, 81, 78, 50, 76], [81, 69, 67, 68, 36, 79]]
traning started for  2 epoch
epoch 2 loss: 1.85511004925
validation accuracy :  0.266666666667
validation class_total [1200.0, 1200.0, 1200.0, 1200.0, 1200.0, 1200.0]
validation class_correct [358.0, 322.0, 435.0, 295.0, 255.0, 255.0]
validation confusion_matrix [[358, 163, 170, 189, 145, 175], [218, 322, 203, 133, 155, 169], [122, 155, 435, 176, 175, 137], [207, 135, 238, 295, 179, 146], [180, 140, 276, 185, 255, 164], [213, 204, 188, 184, 156, 255]]
test accuracy :  0.195833333333
class_total [400.0, 400.0, 400.0, 400.0, 400.0, 400.0]
class_correct [97.0, 55.0, 94.0, 74.0, 74.0, 76.0]
confusion_matrix [[97, 69, 60, 54, 52, 68], [54, 55, 106, 61, 69, 55], [49, 54, 94, 73, 74, 56], [63, 38, 87, 74, 72, 66], [65, 39, 98, 67, 74, 57], [96, 45, 69, 62, 52, 76]]
traning started for  3 epoch
epoch 3 loss: 1.61002635956
validation accuracy :  0.32
validation class_total [1200.0, 1200.0, 1200.0, 1200.0, 1200.0, 1200.0]
validation class_correct [512.0, 467.0, 488.0, 361.0, 235.0, 241.0]
validation confusion_matrix [[512, 130, 120, 190, 112, 136], [208, 467, 174, 99, 83, 169], [138, 141, 488, 161, 156, 116], [263, 103, 195, 361, 127, 151], [223, 136, 268, 192, 235, 146], [254, 198, 204, 181, 122, 241]]
test accuracy :  0.2
class_total [400.0, 400.0, 400.0, 400.0, 400.0, 400.0]
class_correct [122.0, 47.0, 105.0, 80.0, 66.0, 60.0]
confusion_matrix [[122, 87, 50, 47, 41, 53], [61, 47, 109, 69, 63, 51], [78, 55, 105, 55, 48, 59], [73, 37, 94, 80, 54, 62], [77, 36, 98, 79, 66, 44], [104, 51, 70, 78, 37, 60]]
traning started for  4 epoch
epoch 4 loss: 1.77127289772
validation accuracy :  0.441944444444
validation class_total [1200.0, 1200.0, 1200.0, 1200.0, 1200.0, 1200.0]
validation class_correct [651.0, 944.0, 531.0, 569.0, 218.0, 269.0]
validation confusion_matrix [[651, 59, 37, 292, 80, 81], [29, 944, 138, 12, 34, 43], [37, 321, 531, 90, 116, 105], [311, 56, 109, 569, 92, 63], [254, 128, 205, 278, 218, 117], [179, 347, 168, 125, 112, 269]]
test accuracy :  0.189583333333
class_total [400.0, 400.0, 400.0, 400.0, 400.0, 400.0]
class_correct [84.0, 23.0, 115.0, 117.0, 62.0, 54.0]
confusion_matrix [[84, 135, 35, 54, 27, 65], [85, 23, 71, 103, 66, 52], [37, 112, 115, 33, 53, 50], [74, 45, 53, 117, 61, 50], [80, 26, 80, 101, 62, 51], [138, 13, 22, 119, 54, 54]]
traning started for  5 epoch
epoch 5 loss: 1.4463467598
validation accuracy :  0.560972222222
validation class_total [1200.0, 1200.0, 1200.0, 1200.0, 1200.0, 1200.0]
validation class_correct [729.0, 1018.0, 813.0, 626.0, 439.0, 414.0]
validation confusion_matrix [[729, 11, 9, 332, 76, 43], [1, 1018, 157, 1, 5, 18], [2, 318, 813, 3, 29, 35], [405, 1, 14, 626, 121, 33], [163, 51, 151, 160, 439, 236], [66, 227, 240, 40, 213, 414]]
test accuracy :  0.244166666667
class_total [400.0, 400.0, 400.0, 400.0, 400.0, 400.0]
class_correct [99.0, 8.0, 164.0, 110.0, 139.0, 66.0]
confusion_matrix [[99, 34, 27, 43, 94, 103], [45, 8, 65, 87, 134, 61], [0, 172, 164, 0, 20, 44], [83, 13, 31, 110, 100, 63], [28, 6, 100, 41, 139, 86], [81, 5, 34, 109, 105, 66]]
traning started for  6 epoch
epoch 6 loss: 1.03835833073
validation accuracy :  0.667916666667
validation class_total [1200.0, 1200.0, 1200.0, 1200.0, 1200.0, 1200.0]
validation class_correct [684.0, 1086.0, 978.0, 795.0, 647.0, 619.0]
validation confusion_matrix [[684, 1, 2, 380, 77, 56], [0, 1086, 90, 0, 1, 23], [1, 181, 978, 0, 12, 28], [300, 0, 2, 795, 92, 11], [54, 14, 81, 91, 647, 313], [27, 83, 151, 27, 293, 619]]
test accuracy :  0.27875
class_total [400.0, 400.0, 400.0, 400.0, 400.0, 400.0]
class_correct [94.0, 0.0, 165.0, 119.0, 211.0, 80.0]
confusion_matrix [[94, 6, 5, 66, 128, 101], [20, 0, 33, 75, 208, 64], [0, 135, 165, 0, 26, 74], [61, 5, 15, 119, 140, 60], [0, 0, 53, 15, 211, 121], [34, 0, 24, 64, 198, 80]]
traning started for  7 epoch
epoch 7 loss: 1.33901500702
validation accuracy :  0.750416666667
validation class_total [1200.0, 1200.0, 1200.0, 1200.0, 1200.0, 1200.0]
validation class_correct [815.0, 1104.0, 1117.0, 897.0, 710.0, 760.0]
validation confusion_matrix [[815, 1, 0, 313, 41, 30], [0, 1104, 81, 0, 0, 15], [0, 56, 1117, 0, 6, 21], [239, 0, 0, 897, 59, 5], [45, 7, 45, 54, 710, 339], [13, 45, 89, 4, 289, 760]]
test accuracy :  0.276666666667
class_total [400.0, 400.0, 400.0, 400.0, 400.0, 400.0]
class_correct [103.0, 0.0, 169.0, 105.0, 219.0, 68.0]
confusion_matrix [[103, 4, 4, 33, 137, 119], [18, 0, 24, 59, 241, 58], [0, 92, 169, 0, 36, 103], [44, 4, 5, 105, 165, 77], [2, 0, 48, 3, 219, 128], [30, 0, 10, 80, 212, 68]]
traning started for  8 epoch
epoch 8 loss: 1.56095981598
validation accuracy :  0.844444444444
validation class_total [1200.0, 1200.0, 1200.0, 1200.0, 1200.0, 1200.0]
validation class_correct [962.0, 1129.0, 1177.0, 1083.0, 927.0, 802.0]
validation confusion_matrix [[962, 0, 0, 199, 30, 9], [0, 1129, 45, 0, 1, 25], [0, 13, 1177, 0, 5, 5], [85, 0, 0, 1083, 31, 1], [26, 2, 19, 42, 927, 184], [9, 18, 58, 7, 306, 802]]
test accuracy :  0.253333333333
class_total [400.0, 400.0, 400.0, 400.0, 400.0, 400.0]
class_correct [128.0, 0.0, 117.0, 110.0, 230.0, 23.0]
confusion_matrix [[128, 4, 3, 52, 127, 86], [1, 0, 26, 50, 280, 43], [0, 60, 117, 1, 56, 166], [20, 2, 1, 110, 221, 46], [1, 0, 55, 2, 230, 112], [1, 0, 8, 57, 311, 23]]
traning started for  9 epoch
epoch 9 loss: 1.15667867661
validation accuracy :  0.895972222222
validation class_total [1200.0, 1200.0, 1200.0, 1200.0, 1200.0, 1200.0]
validation class_correct [1046.0, 1163.0, 1187.0, 1142.0, 1055.0, 858.0]
validation confusion_matrix [[1046, 0, 0, 123, 25, 6], [0, 1163, 20, 0, 1, 16], [0, 6, 1187, 0, 3, 4], [19, 0, 0, 1142, 39, 0], [5, 0, 10, 39, 1055, 91], [0, 40, 20, 4, 278, 858]]
test accuracy :  0.226666666667
class_total [400.0, 400.0, 400.0, 400.0, 400.0, 400.0]
class_correct [71.0, 0.0, 125.0, 108.0, 234.0, 6.0]
confusion_matrix [[71, 4, 4, 51, 189, 81], [0, 0, 11, 40, 317, 32], [0, 82, 125, 0, 47, 146], [2, 1, 4, 108, 254, 31], [0, 1, 50, 0, 234, 115], [2, 0, 3, 51, 338, 6]]
traning started for  10 epoch
epoch 10 loss: 1.52403402328
validation accuracy :  0.939305555556
validation class_total [1200.0, 1200.0, 1200.0, 1200.0, 1200.0, 1200.0]
validation class_correct [1158.0, 1170.0, 1190.0, 1143.0, 1086.0, 1016.0]
validation confusion_matrix [[1158, 0, 0, 28, 9, 5], [0, 1170, 3, 0, 1, 26], [0, 6, 1190, 0, 2, 2], [25, 0, 0, 1143, 32, 0], [9, 0, 8, 21, 1086, 76], [2, 57, 10, 2, 113, 1016]]
test accuracy :  0.2
class_total [400.0, 400.0, 400.0, 400.0, 400.0, 400.0]
class_correct [84.0, 1.0, 103.0, 57.0, 233.0, 2.0]
confusion_matrix [[84, 7, 3, 43, 170, 93], [1, 1, 5, 22, 334, 37], [0, 117, 103, 1, 35, 144], [9, 2, 3, 57, 277, 52], [1, 2, 33, 1, 233, 130], [0, 0, 1, 28, 369, 2]]
traning started for  11 epoch
epoch 11 loss: 2.10726881027
validation accuracy :  0.949583333333
validation class_total [1200.0, 1200.0, 1200.0, 1200.0, 1200.0, 1200.0]
validation class_correct [1052.0, 1163.0, 1193.0, 1150.0, 1172.0, 1107.0]
validation confusion_matrix [[1052, 0, 0, 83, 47, 18], [0, 1163, 9, 0, 0, 28], [0, 2, 1193, 0, 3, 2], [2, 0, 1, 1150, 47, 0], [0, 0, 1, 3, 1172, 24], [0, 14, 4, 0, 75, 1107]]
test accuracy :  0.177083333333
class_total [400.0, 400.0, 400.0, 400.0, 400.0, 400.0]
class_correct [27.0, 1.0, 161.0, 36.0, 199.0, 1.0]
confusion_matrix [[27, 4, 6, 29, 215, 119], [1, 1, 7, 7, 341, 43], [0, 65, 161, 0, 40, 134], [2, 1, 5, 36, 297, 59], [0, 1, 54, 0, 199, 146], [0, 0, 2, 18, 379, 1]]
traning started for  12 epoch
epoch 12 loss: 1.04991340637
validation accuracy :  0.939166666667
validation class_total [1200.0, 1200.0, 1200.0, 1200.0, 1200.0, 1200.0]
validation class_correct [997.0, 1159.0, 1196.0, 1157.0, 1195.0, 1058.0]
validation confusion_matrix [[997, 0, 0, 110, 78, 15], [0, 1159, 14, 0, 2, 25], [0, 1, 1196, 0, 3, 0], [1, 0, 1, 1157, 41, 0], [0, 0, 0, 1, 1195, 4], [0, 6, 3, 0, 133, 1058]]
test accuracy :  0.229166666667
class_total [400.0, 400.0, 400.0, 400.0, 400.0, 400.0]
class_correct [41.0, 1.0, 210.0, 28.0, 269.0, 1.0]
confusion_matrix [[41, 2, 8, 58, 232, 59], [0, 1, 10, 7, 355, 27], [0, 40, 210, 0, 60, 90], [4, 0, 2, 28, 325, 41], [0, 0, 51, 0, 269, 80], [0, 0, 1, 12, 386, 1]]
traning started for  13 epoch
epoch 13 loss: 0.0636191368103
validation accuracy :  0.982916666667
validation class_total [1200.0, 1200.0, 1200.0, 1200.0, 1200.0, 1200.0]
validation class_correct [1167.0, 1188.0, 1199.0, 1180.0, 1181.0, 1162.0]
validation confusion_matrix [[1167, 0, 0, 16, 9, 8], [0, 1188, 8, 0, 0, 4], [0, 1, 1199, 0, 0, 0], [0, 0, 1, 1180, 19, 0], [0, 0, 9, 0, 1181, 10], [1, 14, 3, 0, 20, 1162]]
test accuracy :  0.22125
class_total [400.0, 400.0, 400.0, 400.0, 400.0, 400.0]
class_correct [55.0, 1.0, 247.0, 19.0, 207.0, 2.0]
confusion_matrix [[55, 8, 11, 49, 161, 116], [2, 1, 29, 8, 306, 54], [0, 59, 247, 0, 30, 64], [4, 1, 7, 19, 273, 96], [0, 2, 86, 0, 207, 105], [0, 0, 2, 16, 380, 2]]
traning started for  14 epoch
epoch 14 loss: 0.229050159454
validation accuracy :  0.987083333333
validation class_total [1200.0, 1200.0, 1200.0, 1200.0, 1200.0, 1200.0]
validation class_correct [1184.0, 1183.0, 1191.0, 1191.0, 1196.0, 1162.0]
validation confusion_matrix [[1184, 0, 0, 13, 2, 1], [0, 1183, 3, 0, 0, 14], [0, 4, 1191, 0, 4, 1], [3, 0, 0, 1191, 6, 0], [1, 0, 0, 2, 1196, 1], [2, 2, 1, 0, 33, 1162]]
test accuracy :  0.253333333333
class_total [400.0, 400.0, 400.0, 400.0, 400.0, 400.0]
class_correct [100.0, 1.0, 187.0, 38.0, 282.0, 0.0]
confusion_matrix [[100, 5, 4, 52, 133, 106], [3, 1, 8, 10, 321, 57], [0, 55, 187, 0, 65, 93], [4, 0, 2, 38, 297, 59], [0, 0, 35, 0, 282, 83], [1, 0, 1, 35, 363, 0]]
traning started for  15 epoch
epoch 15 loss: 0.579753160477
validation accuracy :  0.993333333333
validation class_total [1200.0, 1200.0, 1200.0, 1200.0, 1200.0, 1200.0]
validation class_correct [1193.0, 1186.0, 1196.0, 1197.0, 1196.0, 1184.0]
validation confusion_matrix [[1193, 0, 0, 5, 0, 2], [0, 1186, 2, 0, 0, 12], [0, 1, 1196, 0, 3, 0], [0, 0, 0, 1197, 3, 0], [1, 0, 0, 2, 1196, 1], [3, 0, 1, 0, 12, 1184]]
test accuracy :  0.279166666667
class_total [400.0, 400.0, 400.0, 400.0, 400.0, 400.0]
class_correct [127.0, 1.0, 227.0, 53.0, 262.0, 0.0]
confusion_matrix [[127, 3, 2, 60, 101, 107], [9, 1, 9, 20, 290, 71], [0, 34, 227, 0, 58, 81], [7, 0, 2, 53, 272, 66], [0, 1, 53, 0, 262, 84], [0, 0, 1, 49, 350, 0]]
traning started for  16 epoch
epoch 16 loss: 0.0157122612
validation accuracy :  0.995694444444
validation class_total [1200.0, 1200.0, 1200.0, 1200.0, 1200.0, 1200.0]
validation class_correct [1193.0, 1194.0, 1195.0, 1195.0, 1197.0, 1195.0]
validation confusion_matrix [[1193, 0, 0, 4, 1, 2], [0, 1194, 1, 0, 0, 5], [0, 1, 1195, 0, 3, 1], [0, 0, 1, 1195, 4, 0], [0, 0, 0, 1, 1197, 2], [1, 0, 0, 0, 4, 1195]]
test accuracy :  0.214583333333
class_total [400.0, 400.0, 400.0, 400.0, 400.0, 400.0]
class_correct [102.0, 0.0, 137.0, 43.0, 231.0, 2.0]
confusion_matrix [[102, 11, 0, 44, 67, 176], [1, 0, 4, 14, 313, 68], [0, 70, 137, 0, 57, 136], [4, 0, 1, 43, 258, 94], [0, 1, 33, 2, 231, 133], [2, 0, 1, 38, 357, 2]]
traning started for  17 epoch
epoch 17 loss: 0.150135993958
validation accuracy :  0.993472222222
validation class_total [1200.0, 1200.0, 1200.0, 1200.0, 1200.0, 1200.0]
validation class_correct [1179.0, 1191.0, 1196.0, 1195.0, 1200.0, 1192.0]
validation confusion_matrix [[1179, 0, 0, 18, 3, 0], [0, 1191, 5, 0, 0, 4], [0, 0, 1196, 0, 4, 0], [0, 0, 1, 1195, 4, 0], [0, 0, 0, 0, 1200, 0], [1, 0, 0, 0, 7, 1192]]
test accuracy :  0.215416666667
class_total [400.0, 400.0, 400.0, 400.0, 400.0, 400.0]
class_correct [60.0, 0.0, 169.0, 33.0, 253.0, 2.0]
confusion_matrix [[60, 3, 4, 67, 158, 108], [1, 0, 8, 16, 331, 44], [0, 52, 169, 0, 57, 122], [4, 0, 3, 33, 263, 97], [1, 0, 50, 0, 253, 96], [0, 0, 1, 50, 347, 2]]
traning started for  18 epoch
epoch 18 loss: 0.198379039764
validation accuracy :  0.957083333333
validation class_total [1200.0, 1200.0, 1200.0, 1200.0, 1200.0, 1200.0]
validation class_correct [1179.0, 1083.0, 1121.0, 1200.0, 1146.0, 1162.0]
validation confusion_matrix [[1179, 0, 0, 21, 0, 0], [4, 1083, 2, 1, 1, 109], [0, 1, 1121, 1, 74, 3], [0, 0, 0, 1200, 0, 0], [0, 0, 0, 54, 1146, 0], [15, 0, 0, 0, 23, 1162]]
test accuracy :  0.254166666667
class_total [400.0, 400.0, 400.0, 400.0, 400.0, 400.0]
class_correct [151.0, 0.0, 57.0, 85.0, 315.0, 2.0]
confusion_matrix [[151, 0, 0, 138, 50, 61], [8, 0, 1, 52, 306, 33], [0, 17, 57, 0, 162, 164], [10, 0, 1, 85, 245, 59], [3, 0, 11, 3, 315, 68], [0, 0, 1, 110, 287, 2]]
traning started for  19 epoch
epoch 19 loss: 0.0102300643921
validation accuracy :  0.995
validation class_total [1200.0, 1200.0, 1200.0, 1200.0, 1200.0, 1200.0]
validation class_correct [1191.0, 1194.0, 1196.0, 1198.0, 1200.0, 1185.0]
validation confusion_matrix [[1191, 0, 0, 6, 2, 1], [0, 1194, 4, 0, 0, 2], [0, 1, 1196, 0, 3, 0], [1, 0, 0, 1198, 1, 0], [0, 0, 0, 0, 1200, 0], [2, 0, 0, 0, 13, 1185]]
test accuracy :  0.270833333333
class_total [400.0, 400.0, 400.0, 400.0, 400.0, 400.0]
class_correct [173.0, 0.0, 115.0, 56.0, 306.0, 0.0]
confusion_matrix [[173, 12, 6, 61, 61, 87], [7, 0, 6, 24, 318, 45], [0, 56, 115, 0, 79, 150], [11, 0, 2, 56, 245, 86], [1, 1, 29, 1, 306, 62], [0, 0, 1, 42, 357, 0]]
traning started for  20 epoch
epoch 20 loss: 0.0619311332703
validation accuracy :  0.999722222222
validation class_total [1200.0, 1200.0, 1200.0, 1200.0, 1200.0, 1200.0]
validation class_correct [1200.0, 1199.0, 1200.0, 1200.0, 1199.0, 1200.0]
validation confusion_matrix [[1200, 0, 0, 0, 0, 0], [0, 1199, 0, 0, 0, 1], [0, 0, 1200, 0, 0, 0], [0, 0, 0, 1200, 0, 0], [0, 0, 0, 1, 1199, 0], [0, 0, 0, 0, 0, 1200]]
test accuracy :  0.26
class_total [400.0, 400.0, 400.0, 400.0, 400.0, 400.0]
class_correct [171.0, 1.0, 164.0, 42.0, 242.0, 4.0]
confusion_matrix [[171, 11, 0, 49, 31, 138], [4, 1, 5, 16, 288, 86], [0, 71, 164, 0, 42, 123], [5, 0, 2, 42, 241, 110], [2, 0, 49, 1, 242, 106], [0, 0, 1, 43, 352, 4]]
traning started for  21 epoch
epoch 21 loss: 0.0809307098389
validation accuracy :  0.999583333333
validation class_total [1200.0, 1200.0, 1200.0, 1200.0, 1200.0, 1200.0]
validation class_correct [1199.0, 1200.0, 1199.0, 1199.0, 1200.0, 1200.0]
validation confusion_matrix [[1199, 0, 0, 1, 0, 0], [0, 1200, 0, 0, 0, 0], [0, 0, 1199, 0, 1, 0], [1, 0, 0, 1199, 0, 0], [0, 0, 0, 0, 1200, 0], [0, 0, 0, 0, 0, 1200]]
test accuracy :  0.255416666667
class_total [400.0, 400.0, 400.0, 400.0, 400.0, 400.0]
class_correct [133.0, 0.0, 154.0, 48.0, 276.0, 2.0]
confusion_matrix [[133, 9, 0, 51, 50, 157], [3, 0, 6, 19, 308, 64], [0, 53, 154, 0, 85, 108], [6, 0, 1, 48, 262, 83], [0, 0, 39, 1, 276, 84], [0, 0, 1, 45, 352, 2]]
traning started for  22 epoch
epoch 22 loss: 0.0391941070557
validation accuracy :  0.999861111111
validation class_total [1200.0, 1200.0, 1200.0, 1200.0, 1200.0, 1200.0]
validation class_correct [1200.0, 1200.0, 1200.0, 1200.0, 1199.0, 1200.0]
validation confusion_matrix [[1200, 0, 0, 0, 0, 0], [0, 1200, 0, 0, 0, 0], [0, 0, 1200, 0, 0, 0], [0, 0, 0, 1200, 0, 0], [0, 0, 0, 1, 1199, 0], [0, 0, 0, 0, 0, 1200]]
test accuracy :  0.252083333333
class_total [400.0, 400.0, 400.0, 400.0, 400.0, 400.0]
class_correct [168.0, 0.0, 134.0, 47.0, 255.0, 1.0]
confusion_matrix [[168, 8, 0, 63, 45, 116], [5, 0, 6, 23, 290, 76], [0, 74, 134, 0, 50, 142], [5, 0, 2, 47, 241, 105], [0, 0, 41, 0, 255, 104], [0, 0, 1, 44, 354, 1]]
traning started for  23 epoch
epoch 23 loss: 0.0113477706909
validation accuracy :  0.999166666667
validation class_total [1200.0, 1200.0, 1200.0, 1200.0, 1200.0, 1200.0]
validation class_correct [1197.0, 1198.0, 1199.0, 1200.0, 1200.0, 1200.0]
validation confusion_matrix [[1197, 0, 0, 2, 0, 1], [1, 1198, 0, 0, 0, 1], [0, 0, 1199, 0, 0, 1], [0, 0, 0, 1200, 0, 0], [0, 0, 0, 0, 1200, 0], [0, 0, 0, 0, 0, 1200]]
test accuracy :  0.244166666667
class_total [400.0, 400.0, 400.0, 400.0, 400.0, 400.0]
class_correct [168.0, 0.0, 108.0, 54.0, 253.0, 3.0]
confusion_matrix [[168, 8, 0, 68, 40, 116], [4, 0, 6, 27, 288, 75], [0, 60, 108, 0, 54, 178], [10, 0, 1, 54, 231, 104], [2, 0, 32, 1, 253, 112], [0, 0, 1, 31, 365, 3]]
traning started for  24 epoch
epoch 24 loss: 0.00199699401855
validation accuracy :  0.999305555556
validation class_total [1200.0, 1200.0, 1200.0, 1200.0, 1200.0, 1200.0]
validation class_correct [1200.0, 1200.0, 1199.0, 1200.0, 1197.0, 1199.0]
validation confusion_matrix [[1200, 0, 0, 0, 0, 0], [0, 1200, 0, 0, 0, 0], [0, 0, 1199, 0, 1, 0], [0, 0, 0, 1200, 0, 0], [1, 0, 0, 1, 1197, 1], [0, 0, 1, 0, 0, 1199]]
test accuracy :  0.255833333333
class_total [400.0, 400.0, 400.0, 400.0, 400.0, 400.0]
class_correct [200.0, 0.0, 103.0, 58.0, 247.0, 6.0]
confusion_matrix [[200, 10, 1, 61, 28, 100], [8, 0, 4, 28, 288, 72], [0, 75, 103, 0, 55, 167], [9, 0, 2, 58, 227, 104], [1, 1, 33, 1, 247, 117], [0, 0, 1, 49, 344, 6]]
traning started for  25 epoch
epoch 25 loss: 0.000788688659668
validation accuracy :  0.999722222222
validation class_total [1200.0, 1200.0, 1200.0, 1200.0, 1200.0, 1200.0]
validation class_correct [1200.0, 1198.0, 1200.0, 1200.0, 1200.0, 1200.0]
validation confusion_matrix [[1200, 0, 0, 0, 0, 0], [0, 1198, 0, 0, 0, 2], [0, 0, 1200, 0, 0, 0], [0, 0, 0, 1200, 0, 0], [0, 0, 0, 0, 1200, 0], [0, 0, 0, 0, 0, 1200]]
test accuracy :  0.244166666667
class_total [400.0, 400.0, 400.0, 400.0, 400.0, 400.0]
class_correct [222.0, 0.0, 90.0, 58.0, 212.0, 4.0]
confusion_matrix [[222, 6, 0, 69, 19, 84], [13, 0, 6, 24, 266, 91], [0, 55, 90, 0, 62, 193], [11, 0, 1, 58, 216, 114], [2, 0, 37, 0, 212, 149], [1, 0, 1, 56, 338, 4]]
traning started for  26 epoch
epoch 26 loss: 0.000465393066406
validation accuracy :  0.999583333333
validation class_total [1200.0, 1200.0, 1200.0, 1200.0, 1200.0, 1200.0]
validation class_correct [1199.0, 1199.0, 1200.0, 1200.0, 1200.0, 1199.0]
validation confusion_matrix [[1199, 0, 0, 1, 0, 0], [0, 1199, 0, 0, 0, 1], [0, 0, 1200, 0, 0, 0], [0, 0, 0, 1200, 0, 0], [0, 0, 0, 0, 1200, 0], [1, 0, 0, 0, 0, 1199]]
test accuracy :  0.224166666667
class_total [400.0, 400.0, 400.0, 400.0, 400.0, 400.0]
class_correct [155.0, 0.0, 134.0, 46.0, 200.0, 3.0]
confusion_matrix [[155, 9, 5, 58, 49, 124], [7, 0, 8, 18, 270, 97], [0, 98, 134, 0, 34, 134], [10, 0, 2, 46, 225, 117], [0, 0, 68, 0, 200, 132], [0, 0, 2, 39, 356, 3]]
traning started for  27 epoch
epoch 27 loss: 0.00190925598145
validation accuracy :  0.998888888889
validation class_total [1200.0, 1200.0, 1200.0, 1200.0, 1200.0, 1200.0]
validation class_correct [1195.0, 1199.0, 1199.0, 1200.0, 1200.0, 1199.0]
validation confusion_matrix [[1195, 0, 0, 5, 0, 0], [0, 1199, 0, 0, 0, 1], [0, 0, 1199, 0, 1, 0], [0, 0, 0, 1200, 0, 0], [0, 0, 0, 0, 1200, 0], [0, 0, 0, 0, 1, 1199]]
test accuracy :  0.205
class_total [400.0, 400.0, 400.0, 400.0, 400.0, 400.0]
class_correct [113.0, 0.0, 164.0, 19.0, 194.0, 2.0]
confusion_matrix [[113, 4, 0, 77, 87, 119], [2, 0, 10, 14, 301, 73], [0, 97, 164, 0, 22, 117], [5, 0, 1, 19, 248, 127], [0, 1, 62, 1, 194, 142], [0, 0, 1, 51, 346, 2]]
traning started for  28 epoch
epoch 28 loss: 0.0121326446533
validation accuracy :  0.999305555556
validation class_total [1200.0, 1200.0, 1200.0, 1200.0, 1200.0, 1200.0]
validation class_correct [1197.0, 1200.0, 1200.0, 1200.0, 1200.0, 1198.0]
validation confusion_matrix [[1197, 0, 0, 3, 0, 0], [0, 1200, 0, 0, 0, 0], [0, 0, 1200, 0, 0, 0], [0, 0, 0, 1200, 0, 0], [0, 0, 0, 0, 1200, 0], [1, 0, 0, 0, 1, 1198]]
test accuracy :  0.235416666667
class_total [400.0, 400.0, 400.0, 400.0, 400.0, 400.0]
class_correct [165.0, 0.0, 88.0, 61.0, 248.0, 3.0]
confusion_matrix [[165, 8, 1, 81, 49, 96], [8, 0, 8, 25, 290, 69], [0, 74, 88, 0, 47, 191], [9, 0, 2, 61, 238, 90], [1, 0, 28, 0, 248, 123], [2, 0, 1, 60, 334, 3]]
traning started for  29 epoch
epoch 29 loss: 0.00300407409668
validation accuracy :  0.999444444444
validation class_total [1200.0, 1200.0, 1200.0, 1200.0, 1200.0, 1200.0]
validation class_correct [1199.0, 1200.0, 1200.0, 1199.0, 1198.0, 1200.0]
validation confusion_matrix [[1199, 0, 0, 1, 0, 0], [0, 1200, 0, 0, 0, 0], [0, 0, 1200, 0, 0, 0], [1, 0, 0, 1199, 0, 0], [0, 0, 0, 0, 1198, 2], [0, 0, 0, 0, 0, 1200]]
test accuracy :  0.2325
class_total [400.0, 400.0, 400.0, 400.0, 400.0, 400.0]
class_correct [188.0, 0.0, 108.0, 40.0, 216.0, 6.0]
confusion_matrix [[188, 12, 2, 52, 29, 117], [5, 0, 5, 14, 272, 104], [0, 83, 108, 0, 48, 161], [10, 0, 2, 40, 221, 127], [1, 1, 39, 0, 216, 143], [3, 0, 1, 39, 351, 6]]
traning started for  30 epoch
epoch 30 loss: 0.00988483428955
validation accuracy :  1.0
validation class_total [1200.0, 1200.0, 1200.0, 1200.0, 1200.0, 1200.0]
validation class_correct [1200.0, 1200.0, 1200.0, 1200.0, 1200.0, 1200.0]
validation confusion_matrix [[1200, 0, 0, 0, 0, 0], [0, 1200, 0, 0, 0, 0], [0, 0, 1200, 0, 0, 0], [0, 0, 0, 1200, 0, 0], [0, 0, 0, 0, 1200, 0], [0, 0, 0, 0, 0, 1200]]
test accuracy :  0.237083333333
class_total [400.0, 400.0, 400.0, 400.0, 400.0, 400.0]
class_correct [154.0, 0.0, 125.0, 47.0, 242.0, 1.0]
confusion_matrix [[154, 6, 3, 81, 48, 108], [3, 0, 5, 22, 283, 87], [0, 66, 125, 0, 69, 140], [9, 0, 1, 47, 217, 126], [0, 0, 49, 0, 242, 109], [0, 0, 1, 54, 344, 1]]
traning started for  31 epoch
epoch 31 loss: 0.00104999542236
validation accuracy :  0.999861111111
validation class_total [1200.0, 1200.0, 1200.0, 1200.0, 1200.0, 1200.0]
validation class_correct [1199.0, 1200.0, 1200.0, 1200.0, 1200.0, 1200.0]
validation confusion_matrix [[1199, 0, 0, 1, 0, 0], [0, 1200, 0, 0, 0, 0], [0, 0, 1200, 0, 0, 0], [0, 0, 0, 1200, 0, 0], [0, 0, 0, 0, 1200, 0], [0, 0, 0, 0, 0, 1200]]
test accuracy :  0.2425
class_total [400.0, 400.0, 400.0, 400.0, 400.0, 400.0]
class_correct [186.0, 1.0, 111.0, 58.0, 220.0, 6.0]
confusion_matrix [[186, 10, 0, 80, 26, 98], [4, 1, 4, 28, 287, 76], [0, 75, 111, 0, 59, 155], [5, 0, 1, 58, 229, 107], [1, 1, 37, 0, 220, 141], [1, 0, 1, 48, 344, 6]]
traning started for  32 epoch
epoch 32 loss: 0.0221385955811
validation accuracy :  1.0
validation class_total [1200.0, 1200.0, 1200.0, 1200.0, 1200.0, 1200.0]
validation class_correct [1200.0, 1200.0, 1200.0, 1200.0, 1200.0, 1200.0]
validation confusion_matrix [[1200, 0, 0, 0, 0, 0], [0, 1200, 0, 0, 0, 0], [0, 0, 1200, 0, 0, 0], [0, 0, 0, 1200, 0, 0], [0, 0, 0, 0, 1200, 0], [0, 0, 0, 0, 0, 1200]]
test accuracy :  0.23375
class_total [400.0, 400.0, 400.0, 400.0, 400.0, 400.0]
class_correct [179.0, 0.0, 98.0, 39.0, 243.0, 2.0]
confusion_matrix [[179, 10, 2, 58, 39, 112], [5, 0, 4, 25, 281, 85], [0, 68, 98, 0, 61, 173], [6, 0, 2, 39, 228, 125], [0, 1, 45, 0, 243, 111], [0, 0, 2, 41, 355, 2]]
traning started for  33 epoch
epoch 33 loss: 0.000510215759277
validation accuracy :  1.0
validation class_total [1200.0, 1200.0, 1200.0, 1200.0, 1200.0, 1200.0]
validation class_correct [1200.0, 1200.0, 1200.0, 1200.0, 1200.0, 1200.0]
validation confusion_matrix [[1200, 0, 0, 0, 0, 0], [0, 1200, 0, 0, 0, 0], [0, 0, 1200, 0, 0, 0], [0, 0, 0, 1200, 0, 0], [0, 0, 0, 0, 1200, 0], [0, 0, 0, 0, 0, 1200]]
test accuracy :  0.210833333333
class_total [400.0, 400.0, 400.0, 400.0, 400.0, 400.0]
class_correct [195.0, 0.0, 94.0, 55.0, 160.0, 2.0]
confusion_matrix [[195, 12, 1, 63, 22, 107], [6, 0, 7, 19, 259, 109], [0, 86, 94, 0, 36, 184], [16, 0, 1, 55, 182, 146], [1, 5, 46, 0, 160, 188], [1, 0, 2, 43, 352, 2]]
traning started for  34 epoch
epoch 34 loss: 0.0117769241333
validation accuracy :  1.0
validation class_total [1200.0, 1200.0, 1200.0, 1200.0, 1200.0, 1200.0]
validation class_correct [1200.0, 1200.0, 1200.0, 1200.0, 1200.0, 1200.0]
validation confusion_matrix [[1200, 0, 0, 0, 0, 0], [0, 1200, 0, 0, 0, 0], [0, 0, 1200, 0, 0, 0], [0, 0, 0, 1200, 0, 0], [0, 0, 0, 0, 1200, 0], [0, 0, 0, 0, 0, 1200]]
test accuracy :  0.24125
class_total [400.0, 400.0, 400.0, 400.0, 400.0, 400.0]
class_correct [168.0, 0.0, 142.0, 44.0, 223.0, 2.0]
confusion_matrix [[168, 9, 2, 75, 41, 105], [5, 0, 9, 22, 283, 81], [0, 60, 142, 0, 63, 135], [14, 0, 2, 44, 221, 119], [0, 4, 55, 0, 223, 118], [0, 0, 1, 45, 352, 2]]
traning started for  35 epoch
epoch 35 loss: 0.000468254089355
validation accuracy :  1.0
validation class_total [1200.0, 1200.0, 1200.0, 1200.0, 1200.0, 1200.0]
validation class_correct [1200.0, 1200.0, 1200.0, 1200.0, 1200.0, 1200.0]
validation confusion_matrix [[1200, 0, 0, 0, 0, 0], [0, 1200, 0, 0, 0, 0], [0, 0, 1200, 0, 0, 0], [0, 0, 0, 1200, 0, 0], [0, 0, 0, 0, 1200, 0], [0, 0, 0, 0, 0, 1200]]
test accuracy :  0.235
class_total [400.0, 400.0, 400.0, 400.0, 400.0, 400.0]
class_correct [169.0, 0.0, 105.0, 61.0, 227.0, 2.0]
confusion_matrix [[169, 11, 0, 71, 42, 107], [9, 0, 5, 24, 285, 77], [0, 75, 105, 0, 59, 161], [12, 0, 2, 61, 206, 119], [1, 2, 53, 1, 227, 116], [2, 0, 1, 55, 340, 2]]
traning started for  36 epoch
epoch 36 loss: 0.0258197784424
validation accuracy :  1.0
validation class_total [1200.0, 1200.0, 1200.0, 1200.0, 1200.0, 1200.0]
validation class_correct [1200.0, 1200.0, 1200.0, 1200.0, 1200.0, 1200.0]
validation confusion_matrix [[1200, 0, 0, 0, 0, 0], [0, 1200, 0, 0, 0, 0], [0, 0, 1200, 0, 0, 0], [0, 0, 0, 1200, 0, 0], [0, 0, 0, 0, 1200, 0], [0, 0, 0, 0, 0, 1200]]
test accuracy :  0.255
class_total [400.0, 400.0, 400.0, 400.0, 400.0, 400.0]
class_correct [215.0, 0.0, 125.0, 38.0, 232.0, 2.0]
confusion_matrix [[215, 7, 0, 58, 20, 100], [8, 0, 4, 20, 285, 83], [0, 45, 125, 0, 68, 162], [9, 0, 2, 38, 229, 122], [1, 1, 39, 0, 232, 127], [3, 0, 1, 55, 339, 2]]
traning started for  37 epoch
epoch 37 loss: 0.000228881835938
validation accuracy :  1.0
validation class_total [1200.0, 1200.0, 1200.0, 1200.0, 1200.0, 1200.0]
validation class_correct [1200.0, 1200.0, 1200.0, 1200.0, 1200.0, 1200.0]
validation confusion_matrix [[1200, 0, 0, 0, 0, 0], [0, 1200, 0, 0, 0, 0], [0, 0, 1200, 0, 0, 0], [0, 0, 0, 1200, 0, 0], [0, 0, 0, 0, 1200, 0], [0, 0, 0, 0, 0, 1200]]
test accuracy :  0.220416666667
class_total [400.0, 400.0, 400.0, 400.0, 400.0, 400.0]
class_correct [148.0, 0.0, 126.0, 28.0, 225.0, 2.0]
confusion_matrix [[148, 10, 0, 69, 42, 131], [5, 0, 4, 13, 299, 79], [0, 63, 126, 0, 50, 161], [6, 0, 1, 28, 242, 123], [1, 2, 56, 0, 225, 116], [0, 0, 1, 44, 353, 2]]
traning started for  38 epoch
epoch 38 loss: 0.00208282470703
validation accuracy :  0.999305555556
validation class_total [1200.0, 1200.0, 1200.0, 1200.0, 1200.0, 1200.0]
validation class_correct [1200.0, 1196.0, 1199.0, 1200.0, 1200.0, 1200.0]
validation confusion_matrix [[1200, 0, 0, 0, 0, 0], [0, 1196, 0, 0, 0, 4], [0, 0, 1199, 0, 1, 0], [0, 0, 0, 1200, 0, 0], [0, 0, 0, 0, 1200, 0], [0, 0, 0, 0, 0, 1200]]
test accuracy :  0.218333333333
class_total [400.0, 400.0, 400.0, 400.0, 400.0, 400.0]
class_correct [166.0, 0.0, 91.0, 48.0, 216.0, 3.0]
confusion_matrix [[166, 7, 0, 84, 30, 113], [5, 0, 4, 20, 268, 103], [0, 62, 91, 0, 72, 175], [6, 0, 1, 48, 210, 135], [0, 2, 43, 0, 216, 139], [2, 0, 1, 53, 341, 3]]
traning started for  39 epoch
epoch 39 loss: 0.000805854797363
validation accuracy :  0.999861111111
validation class_total [1200.0, 1200.0, 1200.0, 1200.0, 1200.0, 1200.0]
validation class_correct [1200.0, 1199.0, 1200.0, 1200.0, 1200.0, 1200.0]
validation confusion_matrix [[1200, 0, 0, 0, 0, 0], [0, 1199, 0, 0, 0, 1], [0, 0, 1200, 0, 0, 0], [0, 0, 0, 1200, 0, 0], [0, 0, 0, 0, 1200, 0], [0, 0, 0, 0, 0, 1200]]
test accuracy :  0.214583333333
class_total [400.0, 400.0, 400.0, 400.0, 400.0, 400.0]
class_correct [174.0, 0.0, 106.0, 40.0, 190.0, 5.0]
confusion_matrix [[174, 14, 1, 44, 21, 146], [4, 0, 7, 13, 275, 101], [0, 68, 106, 0, 51, 175], [10, 0, 2, 40, 224, 124], [1, 2, 52, 0, 190, 155], [1, 0, 1, 30, 363, 5]]
traning started for  40 epoch
epoch 40 loss: 0.0169687271118
validation accuracy :  1.0
validation class_total [1200.0, 1200.0, 1200.0, 1200.0, 1200.0, 1200.0]
validation class_correct [1200.0, 1200.0, 1200.0, 1200.0, 1200.0, 1200.0]
validation confusion_matrix [[1200, 0, 0, 0, 0, 0], [0, 1200, 0, 0, 0, 0], [0, 0, 1200, 0, 0, 0], [0, 0, 0, 1200, 0, 0], [0, 0, 0, 0, 1200, 0], [0, 0, 0, 0, 0, 1200]]
test accuracy :  0.263333333333
class_total [400.0, 400.0, 400.0, 400.0, 400.0, 400.0]
class_correct [186.0, 0.0, 133.0, 69.0, 243.0, 1.0]
confusion_matrix [[186, 12, 2, 66, 33, 101], [6, 0, 6, 25, 306, 57], [0, 74, 133, 0, 58, 135], [9, 0, 3, 69, 219, 100], [0, 1, 62, 2, 243, 92], [1, 0, 1, 49, 348, 1]]
traning started for  41 epoch
epoch 41 loss: 0.0019359588623
validation accuracy :  0.999861111111
validation class_total [1200.0, 1200.0, 1200.0, 1200.0, 1200.0, 1200.0]
validation class_correct [1200.0, 1200.0, 1200.0, 1200.0, 1200.0, 1199.0]
validation confusion_matrix [[1200, 0, 0, 0, 0, 0], [0, 1200, 0, 0, 0, 0], [0, 0, 1200, 0, 0, 0], [0, 0, 0, 1200, 0, 0], [0, 0, 0, 0, 1200, 0], [0, 1, 0, 0, 0, 1199]]
test accuracy :  0.24875
class_total [400.0, 400.0, 400.0, 400.0, 400.0, 400.0]
class_correct [177.0, 0.0, 131.0, 49.0, 236.0, 4.0]
confusion_matrix [[177, 11, 1, 66, 40, 105], [4, 0, 5, 16, 298, 77], [0, 86, 131, 0, 47, 136], [6, 0, 2, 49, 234, 109], [1, 2, 47, 1, 236, 113], [2, 0, 1, 37, 356, 4]]
traning started for  42 epoch
epoch 42 loss: 0.000560760498047
validation accuracy :  1.0
validation class_total [1200.0, 1200.0, 1200.0, 1200.0, 1200.0, 1200.0]
validation class_correct [1200.0, 1200.0, 1200.0, 1200.0, 1200.0, 1200.0]
validation confusion_matrix [[1200, 0, 0, 0, 0, 0], [0, 1200, 0, 0, 0, 0], [0, 0, 1200, 0, 0, 0], [0, 0, 0, 1200, 0, 0], [0, 0, 0, 0, 1200, 0], [0, 0, 0, 0, 0, 1200]]
test accuracy :  0.22375
class_total [400.0, 400.0, 400.0, 400.0, 400.0, 400.0]
class_correct [162.0, 0.0, 117.0, 40.0, 215.0, 3.0]
confusion_matrix [[162, 8, 2, 60, 40, 128], [5, 0, 6, 16, 282, 91], [0, 76, 117, 0, 57, 150], [9, 0, 1, 40, 233, 117], [0, 2, 68, 0, 215, 115], [0, 0, 1, 21, 375, 3]]
traning started for  43 epoch
epoch 43 loss: 0.00271320343018
validation accuracy :  0.999861111111
validation class_total [1200.0, 1200.0, 1200.0, 1200.0, 1200.0, 1200.0]
validation class_correct [1200.0, 1200.0, 1199.0, 1200.0, 1200.0, 1200.0]
validation confusion_matrix [[1200, 0, 0, 0, 0, 0], [0, 1200, 0, 0, 0, 0], [0, 0, 1199, 0, 1, 0], [0, 0, 0, 1200, 0, 0], [0, 0, 0, 0, 1200, 0], [0, 0, 0, 0, 0, 1200]]
test accuracy :  0.235833333333
class_total [400.0, 400.0, 400.0, 400.0, 400.0, 400.0]
class_correct [162.0, 0.0, 140.0, 43.0, 220.0, 1.0]
confusion_matrix [[162, 9, 2, 80, 41, 106], [3, 0, 5, 25, 300, 67], [0, 77, 140, 0, 51, 132], [4, 0, 2, 43, 248, 103], [1, 1, 70, 0, 220, 108], [0, 0, 1, 38, 360, 1]]
traning started for  44 epoch
epoch 44 loss: 0.000411987304688
validation accuracy :  1.0
validation class_total [1200.0, 1200.0, 1200.0, 1200.0, 1200.0, 1200.0]
validation class_correct [1200.0, 1200.0, 1200.0, 1200.0, 1200.0, 1200.0]
validation confusion_matrix [[1200, 0, 0, 0, 0, 0], [0, 1200, 0, 0, 0, 0], [0, 0, 1200, 0, 0, 0], [0, 0, 0, 1200, 0, 0], [0, 0, 0, 0, 1200, 0], [0, 0, 0, 0, 0, 1200]]
test accuracy :  0.244166666667
class_total [400.0, 400.0, 400.0, 400.0, 400.0, 400.0]
class_correct [211.0, 0.0, 127.0, 39.0, 204.0, 5.0]
confusion_matrix [[211, 17, 1, 36, 13, 122], [8, 0, 7, 19, 255, 111], [0, 85, 127, 0, 51, 137], [12, 0, 2, 39, 204, 143], [1, 2, 63, 0, 204, 130], [0, 0, 1, 52, 342, 5]]
traning started for  45 epoch
epoch 45 loss: 0.0100059509277
validation accuracy :  0.999722222222
validation class_total [1200.0, 1200.0, 1200.0, 1200.0, 1200.0, 1200.0]
validation class_correct [1200.0, 1200.0, 1198.0, 1200.0, 1200.0, 1200.0]
validation confusion_matrix [[1200, 0, 0, 0, 0, 0], [0, 1200, 0, 0, 0, 0], [0, 0, 1198, 0, 2, 0], [0, 0, 0, 1200, 0, 0], [0, 0, 0, 0, 1200, 0], [0, 0, 0, 0, 0, 1200]]
test accuracy :  0.259583333333
class_total [400.0, 400.0, 400.0, 400.0, 400.0, 400.0]
class_correct [213.0, 0.0, 91.0, 61.0, 256.0, 2.0]
confusion_matrix [[213, 6, 0, 81, 25, 75], [11, 0, 3, 41, 282, 63], [0, 55, 91, 0, 79, 175], [11, 0, 2, 61, 231, 95], [0, 1, 31, 0, 256, 112], [0, 0, 1, 61, 336, 2]]
traning started for  46 epoch
epoch 46 loss: 0.000678062438965
validation accuracy :  1.0
validation class_total [1200.0, 1200.0, 1200.0, 1200.0, 1200.0, 1200.0]
validation class_correct [1200.0, 1200.0, 1200.0, 1200.0, 1200.0, 1200.0]
validation confusion_matrix [[1200, 0, 0, 0, 0, 0], [0, 1200, 0, 0, 0, 0], [0, 0, 1200, 0, 0, 0], [0, 0, 0, 1200, 0, 0], [0, 0, 0, 0, 1200, 0], [0, 0, 0, 0, 0, 1200]]
test accuracy :  0.24375
class_total [400.0, 400.0, 400.0, 400.0, 400.0, 400.0]
class_correct [190.0, 0.0, 119.0, 43.0, 230.0, 3.0]
confusion_matrix [[190, 11, 1, 59, 29, 110], [5, 0, 4, 17, 292, 82], [0, 70, 119, 0, 57, 154], [9, 0, 2, 43, 234, 112], [0, 1, 53, 0, 230, 116], [0, 0, 1, 38, 358, 3]]
traning started for  47 epoch
epoch 47 loss: 0.000947952270508
validation accuracy :  0.999861111111
validation class_total [1200.0, 1200.0, 1200.0, 1200.0, 1200.0, 1200.0]
validation class_correct [1200.0, 1200.0, 1200.0, 1200.0, 1199.0, 1200.0]
validation confusion_matrix [[1200, 0, 0, 0, 0, 0], [0, 1200, 0, 0, 0, 0], [0, 0, 1200, 0, 0, 0], [0, 0, 0, 1200, 0, 0], [0, 0, 0, 1, 1199, 0], [0, 0, 0, 0, 0, 1200]]
test accuracy :  0.235833333333
class_total [400.0, 400.0, 400.0, 400.0, 400.0, 400.0]
class_correct [175.0, 0.0, 129.0, 42.0, 218.0, 2.0]
confusion_matrix [[175, 9, 1, 56, 29, 130], [5, 0, 7, 17, 282, 89], [0, 76, 129, 0, 55, 140], [10, 0, 2, 42, 222, 124], [2, 1, 58, 0, 218, 121], [0, 0, 1, 38, 359, 2]]
traning started for  48 epoch
epoch 48 loss: 0.000703811645508
validation accuracy :  1.0
validation class_total [1200.0, 1200.0, 1200.0, 1200.0, 1200.0, 1200.0]
validation class_correct [1200.0, 1200.0, 1200.0, 1200.0, 1200.0, 1200.0]
validation confusion_matrix [[1200, 0, 0, 0, 0, 0], [0, 1200, 0, 0, 0, 0], [0, 0, 1200, 0, 0, 0], [0, 0, 0, 1200, 0, 0], [0, 0, 0, 0, 1200, 0], [0, 0, 0, 0, 0, 1200]]
test accuracy :  0.21875
class_total [400.0, 400.0, 400.0, 400.0, 400.0, 400.0]
class_correct [122.0, 0.0, 155.0, 23.0, 222.0, 3.0]
confusion_matrix [[122, 10, 0, 51, 74, 143], [3, 0, 5, 9, 308, 75], [0, 64, 155, 0, 47, 134], [4, 0, 2, 23, 241, 130], [1, 2, 68, 0, 222, 107], [0, 0, 1, 31, 365, 3]]
traning started for  49 epoch
epoch 49 loss: 0.0226607322693
validation accuracy :  1.0
validation class_total [1200.0, 1200.0, 1200.0, 1200.0, 1200.0, 1200.0]
validation class_correct [1200.0, 1200.0, 1200.0, 1200.0, 1200.0, 1200.0]
validation confusion_matrix [[1200, 0, 0, 0, 0, 0], [0, 1200, 0, 0, 0, 0], [0, 0, 1200, 0, 0, 0], [0, 0, 0, 1200, 0, 0], [0, 0, 0, 0, 1200, 0], [0, 0, 0, 0, 0, 1200]]
test accuracy :  0.245
class_total [400.0, 400.0, 400.0, 400.0, 400.0, 400.0]
class_correct [193.0, 1.0, 147.0, 34.0, 211.0, 2.0]
confusion_matrix [[193, 14, 2, 48, 24, 119], [5, 1, 11, 13, 282, 88], [0, 71, 147, 0, 55, 127], [8, 0, 2, 34, 233, 123], [1, 1, 71, 0, 211, 116], [0, 0, 1, 34, 363, 2]]
traning started for  50 epoch
epoch 50 loss: 1.43051147461e-05
validation accuracy :  1.0
validation class_total [1200.0, 1200.0, 1200.0, 1200.0, 1200.0, 1200.0]
validation class_correct [1200.0, 1200.0, 1200.0, 1200.0, 1200.0, 1200.0]
validation confusion_matrix [[1200, 0, 0, 0, 0, 0], [0, 1200, 0, 0, 0, 0], [0, 0, 1200, 0, 0, 0], [0, 0, 0, 1200, 0, 0], [0, 0, 0, 0, 1200, 0], [0, 0, 0, 0, 0, 1200]]
test accuracy :  0.24875
class_total [400.0, 400.0, 400.0, 400.0, 400.0, 400.0]
class_correct [181.0, 0.0, 146.0, 43.0, 226.0, 1.0]
confusion_matrix [[181, 11, 1, 59, 31, 117], [3, 0, 7, 20, 287, 83], [0, 69, 146, 0, 56, 129], [9, 0, 1, 43, 246, 101], [2, 1, 62, 0, 226, 109], [1, 0, 1, 29, 368, 1]]
traning started for  51 epoch
epoch 51 loss: 0.000292778015137
validation accuracy :  1.0
validation class_total [1200.0, 1200.0, 1200.0, 1200.0, 1200.0, 1200.0]
validation class_correct [1200.0, 1200.0, 1200.0, 1200.0, 1200.0, 1200.0]
validation confusion_matrix [[1200, 0, 0, 0, 0, 0], [0, 1200, 0, 0, 0, 0], [0, 0, 1200, 0, 0, 0], [0, 0, 0, 1200, 0, 0], [0, 0, 0, 0, 1200, 0], [0, 0, 0, 0, 0, 1200]]
test accuracy :  0.239166666667
class_total [400.0, 400.0, 400.0, 400.0, 400.0, 400.0]
class_correct [160.0, 0.0, 148.0, 40.0, 223.0, 3.0]
confusion_matrix [[160, 11, 1, 76, 45, 107], [5, 0, 9, 17, 288, 81], [0, 78, 148, 0, 49, 125], [4, 0, 1, 40, 247, 108], [1, 1, 67, 0, 223, 108], [0, 0, 1, 28, 368, 3]]
traning started for  52 epoch
epoch 52 loss: 0.00487899780273
validation accuracy :  1.0
validation class_total [1200.0, 1200.0, 1200.0, 1200.0, 1200.0, 1200.0]
validation class_correct [1200.0, 1200.0, 1200.0, 1200.0, 1200.0, 1200.0]
validation confusion_matrix [[1200, 0, 0, 0, 0, 0], [0, 1200, 0, 0, 0, 0], [0, 0, 1200, 0, 0, 0], [0, 0, 0, 1200, 0, 0], [0, 0, 0, 0, 1200, 0], [0, 0, 0, 0, 0, 1200]]
test accuracy :  0.233333333333
class_total [400.0, 400.0, 400.0, 400.0, 400.0, 400.0]
class_correct [182.0, 0.0, 122.0, 41.0, 212.0, 3.0]
confusion_matrix [[182, 13, 1, 61, 42, 101], [5, 0, 6, 23, 281, 85], [0, 88, 122, 0, 50, 140], [5, 0, 1, 41, 237, 116], [0, 2, 60, 0, 212, 126], [0, 0, 1, 39, 357, 3]]
traning started for  53 epoch
epoch 53 loss: 0.000269889831543
validation accuracy :  1.0
validation class_total [1200.0, 1200.0, 1200.0, 1200.0, 1200.0, 1200.0]
validation class_correct [1200.0, 1200.0, 1200.0, 1200.0, 1200.0, 1200.0]
validation confusion_matrix [[1200, 0, 0, 0, 0, 0], [0, 1200, 0, 0, 0, 0], [0, 0, 1200, 0, 0, 0], [0, 0, 0, 1200, 0, 0], [0, 0, 0, 0, 1200, 0], [0, 0, 0, 0, 0, 1200]]
test accuracy :  0.23
class_total [400.0, 400.0, 400.0, 400.0, 400.0, 400.0]
class_correct [203.0, 0.0, 126.0, 39.0, 180.0, 4.0]
confusion_matrix [[203, 14, 0, 51, 25, 107], [13, 0, 7, 24, 265, 91], [0, 105, 126, 0, 38, 131], [10, 0, 2, 39, 218, 131], [0, 2, 69, 0, 180, 149], [1, 0, 2, 41, 352, 4]]
traning started for  54 epoch
epoch 54 loss: 0.00202465057373
validation accuracy :  1.0
validation class_total [1200.0, 1200.0, 1200.0, 1200.0, 1200.0, 1200.0]
validation class_correct [1200.0, 1200.0, 1200.0, 1200.0, 1200.0, 1200.0]
validation confusion_matrix [[1200, 0, 0, 0, 0, 0], [0, 1200, 0, 0, 0, 0], [0, 0, 1200, 0, 0, 0], [0, 0, 0, 1200, 0, 0], [0, 0, 0, 0, 1200, 0], [0, 0, 0, 0, 0, 1200]]
test accuracy :  0.238333333333
class_total [400.0, 400.0, 400.0, 400.0, 400.0, 400.0]
class_correct [189.0, 0.0, 111.0, 51.0, 218.0, 3.0]
confusion_matrix [[189, 5, 2, 85, 31, 88], [5, 0, 4, 20, 287, 84], [0, 91, 111, 0, 52, 146], [13, 0, 1, 51, 219, 116], [1, 1, 57, 0, 218, 123], [0, 0, 1, 48, 348, 3]]
traning started for  55 epoch
epoch 55 loss: 7.24792480469e-05
validation accuracy :  1.0
validation class_total [1200.0, 1200.0, 1200.0, 1200.0, 1200.0, 1200.0]
validation class_correct [1200.0, 1200.0, 1200.0, 1200.0, 1200.0, 1200.0]
validation confusion_matrix [[1200, 0, 0, 0, 0, 0], [0, 1200, 0, 0, 0, 0], [0, 0, 1200, 0, 0, 0], [0, 0, 0, 1200, 0, 0], [0, 0, 0, 0, 1200, 0], [0, 0, 0, 0, 0, 1200]]
test accuracy :  0.229583333333
class_total [400.0, 400.0, 400.0, 400.0, 400.0, 400.0]
class_correct [168.0, 0.0, 152.0, 27.0, 201.0, 3.0]
confusion_matrix [[168, 12, 1, 56, 40, 123], [6, 0, 4, 12, 286, 92], [0, 92, 152, 0, 41, 115], [6, 0, 1, 27, 238, 128], [1, 1, 79, 0, 201, 118], [0, 0, 1, 30, 366, 3]]
traning started for  56 epoch
epoch 56 loss: 0.0173959732056
validation accuracy :  1.0
validation class_total [1200.0, 1200.0, 1200.0, 1200.0, 1200.0, 1200.0]
validation class_correct [1200.0, 1200.0, 1200.0, 1200.0, 1200.0, 1200.0]
validation confusion_matrix [[1200, 0, 0, 0, 0, 0], [0, 1200, 0, 0, 0, 0], [0, 0, 1200, 0, 0, 0], [0, 0, 0, 1200, 0, 0], [0, 0, 0, 0, 1200, 0], [0, 0, 0, 0, 0, 1200]]
test accuracy :  0.243333333333
class_total [400.0, 400.0, 400.0, 400.0, 400.0, 400.0]
class_correct [153.0, 0.0, 164.0, 26.0, 239.0, 2.0]
confusion_matrix [[153, 12, 4, 66, 40, 125], [3, 0, 8, 10, 306, 73], [0, 73, 164, 0, 46, 117], [7, 0, 1, 26, 259, 107], [0, 1, 67, 0, 239, 93], [0, 0, 1, 28, 369, 2]]
traning started for  57 epoch
epoch 57 loss: 0.00025749206543
validation accuracy :  1.0
validation class_total [1200.0, 1200.0, 1200.0, 1200.0, 1200.0, 1200.0]
validation class_correct [1200.0, 1200.0, 1200.0, 1200.0, 1200.0, 1200.0]
validation confusion_matrix [[1200, 0, 0, 0, 0, 0], [0, 1200, 0, 0, 0, 0], [0, 0, 1200, 0, 0, 0], [0, 0, 0, 1200, 0, 0], [0, 0, 0, 0, 1200, 0], [0, 0, 0, 0, 0, 1200]]
test accuracy :  0.249583333333
class_total [400.0, 400.0, 400.0, 400.0, 400.0, 400.0]
class_correct [218.0, 0.0, 142.0, 33.0, 202.0, 4.0]
confusion_matrix [[218, 11, 2, 38, 22, 109], [7, 0, 6, 16, 273, 98], [0, 86, 142, 0, 38, 134], [9, 0, 1, 33, 218, 139], [0, 1, 64, 0, 202, 133], [1, 0, 1, 34, 360, 4]]
traning started for  58 epoch
epoch 58 loss: 5.24520874023e-05
validation accuracy :  1.0
validation class_total [1200.0, 1200.0, 1200.0, 1200.0, 1200.0, 1200.0]
validation class_correct [1200.0, 1200.0, 1200.0, 1200.0, 1200.0, 1200.0]
validation confusion_matrix [[1200, 0, 0, 0, 0, 0], [0, 1200, 0, 0, 0, 0], [0, 0, 1200, 0, 0, 0], [0, 0, 0, 1200, 0, 0], [0, 0, 0, 0, 1200, 0], [0, 0, 0, 0, 0, 1200]]
test accuracy :  0.214583333333
class_total [400.0, 400.0, 400.0, 400.0, 400.0, 400.0]
class_correct [191.0, 0.0, 108.0, 38.0, 173.0, 5.0]
confusion_matrix [[191, 10, 2, 76, 24, 97], [6, 0, 6, 18, 254, 116], [0, 80, 108, 0, 60, 152], [7, 0, 3, 38, 207, 145], [1, 2, 63, 1, 173, 160], [2, 0, 1, 40, 352, 5]]
traning started for  59 epoch
epoch 59 loss: 0.00187301635742
validation accuracy :  1.0
validation class_total [1200.0, 1200.0, 1200.0, 1200.0, 1200.0, 1200.0]
validation class_correct [1200.0, 1200.0, 1200.0, 1200.0, 1200.0, 1200.0]
validation confusion_matrix [[1200, 0, 0, 0, 0, 0], [0, 1200, 0, 0, 0, 0], [0, 0, 1200, 0, 0, 0], [0, 0, 0, 1200, 0, 0], [0, 0, 0, 0, 1200, 0], [0, 0, 0, 0, 0, 1200]]
test accuracy :  0.225
class_total [400.0, 400.0, 400.0, 400.0, 400.0, 400.0]
class_correct [185.0, 0.0, 138.0, 30.0, 185.0, 2.0]
confusion_matrix [[185, 17, 2, 57, 30, 109], [5, 0, 7, 13, 266, 109], [0, 86, 138, 0, 41, 135], [6, 0, 1, 30, 213, 150], [1, 5, 64, 0, 185, 145], [0, 0, 1, 26, 371, 2]]
traning started for  60 epoch
epoch 60 loss: 0.000198364257812
validation accuracy :  1.0
validation class_total [1200.0, 1200.0, 1200.0, 1200.0, 1200.0, 1200.0]
validation class_correct [1200.0, 1200.0, 1200.0, 1200.0, 1200.0, 1200.0]
validation confusion_matrix [[1200, 0, 0, 0, 0, 0], [0, 1200, 0, 0, 0, 0], [0, 0, 1200, 0, 0, 0], [0, 0, 0, 1200, 0, 0], [0, 0, 0, 0, 1200, 0], [0, 0, 0, 0, 0, 1200]]
test accuracy :  0.25625
class_total [400.0, 400.0, 400.0, 400.0, 400.0, 400.0]
class_correct [207.0, 0.0, 119.0, 46.0, 241.0, 2.0]
confusion_matrix [[207, 13, 1, 70, 21, 88], [6, 0, 5, 22, 282, 85], [0, 88, 119, 0, 59, 134], [5, 0, 4, 46, 221, 124], [2, 1, 46, 1, 241, 109], [1, 0, 1, 35, 361, 2]]
traning started for  61 epoch
epoch 61 loss: 0.000347137451172
validation accuracy :  1.0
validation class_total [1200.0, 1200.0, 1200.0, 1200.0, 1200.0, 1200.0]
validation class_correct [1200.0, 1200.0, 1200.0, 1200.0, 1200.0, 1200.0]
validation confusion_matrix [[1200, 0, 0, 0, 0, 0], [0, 1200, 0, 0, 0, 0], [0, 0, 1200, 0, 0, 0], [0, 0, 0, 1200, 0, 0], [0, 0, 0, 0, 1200, 0], [0, 0, 0, 0, 0, 1200]]
test accuracy :  0.241666666667
class_total [400.0, 400.0, 400.0, 400.0, 400.0, 400.0]
class_correct [188.0, 0.0, 144.0, 39.0, 206.0, 3.0]
confusion_matrix [[188, 7, 4, 75, 47, 79], [4, 0, 8, 23, 290, 75], [0, 82, 144, 0, 51, 123], [8, 0, 3, 39, 218, 132], [2, 3, 75, 0, 206, 114], [0, 0, 1, 38, 358, 3]]
traning started for  62 epoch
epoch 62 loss: 0.00827550888062
validation accuracy :  1.0
validation class_total [1200.0, 1200.0, 1200.0, 1200.0, 1200.0, 1200.0]
validation class_correct [1200.0, 1200.0, 1200.0, 1200.0, 1200.0, 1200.0]
validation confusion_matrix [[1200, 0, 0, 0, 0, 0], [0, 1200, 0, 0, 0, 0], [0, 0, 1200, 0, 0, 0], [0, 0, 0, 1200, 0, 0], [0, 0, 0, 0, 1200, 0], [0, 0, 0, 0, 0, 1200]]
test accuracy :  0.219166666667
class_total [400.0, 400.0, 400.0, 400.0, 400.0, 400.0]
class_correct [150.0, 0.0, 102.0, 28.0, 245.0, 1.0]
confusion_matrix [[150, 8, 4, 71, 55, 112], [5, 0, 3, 19, 306, 67], [0, 59, 102, 0, 76, 163], [5, 0, 1, 28, 265, 101], [0, 2, 44, 0, 245, 109], [0, 0, 2, 31, 366, 1]]
traning started for  63 epoch
epoch 63 loss: 0.000157356262207
validation accuracy :  1.0
validation class_total [1200.0, 1200.0, 1200.0, 1200.0, 1200.0, 1200.0]
validation class_correct [1200.0, 1200.0, 1200.0, 1200.0, 1200.0, 1200.0]
validation confusion_matrix [[1200, 0, 0, 0, 0, 0], [0, 1200, 0, 0, 0, 0], [0, 0, 1200, 0, 0, 0], [0, 0, 0, 1200, 0, 0], [0, 0, 0, 0, 1200, 0], [0, 0, 0, 0, 0, 1200]]
test accuracy :  0.230416666667
class_total [400.0, 400.0, 400.0, 400.0, 400.0, 400.0]
class_correct [180.0, 0.0, 114.0, 33.0, 223.0, 3.0]
confusion_matrix [[180, 14, 1, 57, 32, 116], [9, 0, 7, 16, 275, 93], [0, 76, 114, 0, 50, 160], [5, 0, 1, 33, 229, 132], [0, 2, 42, 2, 223, 131], [2, 0, 1, 35, 359, 3]]
traning started for  64 epoch
epoch 64 loss: 0.00309181213379
validation accuracy :  1.0
validation class_total [1200.0, 1200.0, 1200.0, 1200.0, 1200.0, 1200.0]
validation class_correct [1200.0, 1200.0, 1200.0, 1200.0, 1200.0, 1200.0]
validation confusion_matrix [[1200, 0, 0, 0, 0, 0], [0, 1200, 0, 0, 0, 0], [0, 0, 1200, 0, 0, 0], [0, 0, 0, 1200, 0, 0], [0, 0, 0, 0, 1200, 0], [0, 0, 0, 0, 0, 1200]]
test accuracy :  0.251666666667
class_total [400.0, 400.0, 400.0, 400.0, 400.0, 400.0]
class_correct [207.0, 0.0, 122.0, 40.0, 231.0, 4.0]
confusion_matrix [[207, 15, 2, 64, 30, 82], [7, 0, 8, 28, 272, 85], [0, 68, 122, 0, 59, 151], [8, 0, 1, 40, 224, 127], [2, 1, 43, 0, 231, 123], [2, 0, 2, 42, 350, 4]]
traning started for  65 epoch
epoch 65 loss: 0.0107107162476
validation accuracy :  1.0
validation class_total [1200.0, 1200.0, 1200.0, 1200.0, 1200.0, 1200.0]
validation class_correct [1200.0, 1200.0, 1200.0, 1200.0, 1200.0, 1200.0]
validation confusion_matrix [[1200, 0, 0, 0, 0, 0], [0, 1200, 0, 0, 0, 0], [0, 0, 1200, 0, 0, 0], [0, 0, 0, 1200, 0, 0], [0, 0, 0, 0, 1200, 0], [0, 0, 0, 0, 0, 1200]]
test accuracy :  0.260833333333
class_total [400.0, 400.0, 400.0, 400.0, 400.0, 400.0]
class_correct [210.0, 0.0, 124.0, 47.0, 242.0, 3.0]
confusion_matrix [[210, 11, 0, 69, 28, 82], [9, 0, 5, 21, 287, 78], [0, 71, 124, 0, 70, 135], [6, 0, 2, 47, 226, 119], [1, 1, 43, 0, 242, 113], [0, 0, 1, 51, 345, 3]]
traning started for  66 epoch
epoch 66 loss: 0.000544548034668
validation accuracy :  1.0
validation class_total [1200.0, 1200.0, 1200.0, 1200.0, 1200.0, 1200.0]
validation class_correct [1200.0, 1200.0, 1200.0, 1200.0, 1200.0, 1200.0]
validation confusion_matrix [[1200, 0, 0, 0, 0, 0], [0, 1200, 0, 0, 0, 0], [0, 0, 1200, 0, 0, 0], [0, 0, 0, 1200, 0, 0], [0, 0, 0, 0, 1200, 0], [0, 0, 0, 0, 0, 1200]]
test accuracy :  0.23625
class_total [400.0, 400.0, 400.0, 400.0, 400.0, 400.0]
class_correct [190.0, 0.0, 148.0, 30.0, 194.0, 5.0]
confusion_matrix [[190, 14, 1, 53, 26, 116], [6, 0, 9, 14, 272, 99], [0, 90, 148, 0, 37, 125], [7, 0, 1, 30, 229, 133], [1, 2, 67, 1, 194, 135], [1, 0, 1, 27, 366, 5]]
traning started for  67 epoch
epoch 67 loss: 0.00104141235352
validation accuracy :  1.0
validation class_total [1200.0, 1200.0, 1200.0, 1200.0, 1200.0, 1200.0]
validation class_correct [1200.0, 1200.0, 1200.0, 1200.0, 1200.0, 1200.0]
validation confusion_matrix [[1200, 0, 0, 0, 0, 0], [0, 1200, 0, 0, 0, 0], [0, 0, 1200, 0, 0, 0], [0, 0, 0, 1200, 0, 0], [0, 0, 0, 0, 1200, 0], [0, 0, 0, 0, 0, 1200]]
test accuracy :  0.244166666667
class_total [400.0, 400.0, 400.0, 400.0, 400.0, 400.0]
class_correct [184.0, 0.0, 128.0, 34.0, 237.0, 3.0]
confusion_matrix [[184, 9, 1, 65, 33, 108], [4, 0, 5, 19, 295, 77], [0, 78, 128, 0, 60, 134], [7, 0, 2, 34, 240, 117], [0, 1, 57, 1, 237, 104], [0, 0, 1, 43, 353, 3]]
traning started for  68 epoch
epoch 68 loss: 0.000205039978027
validation accuracy :  1.0
validation class_total [1200.0, 1200.0, 1200.0, 1200.0, 1200.0, 1200.0]
validation class_correct [1200.0, 1200.0, 1200.0, 1200.0, 1200.0, 1200.0]
validation confusion_matrix [[1200, 0, 0, 0, 0, 0], [0, 1200, 0, 0, 0, 0], [0, 0, 1200, 0, 0, 0], [0, 0, 0, 1200, 0, 0], [0, 0, 0, 0, 1200, 0], [0, 0, 0, 0, 0, 1200]]
test accuracy :  0.243333333333
class_total [400.0, 400.0, 400.0, 400.0, 400.0, 400.0]
class_correct [188.0, 0.0, 141.0, 40.0, 213.0, 2.0]
confusion_matrix [[188, 14, 1, 64, 29, 104], [8, 0, 5, 19, 284, 84], [0, 69, 141, 0, 53, 137], [7, 0, 1, 40, 222, 130], [1, 1, 59, 1, 213, 125], [0, 0, 1, 46, 351, 2]]
traning started for  69 epoch
epoch 69 loss: 7.43865966797e-05
validation accuracy :  1.0
validation class_total [1200.0, 1200.0, 1200.0, 1200.0, 1200.0, 1200.0]
validation class_correct [1200.0, 1200.0, 1200.0, 1200.0, 1200.0, 1200.0]
validation confusion_matrix [[1200, 0, 0, 0, 0, 0], [0, 1200, 0, 0, 0, 0], [0, 0, 1200, 0, 0, 0], [0, 0, 0, 1200, 0, 0], [0, 0, 0, 0, 1200, 0], [0, 0, 0, 0, 0, 1200]]
test accuracy :  0.249166666667
class_total [400.0, 400.0, 400.0, 400.0, 400.0, 400.0]
class_correct [182.0, 0.0, 127.0, 41.0, 246.0, 2.0]
confusion_matrix [[182, 11, 1, 71, 38, 97], [7, 0, 6, 24, 299, 64], [0, 62, 127, 0, 75, 136], [5, 0, 1, 41, 230, 123], [0, 2, 50, 1, 246, 101], [0, 0, 1, 46, 351, 2]]
traning started for  70 epoch
epoch 70 loss: 0.00157451629639
validation accuracy :  1.0
validation class_total [1200.0, 1200.0, 1200.0, 1200.0, 1200.0, 1200.0]
validation class_correct [1200.0, 1200.0, 1200.0, 1200.0, 1200.0, 1200.0]
validation confusion_matrix [[1200, 0, 0, 0, 0, 0], [0, 1200, 0, 0, 0, 0], [0, 0, 1200, 0, 0, 0], [0, 0, 0, 1200, 0, 0], [0, 0, 0, 0, 1200, 0], [0, 0, 0, 0, 0, 1200]]
test accuracy :  0.237083333333
class_total [400.0, 400.0, 400.0, 400.0, 400.0, 400.0]
class_correct [180.0, 0.0, 141.0, 33.0, 212.0, 3.0]
confusion_matrix [[180, 15, 2, 53, 33, 117], [4, 0, 7, 20, 289, 80], [0, 93, 141, 0, 35, 131], [9, 0, 2, 33, 215, 141], [0, 2, 62, 1, 212, 123], [0, 0, 1, 32, 364, 3]]
traning started for  71 epoch
epoch 71 loss: 0.0318794250488
validation accuracy :  1.0
validation class_total [1200.0, 1200.0, 1200.0, 1200.0, 1200.0, 1200.0]
validation class_correct [1200.0, 1200.0, 1200.0, 1200.0, 1200.0, 1200.0]
validation confusion_matrix [[1200, 0, 0, 0, 0, 0], [0, 1200, 0, 0, 0, 0], [0, 0, 1200, 0, 0, 0], [0, 0, 0, 1200, 0, 0], [0, 0, 0, 0, 1200, 0], [0, 0, 0, 0, 0, 1200]]
test accuracy :  0.220833333333
class_total [400.0, 400.0, 400.0, 400.0, 400.0, 400.0]
class_correct [154.0, 0.0, 111.0, 39.0, 223.0, 3.0]
confusion_matrix [[154, 14, 1, 76, 39, 116], [5, 0, 5, 22, 288, 80], [0, 72, 111, 0, 60, 157], [5, 0, 2, 39, 223, 131], [1, 2, 35, 0, 223, 139], [1, 0, 1, 41, 354, 3]]
traning started for  72 epoch
epoch 72 loss: 0.00137424468994
validation accuracy :  1.0
validation class_total [1200.0, 1200.0, 1200.0, 1200.0, 1200.0, 1200.0]
validation class_correct [1200.0, 1200.0, 1200.0, 1200.0, 1200.0, 1200.0]
validation confusion_matrix [[1200, 0, 0, 0, 0, 0], [0, 1200, 0, 0, 0, 0], [0, 0, 1200, 0, 0, 0], [0, 0, 0, 1200, 0, 0], [0, 0, 0, 0, 1200, 0], [0, 0, 0, 0, 0, 1200]]
test accuracy :  0.238333333333
class_total [400.0, 400.0, 400.0, 400.0, 400.0, 400.0]
class_correct [185.0, 0.0, 110.0, 43.0, 231.0, 3.0]
confusion_matrix [[185, 9, 1, 72, 33, 100], [3, 0, 6, 25, 277, 89], [0, 62, 110, 0, 69, 159], [6, 0, 2, 43, 234, 115], [1, 2, 36, 0, 231, 130], [1, 0, 1, 40, 355, 3]]
traning started for  73 epoch
epoch 73 loss: 0.00196552276611
validation accuracy :  1.0
validation class_total [1200.0, 1200.0, 1200.0, 1200.0, 1200.0, 1200.0]
validation class_correct [1200.0, 1200.0, 1200.0, 1200.0, 1200.0, 1200.0]
validation confusion_matrix [[1200, 0, 0, 0, 0, 0], [0, 1200, 0, 0, 0, 0], [0, 0, 1200, 0, 0, 0], [0, 0, 0, 1200, 0, 0], [0, 0, 0, 0, 1200, 0], [0, 0, 0, 0, 0, 1200]]
test accuracy :  0.258333333333
class_total [400.0, 400.0, 400.0, 400.0, 400.0, 400.0]
class_correct [192.0, 0.0, 143.0, 44.0, 239.0, 2.0]
confusion_matrix [[192, 10, 1, 67, 40, 90], [5, 0, 6, 21, 294, 74], [0, 66, 143, 0, 75, 116], [5, 0, 2, 44, 242, 107], [0, 2, 57, 0, 239, 102], [1, 0, 1, 48, 348, 2]]
traning started for  74 epoch
epoch 74 loss: 0.00496101379395
validation accuracy :  1.0
validation class_total [1200.0, 1200.0, 1200.0, 1200.0, 1200.0, 1200.0]
validation class_correct [1200.0, 1200.0, 1200.0, 1200.0, 1200.0, 1200.0]
validation confusion_matrix [[1200, 0, 0, 0, 0, 0], [0, 1200, 0, 0, 0, 0], [0, 0, 1200, 0, 0, 0], [0, 0, 0, 1200, 0, 0], [0, 0, 0, 0, 1200, 0], [0, 0, 0, 0, 0, 1200]]
test accuracy :  0.240833333333
class_total [400.0, 400.0, 400.0, 400.0, 400.0, 400.0]
class_correct [181.0, 1.0, 129.0, 39.0, 225.0, 3.0]
confusion_matrix [[181, 12, 1, 73, 31, 102], [5, 1, 7, 15, 294, 78], [0, 76, 129, 0, 65, 130], [5, 0, 2, 39, 233, 121], [0, 2, 54, 0, 225, 119], [0, 0, 1, 47, 349, 3]]
traning started for  75 epoch
epoch 75 loss: 0.000733375549316
validation accuracy :  1.0
validation class_total [1200.0, 1200.0, 1200.0, 1200.0, 1200.0, 1200.0]
validation class_correct [1200.0, 1200.0, 1200.0, 1200.0, 1200.0, 1200.0]
validation confusion_matrix [[1200, 0, 0, 0, 0, 0], [0, 1200, 0, 0, 0, 0], [0, 0, 1200, 0, 0, 0], [0, 0, 0, 1200, 0, 0], [0, 0, 0, 0, 1200, 0], [0, 0, 0, 0, 0, 1200]]
test accuracy :  0.231666666667
class_total [400.0, 400.0, 400.0, 400.0, 400.0, 400.0]
class_correct [167.0, 0.0, 127.0, 28.0, 231.0, 3.0]
confusion_matrix [[167, 10, 2, 59, 44, 118], [4, 0, 6, 13, 285, 92], [0, 78, 127, 0, 49, 146], [5, 0, 1, 28, 237, 129], [0, 2, 53, 0, 231, 114], [0, 0, 1, 36, 360, 3]]
traning started for  76 epoch
