cuda
<torch.optim.lr_scheduler.MultiStepLR object at 0x7fb47335edd0>
traning started for  0 epoch
epoch 1 loss: 2.13032484055
validation accuracy :  0.230555555556
validation class_total [1200.0, 1200.0, 1200.0, 1200.0, 1200.0, 1200.0]
validation class_correct [284.0, 294.0, 321.0, 250.0, 254.0, 257.0]
validation confusion_matrix [[284, 204, 161, 186, 179, 186], [205, 294, 178, 155, 178, 190], [179, 191, 321, 173, 206, 130], [225, 179, 170, 250, 197, 179], [210, 195, 213, 184, 254, 144], [221, 206, 168, 162, 186, 257]]
test accuracy :  0.18625
class_total [400.0, 400.0, 400.0, 400.0, 400.0, 400.0]
class_correct [93.0, 67.0, 96.0, 70.0, 70.0, 51.0]
confusion_matrix [[93, 71, 49, 55, 63, 69], [65, 67, 72, 64, 70, 62], [77, 68, 96, 44, 77, 38], [80, 43, 68, 70, 82, 57], [70, 57, 90, 61, 70, 52], [84, 79, 63, 70, 53, 51]]
traning started for  1 epoch
epoch 2 loss: 1.75951361656
validation accuracy :  0.268888888889
validation class_total [1200.0, 1200.0, 1200.0, 1200.0, 1200.0, 1200.0]
validation class_correct [321.0, 393.0, 386.0, 267.0, 268.0, 301.0]
validation confusion_matrix [[321, 208, 161, 164, 143, 203], [179, 393, 141, 135, 145, 207], [131, 166, 386, 150, 214, 153], [192, 200, 178, 267, 163, 200], [148, 214, 239, 161, 268, 170], [163, 266, 154, 143, 173, 301]]
test accuracy :  0.183333333333
class_total [400.0, 400.0, 400.0, 400.0, 400.0, 400.0]
class_correct [65.0, 60.0, 108.0, 56.0, 71.0, 80.0]
confusion_matrix [[65, 96, 51, 34, 61, 93], [56, 60, 84, 53, 73, 74], [55, 64, 108, 52, 66, 55], [60, 74, 85, 56, 62, 63], [53, 71, 104, 36, 71, 65], [76, 79, 57, 58, 50, 80]]
traning started for  2 epoch
epoch 3 loss: 1.68704140186
validation accuracy :  0.325972222222
validation class_total [1200.0, 1200.0, 1200.0, 1200.0, 1200.0, 1200.0]
validation class_correct [322.0, 434.0, 604.0, 444.0, 275.0, 268.0]
validation confusion_matrix [[322, 170, 166, 281, 123, 138], [143, 434, 167, 166, 116, 174], [62, 108, 604, 124, 207, 95], [187, 118, 173, 444, 167, 111], [109, 157, 329, 191, 275, 139], [143, 209, 208, 201, 171, 268]]
test accuracy :  0.195
class_total [400.0, 400.0, 400.0, 400.0, 400.0, 400.0]
class_correct [60.0, 49.0, 150.0, 74.0, 72.0, 63.0]
confusion_matrix [[60, 85, 73, 58, 51, 73], [43, 49, 127, 60, 74, 47], [30, 41, 150, 55, 87, 37], [67, 49, 88, 74, 73, 49], [32, 45, 158, 50, 72, 43], [46, 64, 97, 71, 59, 63]]
traning started for  3 epoch
epoch 4 loss: 1.77698111534
validation accuracy :  0.46875
validation class_total [1200.0, 1200.0, 1200.0, 1200.0, 1200.0, 1200.0]
validation class_correct [542.0, 665.0, 1016.0, 652.0, 199.0, 301.0]
validation confusion_matrix [[542, 100, 37, 394, 51, 76], [41, 665, 189, 58, 76, 171], [4, 63, 1016, 12, 62, 43], [309, 37, 68, 652, 68, 66], [99, 168, 436, 170, 199, 128], [98, 293, 303, 113, 92, 301]]
test accuracy :  0.240416666667
class_total [400.0, 400.0, 400.0, 400.0, 400.0, 400.0]
class_correct [54.0, 56.0, 249.0, 113.0, 39.0, 66.0]
confusion_matrix [[54, 141, 46, 55, 27, 77], [34, 56, 106, 72, 75, 57], [2, 67, 249, 3, 46, 33], [62, 58, 57, 113, 62, 48], [5, 36, 279, 7, 39, 34], [20, 51, 151, 54, 58, 66]]
traning started for  4 epoch
epoch 5 loss: 1.0419857502
validation accuracy :  0.609861111111
validation class_total [1200.0, 1200.0, 1200.0, 1200.0, 1200.0, 1200.0]
validation class_correct [645.0, 964.0, 1132.0, 675.0, 515.0, 460.0]
validation confusion_matrix [[645, 24, 1, 414, 56, 60], [1, 964, 123, 2, 29, 81], [0, 26, 1132, 0, 30, 12], [427, 1, 1, 675, 71, 25], [107, 62, 218, 111, 515, 187], [65, 206, 143, 31, 295, 460]]
test accuracy :  0.272916666667
class_total [400.0, 400.0, 400.0, 400.0, 400.0, 400.0]
class_correct [56.0, 1.0, 278.0, 112.0, 129.0, 79.0]
confusion_matrix [[56, 96, 13, 16, 96, 123], [70, 1, 16, 137, 133, 43], [0, 40, 278, 0, 55, 27], [71, 21, 13, 112, 115, 68], [2, 0, 226, 5, 129, 38], [30, 3, 38, 54, 196, 79]]
traning started for  5 epoch
epoch 6 loss: 0.593314886093
validation accuracy :  0.707777777778
validation class_total [1200.0, 1200.0, 1200.0, 1200.0, 1200.0, 1200.0]
validation class_correct [602.0, 1042.0, 1172.0, 792.0, 874.0, 614.0]
validation confusion_matrix [[602, 7, 0, 483, 52, 56], [0, 1042, 121, 0, 4, 33], [0, 5, 1172, 0, 18, 5], [324, 0, 1, 792, 75, 8], [18, 7, 119, 30, 874, 152], [20, 36, 92, 14, 424, 614]]
test accuracy :  0.2875
class_total [400.0, 400.0, 400.0, 400.0, 400.0, 400.0]
class_correct [33.0, 0.0, 326.0, 89.0, 199.0, 43.0]
confusion_matrix [[33, 18, 14, 27, 129, 179], [24, 0, 11, 109, 229, 27], [0, 13, 326, 0, 42, 19], [42, 2, 2, 89, 195, 70], [0, 0, 168, 0, 199, 33], [12, 0, 16, 29, 300, 43]]
traning started for  6 epoch
epoch 7 loss: 0.634001731873
validation accuracy :  0.810972222222
validation class_total [1200.0, 1200.0, 1200.0, 1200.0, 1200.0, 1200.0]
validation class_correct [695.0, 1171.0, 1154.0, 906.0, 1021.0, 892.0]
validation confusion_matrix [[695, 1, 0, 472, 13, 19], [0, 1171, 7, 2, 0, 20], [0, 12, 1154, 0, 32, 2], [253, 1, 0, 906, 34, 6], [4, 0, 16, 46, 1021, 113], [27, 17, 11, 20, 233, 892]]
test accuracy :  0.281666666667
class_total [400.0, 400.0, 400.0, 400.0, 400.0, 400.0]
class_correct [72.0, 0.0, 259.0, 103.0, 232.0, 10.0]
confusion_matrix [[72, 19, 0, 41, 43, 225], [24, 0, 3, 137, 202, 34], [0, 17, 259, 0, 64, 60], [20, 0, 1, 103, 191, 85], [0, 0, 83, 1, 232, 84], [3, 0, 2, 52, 333, 10]]
traning started for  7 epoch
epoch 8 loss: 0.202336072922
validation accuracy :  0.885555555556
validation class_total [1200.0, 1200.0, 1200.0, 1200.0, 1200.0, 1200.0]
validation class_correct [856.0, 1167.0, 1179.0, 1061.0, 1107.0, 1006.0]
validation confusion_matrix [[856, 0, 0, 327, 0, 17], [0, 1167, 3, 1, 0, 29], [0, 3, 1179, 0, 13, 5], [102, 0, 0, 1061, 33, 4], [0, 1, 9, 36, 1107, 47], [17, 6, 4, 24, 143, 1006]]
test accuracy :  0.264583333333
class_total [400.0, 400.0, 400.0, 400.0, 400.0, 400.0]
class_correct [102.0, 0.0, 239.0, 122.0, 167.0, 5.0]
confusion_matrix [[102, 10, 1, 26, 8, 253], [4, 0, 0, 194, 168, 34], [0, 18, 239, 0, 63, 80], [6, 0, 0, 122, 223, 49], [1, 0, 55, 1, 167, 176], [0, 0, 1, 46, 348, 5]]
traning started for  8 epoch
epoch 9 loss: 0.280569314957
validation accuracy :  0.941805555556
validation class_total [1200.0, 1200.0, 1200.0, 1200.0, 1200.0, 1200.0]
validation class_correct [1077.0, 1162.0, 1174.0, 1129.0, 1153.0, 1086.0]
validation confusion_matrix [[1077, 0, 0, 112, 1, 10], [1, 1162, 2, 0, 0, 35], [0, 7, 1174, 0, 16, 3], [28, 0, 0, 1129, 41, 2], [0, 0, 6, 13, 1153, 28], [22, 4, 4, 6, 78, 1086]]
test accuracy :  0.238333333333
class_total [400.0, 400.0, 400.0, 400.0, 400.0, 400.0]
class_correct [107.0, 0.0, 260.0, 105.0, 96.0, 4.0]
confusion_matrix [[107, 12, 0, 12, 4, 265], [16, 0, 0, 148, 182, 54], [0, 16, 260, 0, 39, 85], [10, 0, 0, 105, 239, 46], [0, 3, 62, 0, 96, 239], [0, 0, 2, 37, 357, 4]]
traning started for  9 epoch
epoch 10 loss: 0.0463876724243
validation accuracy :  0.945416666667
validation class_total [1200.0, 1200.0, 1200.0, 1200.0, 1200.0, 1200.0]
validation class_correct [1175.0, 1181.0, 1119.0, 1135.0, 1080.0, 1117.0]
validation confusion_matrix [[1175, 1, 0, 19, 0, 5], [0, 1181, 0, 0, 0, 19], [0, 57, 1119, 0, 10, 14], [54, 0, 0, 1135, 9, 2], [0, 0, 4, 22, 1080, 94], [69, 9, 2, 2, 1, 1117]]
test accuracy :  0.162083333333
class_total [400.0, 400.0, 400.0, 400.0, 400.0, 400.0]
class_correct [133.0, 0.0, 126.0, 81.0, 9.0, 40.0]
confusion_matrix [[133, 28, 0, 1, 0, 238], [30, 0, 0, 141, 92, 137], [0, 94, 126, 0, 8, 172], [22, 0, 0, 81, 179, 118], [0, 25, 22, 2, 9, 342], [0, 0, 2, 54, 304, 40]]
traning started for  10 epoch
epoch 11 loss: 0.0400800704956
validation accuracy :  0.932222222222
validation class_total [1200.0, 1200.0, 1200.0, 1200.0, 1200.0, 1200.0]
validation class_correct [1189.0, 1160.0, 1112.0, 1153.0, 1035.0, 1063.0]
validation confusion_matrix [[1189, 1, 0, 8, 0, 2], [1, 1160, 0, 0, 0, 39], [0, 35, 1112, 0, 12, 41], [44, 0, 0, 1153, 2, 1], [2, 0, 0, 84, 1035, 79], [130, 2, 0, 4, 1, 1063]]
test accuracy :  0.189166666667
class_total [400.0, 400.0, 400.0, 400.0, 400.0, 400.0]
class_correct [209.0, 0.0, 89.0, 123.0, 8.0, 25.0]
confusion_matrix [[209, 12, 0, 1, 0, 178], [53, 0, 0, 195, 61, 91], [0, 60, 89, 0, 7, 244], [26, 0, 0, 123, 126, 125], [3, 13, 12, 0, 8, 364], [2, 0, 1, 114, 258, 25]]
traning started for  11 epoch
epoch 12 loss: 0.0319986343384
validation accuracy :  0.974583333333
validation class_total [1200.0, 1200.0, 1200.0, 1200.0, 1200.0, 1200.0]
validation class_correct [1164.0, 1176.0, 1163.0, 1191.0, 1157.0, 1166.0]
validation confusion_matrix [[1164, 0, 0, 30, 0, 6], [0, 1176, 0, 0, 0, 24], [0, 6, 1163, 0, 19, 12], [4, 0, 0, 1191, 5, 0], [0, 0, 0, 28, 1157, 15], [19, 1, 1, 7, 6, 1166]]
test accuracy :  0.1675
class_total [400.0, 400.0, 400.0, 400.0, 400.0, 400.0]
class_correct [148.0, 0.0, 131.0, 99.0, 21.0, 3.0]
confusion_matrix [[148, 4, 0, 18, 0, 230], [20, 0, 0, 211, 85, 84], [0, 39, 131, 0, 24, 206], [7, 0, 0, 99, 206, 88], [1, 14, 16, 0, 21, 348], [0, 0, 1, 80, 316, 3]]
traning started for  12 epoch
epoch 13 loss: 0.00882196426392
validation accuracy :  0.967222222222
validation class_total [1200.0, 1200.0, 1200.0, 1200.0, 1200.0, 1200.0]
validation class_correct [1185.0, 1191.0, 1141.0, 1190.0, 1086.0, 1171.0]
validation confusion_matrix [[1185, 0, 0, 9, 0, 6], [0, 1191, 0, 0, 0, 9], [0, 50, 1141, 0, 2, 7], [4, 0, 0, 1190, 2, 4], [0, 0, 1, 25, 1086, 88], [25, 2, 0, 2, 0, 1171]]
test accuracy :  0.154166666667
class_total [400.0, 400.0, 400.0, 400.0, 400.0, 400.0]
class_correct [141.0, 0.0, 94.0, 93.0, 6.0, 36.0]
confusion_matrix [[141, 15, 0, 1, 0, 243], [11, 0, 0, 192, 65, 132], [0, 102, 94, 0, 2, 202], [18, 0, 0, 93, 124, 165], [0, 23, 22, 0, 6, 349], [0, 0, 4, 51, 309, 36]]
traning started for  13 epoch
epoch 14 loss: 0.174779891968
validation accuracy :  0.986527777778
validation class_total [1200.0, 1200.0, 1200.0, 1200.0, 1200.0, 1200.0]
validation class_correct [1156.0, 1195.0, 1197.0, 1191.0, 1193.0, 1171.0]
validation confusion_matrix [[1156, 1, 0, 34, 0, 9], [0, 1195, 2, 0, 0, 3], [0, 0, 1197, 0, 3, 0], [0, 0, 0, 1191, 8, 1], [0, 0, 1, 6, 1193, 0], [2, 1, 3, 3, 20, 1171]]
test accuracy :  0.18875
class_total [400.0, 400.0, 400.0, 400.0, 400.0, 400.0]
class_correct [54.0, 0.0, 306.0, 56.0, 35.0, 2.0]
confusion_matrix [[54, 22, 0, 12, 2, 310], [2, 0, 1, 127, 203, 67], [0, 17, 306, 0, 28, 49], [0, 0, 0, 56, 302, 42], [0, 19, 82, 0, 35, 264], [0, 0, 2, 36, 360, 2]]
traning started for  14 epoch
epoch 15 loss: 0.0353193283081
validation accuracy :  0.990972222222
validation class_total [1200.0, 1200.0, 1200.0, 1200.0, 1200.0, 1200.0]
validation class_correct [1178.0, 1189.0, 1189.0, 1194.0, 1192.0, 1193.0]
validation confusion_matrix [[1178, 1, 0, 10, 0, 11], [0, 1189, 0, 0, 0, 11], [0, 5, 1189, 0, 5, 1], [0, 0, 0, 1194, 4, 2], [0, 0, 0, 4, 1192, 4], [3, 0, 0, 3, 1, 1193]]
