cuda
<torch.optim.lr_scheduler.MultiStepLR object at 0x7fdaab57edd0>
traning started for  0 epoch
epoch 1 loss: 1.94997119904
validation accuracy :  0.2275
validation class_total [1200.0, 1200.0, 1200.0, 1200.0, 1200.0, 1200.0]
validation class_correct [268.0, 316.0, 320.0, 266.0, 201.0, 267.0]
validation confusion_matrix [[268, 178, 167, 211, 137, 239], [141, 316, 193, 205, 142, 203], [165, 197, 320, 223, 130, 165], [205, 203, 187, 266, 159, 180], [176, 208, 216, 219, 201, 180], [185, 235, 175, 199, 139, 267]]
test accuracy :  0.172916666667
class_total [400.0, 400.0, 400.0, 400.0, 400.0, 400.0]
class_correct [58.0, 84.0, 77.0, 70.0, 53.0, 73.0]
confusion_matrix [[58, 88, 77, 67, 40, 70], [53, 84, 71, 73, 52, 67], [48, 83, 77, 82, 44, 66], [69, 65, 75, 70, 54, 67], [57, 61, 77, 84, 53, 68], [57, 72, 75, 76, 47, 73]]
traning started for  1 epoch
epoch 2 loss: 1.86269104481
validation accuracy :  0.293333333333
validation class_total [1200.0, 1200.0, 1200.0, 1200.0, 1200.0, 1200.0]
validation class_correct [387.0, 498.0, 372.0, 333.0, 250.0, 272.0]
validation confusion_matrix [[387, 139, 123, 223, 149, 179], [110, 498, 196, 100, 130, 166], [101, 272, 372, 160, 154, 141], [290, 145, 118, 333, 161, 153], [215, 193, 181, 199, 250, 162], [193, 294, 152, 160, 129, 272]]
test accuracy :  0.160833333333
class_total [400.0, 400.0, 400.0, 400.0, 400.0, 400.0]
class_correct [54.0, 56.0, 70.0, 79.0, 70.0, 57.0]
confusion_matrix [[54, 125, 45, 42, 51, 83], [79, 56, 75, 76, 67, 47], [71, 68, 70, 69, 68, 54], [109, 52, 48, 79, 62, 50], [86, 36, 77, 66, 70, 65], [83, 54, 53, 96, 57, 57]]
traning started for  2 epoch
epoch 3 loss: 1.8714812994
validation accuracy :  0.404027777778
validation class_total [1200.0, 1200.0, 1200.0, 1200.0, 1200.0, 1200.0]
validation class_correct [520.0, 829.0, 574.0, 525.0, 254.0, 207.0]
validation confusion_matrix [[520, 43, 55, 334, 129, 119], [18, 829, 226, 17, 37, 73], [26, 402, 574, 51, 92, 55], [362, 44, 37, 525, 131, 101], [157, 241, 206, 186, 254, 156], [183, 374, 144, 178, 114, 207]]
test accuracy :  0.178333333333
class_total [400.0, 400.0, 400.0, 400.0, 400.0, 400.0]
class_correct [15.0, 40.0, 68.0, 132.0, 100.0, 73.0]
confusion_matrix [[15, 171, 97, 18, 35, 64], [71, 40, 30, 124, 73, 62], [28, 84, 68, 56, 89, 75], [168, 7, 7, 132, 53, 33], [62, 37, 75, 68, 100, 58], [64, 60, 46, 76, 81, 73]]
traning started for  3 epoch
epoch 4 loss: 1.84393489361
validation accuracy :  0.519166666667
validation class_total [1200.0, 1200.0, 1200.0, 1200.0, 1200.0, 1200.0]
validation class_correct [690.0, 856.0, 771.0, 638.0, 408.0, 375.0]
validation confusion_matrix [[690, 6, 5, 344, 90, 65], [0, 856, 258, 2, 33, 51], [4, 288, 771, 6, 80, 51], [418, 5, 2, 638, 99, 38], [139, 103, 156, 131, 408, 263], [110, 280, 121, 99, 215, 375]]
test accuracy :  0.201666666667
class_total [400.0, 400.0, 400.0, 400.0, 400.0, 400.0]
class_correct [3.0, 14.0, 78.0, 144.0, 155.0, 90.0]
confusion_matrix [[3, 146, 104, 2, 63, 82], [90, 14, 8, 119, 101, 68], [11, 65, 78, 24, 123, 99], [169, 4, 3, 144, 47, 33], [26, 12, 82, 25, 155, 100], [63, 18, 35, 66, 128, 90]]
traning started for  4 epoch
epoch 5 loss: 1.3340369463
validation accuracy :  0.6125
validation class_total [1200.0, 1200.0, 1200.0, 1200.0, 1200.0, 1200.0]
validation class_correct [544.0, 937.0, 1051.0, 745.0, 679.0, 454.0]
validation confusion_matrix [[544, 2, 0, 472, 118, 64], [0, 937, 207, 0, 14, 42], [0, 83, 1051, 1, 43, 22], [334, 0, 0, 745, 94, 27], [42, 66, 151, 47, 679, 215], [25, 205, 90, 39, 387, 454]]
test accuracy :  0.23875
class_total [400.0, 400.0, 400.0, 400.0, 400.0, 400.0]
class_correct [0.0, 4.0, 181.0, 123.0, 219.0, 46.0]
confusion_matrix [[0, 117, 140, 0, 70, 73], [56, 4, 9, 79, 201, 51], [0, 48, 181, 0, 127, 44], [120, 2, 2, 123, 109, 44], [6, 2, 134, 4, 219, 35], [27, 3, 53, 44, 227, 46]]
traning started for  5 epoch
epoch 6 loss: 0.595112919807
validation accuracy :  0.708194444444
validation class_total [1200.0, 1200.0, 1200.0, 1200.0, 1200.0, 1200.0]
validation class_correct [709.0, 1028.0, 1132.0, 824.0, 804.0, 602.0]
validation confusion_matrix [[709, 0, 1, 424, 39, 27], [1, 1028, 81, 1, 22, 67], [0, 20, 1132, 0, 39, 9], [329, 0, 0, 824, 44, 3], [53, 21, 81, 36, 804, 205], [43, 90, 30, 38, 397, 602]]
test accuracy :  0.220416666667
class_total [400.0, 400.0, 400.0, 400.0, 400.0, 400.0]
class_correct [1.0, 0.0, 178.0, 113.0, 228.0, 9.0]
confusion_matrix [[1, 66, 124, 2, 114, 93], [56, 0, 9, 56, 215, 64], [0, 28, 178, 0, 151, 43], [111, 0, 0, 113, 130, 46], [2, 0, 150, 3, 228, 17], [17, 0, 33, 42, 299, 9]]
traning started for  6 epoch
epoch 7 loss: 0.755084276199
validation accuracy :  0.77375
validation class_total [1200.0, 1200.0, 1200.0, 1200.0, 1200.0, 1200.0]
validation class_correct [767.0, 1122.0, 1155.0, 821.0, 928.0, 778.0]
validation confusion_matrix [[767, 2, 0, 351, 43, 37], [0, 1122, 29, 0, 6, 43], [0, 9, 1155, 0, 30, 6], [318, 0, 0, 821, 51, 10], [13, 12, 86, 21, 928, 140], [26, 91, 25, 9, 271, 778]]
test accuracy :  0.257916666667
class_total [400.0, 400.0, 400.0, 400.0, 400.0, 400.0]
class_correct [0.0, 1.0, 220.0, 86.0, 309.0, 3.0]
confusion_matrix [[0, 80, 118, 0, 109, 93], [34, 1, 5, 23, 235, 102], [0, 18, 220, 0, 141, 21], [102, 0, 0, 86, 166, 46], [1, 0, 81, 2, 309, 7], [9, 0, 27, 15, 346, 3]]
traning started for  7 epoch
epoch 8 loss: 0.257739067078
validation accuracy :  0.825833333333
validation class_total [1200.0, 1200.0, 1200.0, 1200.0, 1200.0, 1200.0]
validation class_correct [821.0, 1148.0, 1181.0, 902.0, 960.0, 934.0]
validation confusion_matrix [[821, 1, 0, 252, 40, 86], [0, 1148, 22, 0, 2, 28], [0, 4, 1181, 0, 13, 2], [192, 0, 0, 902, 82, 24], [1, 5, 118, 5, 960, 111], [11, 59, 20, 3, 173, 934]]
test accuracy :  0.25625
class_total [400.0, 400.0, 400.0, 400.0, 400.0, 400.0]
class_correct [0.0, 2.0, 267.0, 83.0, 261.0, 2.0]
confusion_matrix [[0, 58, 174, 0, 92, 76], [23, 2, 4, 22, 191, 158], [0, 21, 267, 0, 98, 14], [87, 0, 0, 83, 174, 56], [1, 0, 113, 0, 261, 25], [1, 0, 62, 7, 328, 2]]
traning started for  8 epoch
epoch 9 loss: 0.0810303688049
validation accuracy :  0.887083333333
validation class_total [1200.0, 1200.0, 1200.0, 1200.0, 1200.0, 1200.0]
validation class_correct [940.0, 1157.0, 1164.0, 995.0, 1058.0, 1073.0]
validation confusion_matrix [[940, 0, 0, 172, 19, 69], [0, 1157, 2, 0, 0, 41], [0, 11, 1164, 0, 18, 7], [136, 0, 0, 995, 38, 31], [0, 1, 25, 2, 1058, 114], [13, 39, 5, 2, 68, 1073]]
test accuracy :  0.205
class_total [400.0, 400.0, 400.0, 400.0, 400.0, 400.0]
class_correct [0.0, 1.0, 165.0, 76.0, 245.0, 5.0]
confusion_matrix [[0, 78, 75, 0, 88, 159], [16, 1, 3, 23, 118, 239], [0, 27, 165, 0, 165, 43], [66, 0, 0, 76, 175, 83], [0, 0, 112, 0, 245, 43], [1, 0, 27, 10, 357, 5]]
traning started for  9 epoch
epoch 10 loss: 0.182658433914
validation accuracy :  0.916388888889
validation class_total [1200.0, 1200.0, 1200.0, 1200.0, 1200.0, 1200.0]
validation class_correct [1067.0, 1187.0, 1176.0, 990.0, 1070.0, 1108.0]
validation confusion_matrix [[1067, 0, 0, 65, 5, 63], [0, 1187, 2, 0, 0, 11], [0, 11, 1176, 0, 11, 2], [145, 1, 0, 990, 35, 29], [1, 1, 39, 1, 1070, 88], [8, 59, 5, 2, 18, 1108]]
test accuracy :  0.1775
class_total [400.0, 400.0, 400.0, 400.0, 400.0, 400.0]
class_correct [0.0, 1.0, 181.0, 69.0, 170.0, 5.0]
confusion_matrix [[0, 115, 84, 0, 55, 146], [25, 1, 1, 12, 69, 292], [0, 41, 181, 0, 118, 60], [73, 0, 0, 69, 178, 80], [0, 2, 122, 0, 170, 106], [2, 0, 23, 15, 355, 5]]
traning started for  10 epoch
epoch 11 loss: 0.0441131591797
validation accuracy :  0.921944444444
validation class_total [1200.0, 1200.0, 1200.0, 1200.0, 1200.0, 1200.0]
validation class_correct [973.0, 1159.0, 1179.0, 1088.0, 1150.0, 1089.0]
validation confusion_matrix [[973, 0, 0, 171, 22, 34], [0, 1159, 7, 0, 0, 34], [0, 2, 1179, 0, 18, 1], [36, 0, 0, 1088, 64, 12], [0, 0, 24, 2, 1150, 24], [14, 14, 4, 6, 73, 1089]]
test accuracy :  0.224166666667
class_total [400.0, 400.0, 400.0, 400.0, 400.0, 400.0]
class_correct [0.0, 0.0, 194.0, 97.0, 247.0, 0.0]
confusion_matrix [[0, 62, 88, 0, 108, 142], [10, 0, 4, 21, 158, 207], [0, 16, 194, 0, 166, 24], [29, 0, 0, 97, 239, 35], [0, 0, 121, 1, 247, 31], [0, 0, 17, 6, 377, 0]]
traning started for  11 epoch
epoch 12 loss: 0.0233235359192
validation accuracy :  0.955416666667
validation class_total [1200.0, 1200.0, 1200.0, 1200.0, 1200.0, 1200.0]
validation class_correct [1074.0, 1183.0, 1182.0, 1137.0, 1151.0, 1152.0]
validation confusion_matrix [[1074, 0, 0, 84, 2, 40], [0, 1183, 1, 0, 0, 16], [0, 6, 1182, 0, 11, 1], [16, 0, 0, 1137, 32, 15], [0, 0, 12, 4, 1151, 33], [5, 17, 2, 1, 23, 1152]]
test accuracy :  0.190416666667
class_total [400.0, 400.0, 400.0, 400.0, 400.0, 400.0]
class_correct [1.0, 0.0, 175.0, 83.0, 193.0, 5.0]
confusion_matrix [[1, 89, 69, 0, 63, 178], [15, 0, 2, 26, 117, 240], [0, 31, 175, 0, 147, 47], [22, 0, 0, 83, 236, 59], [0, 0, 102, 1, 193, 104], [0, 0, 18, 16, 361, 5]]
traning started for  12 epoch
epoch 13 loss: 0.0195579528809
validation accuracy :  0.941805555556
validation class_total [1200.0, 1200.0, 1200.0, 1200.0, 1200.0, 1200.0]
validation class_correct [1046.0, 1172.0, 1186.0, 1133.0, 1184.0, 1060.0]
validation confusion_matrix [[1046, 0, 0, 127, 18, 9], [0, 1172, 11, 0, 0, 17], [0, 0, 1186, 0, 14, 0], [9, 0, 0, 1133, 58, 0], [0, 1, 11, 0, 1184, 4], [11, 10, 5, 7, 107, 1060]]
test accuracy :  0.215416666667
class_total [400.0, 400.0, 400.0, 400.0, 400.0, 400.0]
class_correct [2.0, 0.0, 228.0, 87.0, 198.0, 2.0]
confusion_matrix [[2, 47, 109, 0, 144, 98], [13, 0, 4, 28, 192, 163], [0, 4, 228, 0, 159, 9], [13, 0, 0, 87, 286, 14], [0, 0, 158, 0, 198, 44], [0, 0, 21, 7, 370, 2]]
traning started for  13 epoch
epoch 14 loss: 0.0410823822021
validation accuracy :  0.96625
validation class_total [1200.0, 1200.0, 1200.0, 1200.0, 1200.0, 1200.0]
validation class_correct [1117.0, 1176.0, 1180.0, 1160.0, 1188.0, 1136.0]
validation confusion_matrix [[1117, 0, 0, 65, 5, 13], [0, 1176, 5, 0, 1, 18], [0, 3, 1180, 0, 17, 0], [8, 0, 0, 1160, 30, 2], [0, 0, 3, 2, 1188, 7], [13, 7, 3, 4, 37, 1136]]
test accuracy :  0.185833333333
class_total [400.0, 400.0, 400.0, 400.0, 400.0, 400.0]
class_correct [3.0, 0.0, 151.0, 103.0, 187.0, 2.0]
confusion_matrix [[3, 63, 71, 0, 127, 136], [10, 0, 1, 45, 137, 207], [0, 14, 151, 0, 202, 33], [15, 0, 0, 103, 265, 17], [0, 2, 149, 0, 187, 62], [0, 0, 14, 29, 355, 2]]
traning started for  14 epoch
epoch 15 loss: 0.0358004570007
validation accuracy :  0.975416666667
validation class_total [1200.0, 1200.0, 1200.0, 1200.0, 1200.0, 1200.0]
validation class_correct [1150.0, 1183.0, 1192.0, 1166.0, 1189.0, 1143.0]
validation confusion_matrix [[1150, 0, 0, 41, 4, 5], [0, 1183, 2, 0, 0, 15], [0, 0, 1192, 0, 8, 0], [11, 0, 0, 1166, 22, 1], [0, 0, 5, 2, 1189, 4], [15, 2, 3, 3, 34, 1143]]
test accuracy :  0.215833333333
class_total [400.0, 400.0, 400.0, 400.0, 400.0, 400.0]
class_correct [2.0, 0.0, 181.0, 111.0, 223.0, 1.0]
confusion_matrix [[2, 62, 91, 0, 121, 124], [23, 0, 0, 50, 107, 220], [0, 15, 181, 0, 180, 24], [36, 0, 0, 111, 226, 27], [0, 1, 77, 0, 223, 99], [0, 0, 23, 19, 357, 1]]
traning started for  15 epoch
epoch 16 loss: 0.00429534912109
validation accuracy :  0.986388888889
validation class_total [1200.0, 1200.0, 1200.0, 1200.0, 1200.0, 1200.0]
validation class_correct [1170.0, 1182.0, 1199.0, 1187.0, 1183.0, 1181.0]
validation confusion_matrix [[1170, 0, 0, 23, 0, 7], [0, 1182, 2, 0, 0, 16], [0, 0, 1199, 0, 1, 0], [4, 0, 0, 1187, 9, 0], [0, 0, 9, 1, 1183, 7], [9, 6, 1, 1, 2, 1181]]
test accuracy :  0.174166666667
class_total [400.0, 400.0, 400.0, 400.0, 400.0, 400.0]
class_correct [3.0, 0.0, 239.0, 118.0, 54.0, 4.0]
confusion_matrix [[3, 53, 91, 0, 86, 167], [15, 0, 2, 43, 47, 293], [0, 14, 239, 0, 107, 40], [28, 0, 0, 118, 224, 30], [0, 13, 145, 1, 54, 187], [0, 0, 40, 35, 321, 4]]
traning started for  16 epoch
epoch 17 loss: 0.0259046554565
validation accuracy :  0.975694444444
validation class_total [1200.0, 1200.0, 1200.0, 1200.0, 1200.0, 1200.0]
validation class_correct [1190.0, 1196.0, 1172.0, 1165.0, 1116.0, 1186.0]
validation confusion_matrix [[1190, 0, 0, 2, 0, 8], [0, 1196, 0, 0, 0, 4], [0, 24, 1172, 0, 0, 4], [22, 0, 0, 1165, 2, 11], [1, 0, 3, 4, 1116, 76], [2, 11, 0, 0, 1, 1186]]
test accuracy :  0.146666666667
class_total [400.0, 400.0, 400.0, 400.0, 400.0, 400.0]
class_correct [2.0, 0.0, 157.0, 120.0, 33.0, 40.0]
confusion_matrix [[2, 137, 31, 0, 18, 212], [14, 0, 0, 15, 14, 357], [0, 68, 157, 0, 55, 120], [58, 0, 0, 120, 151, 71], [2, 15, 88, 0, 33, 262], [0, 0, 41, 46, 273, 40]]
traning started for  17 epoch
epoch 18 loss: 0.00772666931152
validation accuracy :  0.994027777778
validation class_total [1200.0, 1200.0, 1200.0, 1200.0, 1200.0, 1200.0]
validation class_correct [1193.0, 1195.0, 1197.0, 1189.0, 1198.0, 1185.0]
validation confusion_matrix [[1193, 0, 0, 5, 0, 2], [0, 1195, 0, 0, 0, 5], [0, 0, 1197, 0, 3, 0], [3, 0, 0, 1189, 8, 0], [0, 0, 0, 2, 1198, 0], [6, 2, 1, 1, 5, 1185]]
test accuracy :  0.194583333333
class_total [400.0, 400.0, 400.0, 400.0, 400.0, 400.0]
class_correct [3.0, 0.0, 205.0, 102.0, 153.0, 4.0]
confusion_matrix [[3, 75, 81, 0, 106, 135], [22, 0, 3, 44, 84, 247], [0, 15, 205, 0, 142, 38], [33, 0, 0, 102, 247, 18], [2, 5, 106, 1, 153, 133], [0, 0, 22, 31, 343, 4]]
traning started for  18 epoch
epoch 19 loss: 0.0101418495178
validation accuracy :  0.993472222222
validation class_total [1200.0, 1200.0, 1200.0, 1200.0, 1200.0, 1200.0]
validation class_correct [1192.0, 1192.0, 1195.0, 1195.0, 1199.0, 1180.0]
validation confusion_matrix [[1192, 0, 0, 6, 0, 2], [0, 1192, 1, 0, 0, 7], [0, 1, 1195, 0, 4, 0], [4, 0, 0, 1195, 1, 0], [0, 0, 0, 1, 1199, 0], [13, 1, 0, 1, 5, 1180]]
test accuracy :  0.21125
class_total [400.0, 400.0, 400.0, 400.0, 400.0, 400.0]
class_correct [6.0, 0.0, 194.0, 135.0, 169.0, 3.0]
confusion_matrix [[6, 66, 59, 1, 108, 160], [22, 0, 2, 63, 91, 222], [0, 19, 194, 0, 145, 42], [48, 0, 0, 135, 208, 9], [4, 4, 87, 1, 169, 135], [0, 0, 27, 33, 337, 3]]
traning started for  19 epoch
epoch 20 loss: 0.00134229660034
validation accuracy :  0.990694444444
validation class_total [1200.0, 1200.0, 1200.0, 1200.0, 1200.0, 1200.0]
validation class_correct [1182.0, 1199.0, 1198.0, 1185.0, 1175.0, 1194.0]
validation confusion_matrix [[1182, 0, 0, 3, 0, 15], [0, 1199, 0, 0, 0, 1], [0, 2, 1198, 0, 0, 0], [2, 0, 0, 1185, 7, 6], [0, 0, 12, 1, 1175, 12], [1, 4, 0, 0, 1, 1194]]
test accuracy :  0.182083333333
class_total [400.0, 400.0, 400.0, 400.0, 400.0, 400.0]
class_correct [0.0, 0.0, 237.0, 116.0, 60.0, 24.0]
confusion_matrix [[0, 147, 57, 0, 26, 170], [4, 0, 3, 33, 41, 319], [0, 38, 237, 0, 69, 56], [20, 0, 0, 116, 228, 36], [0, 10, 154, 1, 60, 175], [0, 0, 61, 23, 292, 24]]
traning started for  20 epoch
epoch 21 loss: 0.00597715377808
validation accuracy :  0.996388888889
validation class_total [1200.0, 1200.0, 1200.0, 1200.0, 1200.0, 1200.0]
validation class_correct [1192.0, 1197.0, 1200.0, 1196.0, 1195.0, 1194.0]
validation confusion_matrix [[1192, 0, 0, 7, 0, 1], [0, 1197, 1, 0, 1, 1], [0, 0, 1200, 0, 0, 0], [2, 0, 0, 1196, 1, 1], [0, 0, 3, 1, 1195, 1], [1, 2, 0, 1, 2, 1194]]
test accuracy :  0.220416666667
class_total [400.0, 400.0, 400.0, 400.0, 400.0, 400.0]
class_correct [5.0, 0.0, 218.0, 152.0, 148.0, 6.0]
confusion_matrix [[5, 83, 93, 0, 91, 128], [22, 0, 1, 83, 74, 220], [0, 20, 218, 0, 125, 37], [24, 0, 0, 152, 211, 13], [2, 5, 116, 2, 148, 127], [0, 0, 25, 37, 332, 6]]
traning started for  21 epoch
epoch 22 loss: 0.000483512878418
validation accuracy :  0.997638888889
validation class_total [1200.0, 1200.0, 1200.0, 1200.0, 1200.0, 1200.0]
validation class_correct [1199.0, 1199.0, 1200.0, 1192.0, 1199.0, 1194.0]
validation confusion_matrix [[1199, 0, 0, 0, 0, 1], [0, 1199, 0, 0, 0, 1], [0, 0, 1200, 0, 0, 0], [1, 0, 0, 1192, 7, 0], [0, 0, 1, 0, 1199, 0], [1, 1, 0, 0, 4, 1194]]
test accuracy :  0.216666666667
class_total [400.0, 400.0, 400.0, 400.0, 400.0, 400.0]
class_correct [3.0, 0.0, 248.0, 120.0, 146.0, 3.0]
confusion_matrix [[3, 102, 97, 0, 102, 96], [14, 0, 3, 55, 101, 227], [0, 14, 248, 0, 114, 24], [25, 0, 0, 120, 247, 8], [3, 3, 147, 2, 146, 99], [0, 0, 43, 21, 333, 3]]
traning started for  22 epoch
epoch 23 loss: 0.00466871261597
validation accuracy :  0.998611111111
validation class_total [1200.0, 1200.0, 1200.0, 1200.0, 1200.0, 1200.0]
validation class_correct [1197.0, 1198.0, 1199.0, 1199.0, 1200.0, 1197.0]
validation confusion_matrix [[1197, 0, 0, 3, 0, 0], [0, 1198, 0, 0, 0, 2], [0, 0, 1199, 0, 1, 0], [1, 0, 0, 1199, 0, 0], [0, 0, 0, 0, 1200, 0], [1, 0, 0, 1, 1, 1197]]
test accuracy :  0.21
class_total [400.0, 400.0, 400.0, 400.0, 400.0, 400.0]
class_correct [9.0, 0.0, 228.0, 127.0, 134.0, 6.0]
confusion_matrix [[9, 90, 69, 1, 90, 141], [16, 0, 3, 60, 83, 238], [0, 15, 228, 0, 110, 47], [37, 0, 0, 127, 223, 13], [1, 9, 104, 2, 134, 150], [0, 0, 24, 37, 333, 6]]
traning started for  23 epoch
epoch 24 loss: 0.000819683074951
validation accuracy :  0.994861111111
validation class_total [1200.0, 1200.0, 1200.0, 1200.0, 1200.0, 1200.0]
validation class_correct [1200.0, 1196.0, 1195.0, 1200.0, 1199.0, 1173.0]
validation confusion_matrix [[1200, 0, 0, 0, 0, 0], [0, 1196, 0, 0, 0, 4], [0, 0, 1195, 0, 5, 0], [0, 0, 0, 1200, 0, 0], [1, 0, 0, 0, 1199, 0], [24, 0, 0, 2, 1, 1173]]
test accuracy :  0.181666666667
class_total [400.0, 400.0, 400.0, 400.0, 400.0, 400.0]
class_correct [14.0, 0.0, 135.0, 140.0, 145.0, 2.0]
confusion_matrix [[14, 86, 57, 1, 114, 128], [49, 0, 1, 75, 64, 211], [0, 23, 135, 0, 189, 53], [69, 0, 0, 140, 182, 9], [14, 6, 52, 2, 145, 181], [0, 0, 7, 56, 335, 2]]
traning started for  24 epoch
epoch 25 loss: 0.0107612609863
validation accuracy :  0.983472222222
validation class_total [1200.0, 1200.0, 1200.0, 1200.0, 1200.0, 1200.0]
validation class_correct [1139.0, 1194.0, 1200.0, 1174.0, 1197.0, 1177.0]
validation confusion_matrix [[1139, 0, 0, 33, 19, 9], [0, 1194, 6, 0, 0, 0], [0, 0, 1200, 0, 0, 0], [0, 0, 0, 1174, 25, 1], [0, 0, 3, 0, 1197, 0], [0, 0, 3, 1, 19, 1177]]
test accuracy :  0.208333333333
class_total [400.0, 400.0, 400.0, 400.0, 400.0, 400.0]
class_correct [1.0, 0.0, 251.0, 89.0, 159.0, 0.0]
confusion_matrix [[1, 61, 151, 0, 124, 63], [3, 0, 5, 48, 139, 205], [0, 8, 251, 0, 129, 12], [5, 0, 0, 89, 291, 15], [0, 1, 157, 2, 159, 81], [0, 0, 29, 9, 362, 0]]
traning started for  25 epoch
epoch 26 loss: 0.00125598907471
