cuda
traning started for  1 epoch
epoch 1 loss: 1.77855420113
validation accuracy :  0.171944444444
validation class_total [1200.0, 1200.0, 1200.0, 1200.0, 1200.0, 1200.0]
validation class_correct [259.0, 189.0, 179.0, 195.0, 198.0, 218.0]
validation confusion_matrix [[259, 193, 162, 210, 187, 189], [246, 189, 174, 218, 167, 206], [256, 209, 179, 200, 158, 198], [227, 183, 172, 195, 189, 234], [248, 187, 171, 197, 198, 199], [232, 197, 161, 199, 193, 218]]
test accuracy :  0.150416666667
class_total [400.0, 400.0, 400.0, 400.0, 400.0, 400.0]
class_correct [72.0, 55.0, 48.0, 65.0, 61.0, 60.0]
confusion_matrix [[72, 62, 54, 71, 65, 76], [94, 55, 51, 67, 63, 70], [78, 73, 48, 64, 66, 71], [76, 80, 53, 65, 61, 65], [76, 67, 59, 74, 61, 63], [79, 63, 67, 72, 59, 60]]
traning started for  2 epoch
epoch 2 loss: 1.61557590961
validation accuracy :  0.180694444444
validation class_total [1200.0, 1200.0, 1200.0, 1200.0, 1200.0, 1200.0]
validation class_correct [226.0, 190.0, 201.0, 210.0, 220.0, 254.0]
validation confusion_matrix [[226, 169, 199, 191, 212, 203], [202, 190, 178, 221, 177, 232], [197, 183, 201, 192, 203, 224], [207, 197, 166, 210, 194, 226], [216, 171, 188, 196, 220, 209], [214, 167, 193, 195, 177, 254]]
test accuracy :  0.1675
class_total [400.0, 400.0, 400.0, 400.0, 400.0, 400.0]
class_correct [73.0, 61.0, 62.0, 63.0, 62.0, 81.0]
confusion_matrix [[73, 60, 54, 74, 71, 68], [65, 61, 68, 54, 72, 80], [73, 56, 62, 63, 73, 73], [69, 64, 54, 63, 57, 93], [69, 59, 64, 65, 62, 81], [73, 68, 56, 68, 54, 81]]
traning started for  3 epoch
epoch 3 loss: 2.01560354233
validation accuracy :  0.198333333333
validation class_total [1200.0, 1200.0, 1200.0, 1200.0, 1200.0, 1200.0]
validation class_correct [278.0, 231.0, 210.0, 220.0, 243.0, 246.0]
validation confusion_matrix [[278, 212, 158, 182, 165, 205], [216, 231, 149, 175, 176, 253], [214, 196, 210, 174, 191, 215], [219, 180, 167, 220, 175, 239], [226, 184, 169, 187, 243, 191], [237, 186, 162, 190, 179, 246]]
test accuracy :  0.162083333333
class_total [400.0, 400.0, 400.0, 400.0, 400.0, 400.0]
class_correct [87.0, 54.0, 53.0, 47.0, 63.0, 85.0]
confusion_matrix [[87, 84, 53, 65, 42, 69], [57, 54, 60, 71, 58, 100], [61, 70, 53, 60, 75, 81], [94, 71, 69, 47, 58, 61], [71, 59, 58, 60, 63, 89], [76, 55, 54, 67, 63, 85]]
traning started for  4 epoch
epoch 4 loss: 1.86918866634
validation accuracy :  0.210416666667
validation class_total [1200.0, 1200.0, 1200.0, 1200.0, 1200.0, 1200.0]
validation class_correct [279.0, 260.0, 229.0, 231.0, 231.0, 285.0]
validation confusion_matrix [[279, 187, 154, 179, 159, 242], [210, 260, 159, 166, 162, 243], [218, 167, 229, 191, 191, 204], [213, 191, 166, 231, 164, 235], [206, 172, 187, 174, 231, 230], [217, 189, 174, 172, 163, 285]]
test accuracy :  0.15125
class_total [400.0, 400.0, 400.0, 400.0, 400.0, 400.0]
class_correct [73.0, 54.0, 59.0, 48.0, 60.0, 69.0]
confusion_matrix [[73, 79, 60, 62, 47, 79], [75, 54, 64, 61, 62, 84], [60, 73, 59, 61, 72, 75], [75, 64, 53, 48, 79, 81], [68, 65, 64, 52, 60, 91], [83, 68, 67, 63, 50, 69]]
traning started for  5 epoch
epoch 5 loss: 1.35474681854
validation accuracy :  0.217222222222
validation class_total [1200.0, 1200.0, 1200.0, 1200.0, 1200.0, 1200.0]
validation class_correct [282.0, 236.0, 263.0, 254.0, 231.0, 298.0]
validation confusion_matrix [[282, 195, 161, 169, 159, 234], [213, 236, 150, 186, 194, 221], [189, 169, 263, 176, 199, 204], [199, 175, 191, 254, 166, 215], [204, 171, 206, 183, 231, 205], [204, 187, 164, 184, 163, 298]]
test accuracy :  0.173333333333
class_total [400.0, 400.0, 400.0, 400.0, 400.0, 400.0]
class_correct [77.0, 55.0, 73.0, 71.0, 60.0, 80.0]
confusion_matrix [[77, 71, 48, 65, 58, 81], [67, 55, 68, 74, 61, 75], [67, 51, 73, 58, 61, 90], [73, 59, 58, 71, 62, 77], [68, 66, 73, 61, 60, 72], [60, 64, 75, 66, 55, 80]]
traning started for  6 epoch
epoch 6 loss: 1.86819052696
validation accuracy :  0.229444444444
validation class_total [1200.0, 1200.0, 1200.0, 1200.0, 1200.0, 1200.0]
validation class_correct [307.0, 273.0, 272.0, 270.0, 245.0, 285.0]
validation confusion_matrix [[307, 207, 166, 160, 146, 214], [215, 273, 156, 187, 171, 198], [205, 164, 272, 183, 184, 192], [180, 182, 170, 270, 187, 211], [211, 175, 194, 197, 245, 178], [212, 194, 183, 166, 160, 285]]
test accuracy :  0.170416666667
class_total [400.0, 400.0, 400.0, 400.0, 400.0, 400.0]
class_correct [92.0, 48.0, 66.0, 48.0, 69.0, 86.0]
confusion_matrix [[92, 81, 54, 45, 53, 75], [64, 48, 67, 73, 68, 80], [79, 56, 66, 59, 80, 60], [87, 51, 77, 48, 69, 68], [75, 57, 63, 57, 69, 79], [59, 65, 58, 73, 59, 86]]
traning started for  7 epoch
epoch 7 loss: 1.61272382736
validation accuracy :  0.232777777778
validation class_total [1200.0, 1200.0, 1200.0, 1200.0, 1200.0, 1200.0]
validation class_correct [320.0, 260.0, 268.0, 262.0, 285.0, 281.0]
validation confusion_matrix [[320, 218, 144, 171, 161, 186], [229, 260, 159, 193, 155, 204], [184, 160, 268, 195, 214, 179], [192, 180, 187, 262, 183, 196], [180, 168, 192, 183, 285, 192], [214, 211, 153, 176, 165, 281]]
test accuracy :  0.155
class_total [400.0, 400.0, 400.0, 400.0, 400.0, 400.0]
class_correct [76.0, 43.0, 47.0, 68.0, 72.0, 66.0]
confusion_matrix [[76, 64, 54, 59, 58, 89], [75, 43, 73, 73, 67, 69], [70, 58, 47, 70, 84, 71], [60, 65, 67, 68, 66, 74], [70, 58, 81, 62, 72, 57], [59, 65, 77, 71, 62, 66]]
traning started for  8 epoch
epoch 8 loss: 1.8516010046
validation accuracy :  0.244305555556
validation class_total [1200.0, 1200.0, 1200.0, 1200.0, 1200.0, 1200.0]
validation class_correct [334.0, 275.0, 324.0, 262.0, 277.0, 287.0]
validation confusion_matrix [[334, 202, 141, 193, 163, 167], [196, 275, 185, 179, 168, 197], [193, 152, 324, 186, 174, 171], [209, 175, 189, 262, 169, 196], [180, 167, 222, 176, 277, 178], [203, 182, 185, 182, 161, 287]]
test accuracy :  0.161666666667
class_total [400.0, 400.0, 400.0, 400.0, 400.0, 400.0]
class_correct [63.0, 59.0, 65.0, 51.0, 69.0, 81.0]
confusion_matrix [[63, 90, 53, 64, 49, 81], [70, 59, 70, 60, 72, 69], [60, 65, 65, 59, 79, 72], [60, 66, 64, 51, 83, 76], [72, 61, 76, 56, 69, 66], [65, 61, 58, 66, 69, 81]]
traning started for  9 epoch
epoch 9 loss: 1.42878997326
validation accuracy :  0.264722222222
validation class_total [1200.0, 1200.0, 1200.0, 1200.0, 1200.0, 1200.0]
validation class_correct [357.0, 320.0, 326.0, 300.0, 296.0, 307.0]
validation confusion_matrix [[357, 197, 133, 179, 141, 193], [210, 320, 180, 170, 123, 197], [180, 147, 326, 178, 186, 183], [203, 158, 192, 300, 158, 189], [190, 166, 200, 179, 296, 169], [179, 187, 173, 191, 163, 307]]
test accuracy :  0.172083333333
class_total [400.0, 400.0, 400.0, 400.0, 400.0, 400.0]
class_correct [82.0, 54.0, 76.0, 69.0, 52.0, 80.0]
confusion_matrix [[82, 82, 51, 65, 55, 65], [70, 54, 81, 57, 67, 71], [72, 57, 76, 57, 75, 63], [60, 78, 59, 69, 67, 67], [72, 60, 82, 52, 52, 82], [60, 77, 69, 62, 52, 80]]
traning started for  10 epoch
epoch 10 loss: 1.64460277557
validation accuracy :  0.266388888889
validation class_total [1200.0, 1200.0, 1200.0, 1200.0, 1200.0, 1200.0]
validation class_correct [345.0, 332.0, 328.0, 306.0, 307.0, 300.0]
validation confusion_matrix [[345, 185, 150, 168, 162, 190], [213, 332, 171, 156, 144, 184], [165, 149, 328, 168, 203, 187], [176, 166, 166, 306, 169, 217], [177, 152, 209, 178, 307, 177], [196, 188, 168, 164, 184, 300]]
test accuracy :  0.1575
class_total [400.0, 400.0, 400.0, 400.0, 400.0, 400.0]
class_correct [67.0, 56.0, 58.0, 52.0, 69.0, 76.0]
confusion_matrix [[67, 84, 55, 56, 59, 79], [57, 56, 80, 56, 71, 80], [78, 56, 58, 57, 81, 70], [71, 56, 79, 52, 70, 72], [74, 49, 69, 60, 69, 79], [73, 61, 73, 67, 50, 76]]
traning started for  11 epoch
epoch 11 loss: 1.61593639851
validation accuracy :  0.275694444444
validation class_total [1200.0, 1200.0, 1200.0, 1200.0, 1200.0, 1200.0]
validation class_correct [335.0, 341.0, 346.0, 315.0, 326.0, 322.0]
validation confusion_matrix [[335, 213, 139, 167, 167, 179], [204, 341, 159, 153, 154, 189], [166, 150, 346, 164, 214, 160], [186, 159, 196, 315, 180, 164], [180, 145, 223, 166, 326, 160], [164, 201, 155, 178, 180, 322]]
test accuracy :  0.17
class_total [400.0, 400.0, 400.0, 400.0, 400.0, 400.0]
class_correct [83.0, 51.0, 75.0, 50.0, 77.0, 72.0]
confusion_matrix [[83, 82, 46, 56, 67, 66], [47, 51, 82, 71, 76, 73], [49, 56, 75, 61, 77, 82], [58, 69, 63, 50, 86, 74], [60, 60, 78, 55, 77, 70], [57, 53, 81, 65, 72, 72]]
traning started for  12 epoch
epoch 12 loss: 1.70124137402
validation accuracy :  0.270833333333
validation class_total [1200.0, 1200.0, 1200.0, 1200.0, 1200.0, 1200.0]
validation class_correct [346.0, 340.0, 332.0, 299.0, 291.0, 342.0]
validation confusion_matrix [[346, 198, 146, 143, 174, 193], [226, 340, 130, 151, 160, 193], [175, 154, 332, 174, 205, 160], [184, 162, 160, 299, 171, 224], [194, 155, 207, 147, 291, 206], [189, 193, 159, 146, 171, 342]]
test accuracy :  0.154583333333
class_total [400.0, 400.0, 400.0, 400.0, 400.0, 400.0]
class_correct [76.0, 44.0, 64.0, 47.0, 60.0, 80.0]
confusion_matrix [[76, 91, 44, 54, 58, 77], [57, 44, 81, 59, 75, 84], [69, 73, 64, 50, 81, 63], [69, 57, 83, 47, 70, 74], [81, 51, 89, 43, 60, 76], [74, 57, 61, 73, 55, 80]]
traning started for  13 epoch
epoch 13 loss: 1.93710505962
validation accuracy :  0.292083333333
validation class_total [1200.0, 1200.0, 1200.0, 1200.0, 1200.0, 1200.0]
validation class_correct [373.0, 394.0, 378.0, 316.0, 324.0, 318.0]
validation confusion_matrix [[373, 221, 133, 160, 145, 168], [178, 394, 142, 167, 149, 170], [136, 176, 378, 157, 214, 139], [177, 184, 175, 316, 183, 165], [172, 156, 209, 162, 324, 177], [169, 204, 159, 161, 189, 318]]
test accuracy :  0.172083333333
class_total [400.0, 400.0, 400.0, 400.0, 400.0, 400.0]
class_correct [78.0, 55.0, 69.0, 58.0, 72.0, 81.0]
confusion_matrix [[78, 101, 43, 58, 57, 63], [50, 55, 88, 50, 83, 74], [55, 72, 69, 56, 81, 67], [57, 67, 73, 58, 70, 75], [66, 61, 93, 47, 72, 61], [60, 73, 62, 63, 61, 81]]
traning started for  14 epoch
epoch 14 loss: 1.27415466309
validation accuracy :  0.30375
validation class_total [1200.0, 1200.0, 1200.0, 1200.0, 1200.0, 1200.0]
validation class_correct [378.0, 394.0, 404.0, 307.0, 341.0, 363.0]
validation confusion_matrix [[378, 194, 151, 157, 140, 180], [187, 394, 145, 157, 131, 186], [151, 147, 404, 148, 191, 159], [174, 144, 218, 307, 155, 202], [148, 174, 217, 147, 341, 173], [168, 193, 155, 151, 170, 363]]
test accuracy :  0.175833333333
class_total [400.0, 400.0, 400.0, 400.0, 400.0, 400.0]
class_correct [81.0, 54.0, 81.0, 55.0, 79.0, 72.0]
confusion_matrix [[81, 95, 61, 48, 53, 62], [55, 54, 85, 67, 65, 74], [63, 67, 81, 55, 70, 64], [81, 52, 76, 55, 66, 70], [62, 55, 81, 48, 79, 75], [64, 71, 74, 66, 53, 72]]
traning started for  15 epoch
epoch 15 loss: 1.59097027779
validation accuracy :  0.307083333333
validation class_total [1200.0, 1200.0, 1200.0, 1200.0, 1200.0, 1200.0]
validation class_correct [391.0, 411.0, 371.0, 314.0, 348.0, 376.0]
validation confusion_matrix [[391, 177, 127, 178, 138, 189], [184, 411, 142, 147, 139, 177], [173, 136, 371, 164, 192, 164], [193, 153, 192, 314, 161, 187], [177, 135, 210, 155, 348, 175], [156, 204, 135, 159, 170, 376]]
test accuracy :  0.169583333333
class_total [400.0, 400.0, 400.0, 400.0, 400.0, 400.0]
class_correct [73.0, 60.0, 68.0, 61.0, 71.0, 74.0]
confusion_matrix [[73, 84, 52, 58, 59, 74], [61, 60, 91, 53, 69, 66], [70, 66, 68, 66, 79, 51], [68, 73, 67, 61, 71, 60], [71, 54, 81, 51, 71, 72], [54, 71, 74, 65, 62, 74]]
traning started for  16 epoch
epoch 16 loss: 1.64134716988
validation accuracy :  0.305972222222
validation class_total [1200.0, 1200.0, 1200.0, 1200.0, 1200.0, 1200.0]
validation class_correct [394.0, 433.0, 369.0, 305.0, 349.0, 353.0]
validation confusion_matrix [[394, 193, 146, 127, 155, 185], [192, 433, 122, 139, 134, 180], [149, 154, 369, 149, 202, 177], [211, 154, 195, 305, 150, 185], [178, 156, 210, 133, 349, 174], [170, 198, 162, 153, 164, 353]]
test accuracy :  0.168333333333
class_total [400.0, 400.0, 400.0, 400.0, 400.0, 400.0]
class_correct [76.0, 59.0, 68.0, 48.0, 73.0, 80.0]
confusion_matrix [[76, 94, 47, 52, 62, 69], [40, 59, 81, 55, 88, 77], [67, 63, 68, 44, 90, 68], [61, 62, 68, 48, 89, 72], [80, 55, 83, 50, 73, 59], [59, 62, 79, 55, 65, 80]]
traning started for  17 epoch
epoch 17 loss: 1.66643881798
validation accuracy :  0.321111111111
validation class_total [1200.0, 1200.0, 1200.0, 1200.0, 1200.0, 1200.0]
validation class_correct [424.0, 385.0, 409.0, 362.0, 376.0, 356.0]
validation confusion_matrix [[424, 172, 151, 143, 146, 164], [184, 385, 150, 141, 140, 200], [138, 127, 409, 175, 214, 137], [179, 129, 165, 362, 190, 175], [170, 146, 201, 156, 376, 151], [167, 190, 152, 167, 168, 356]]
test accuracy :  0.175416666667
class_total [400.0, 400.0, 400.0, 400.0, 400.0, 400.0]
class_correct [71.0, 48.0, 79.0, 63.0, 80.0, 80.0]
confusion_matrix [[71, 89, 47, 57, 63, 73], [46, 48, 98, 64, 74, 70], [62, 64, 79, 55, 79, 61], [65, 64, 68, 63, 76, 64], [63, 51, 75, 64, 80, 67], [67, 60, 72, 56, 65, 80]]
traning started for  18 epoch
epoch 18 loss: 1.7885748148
validation accuracy :  0.321805555556
validation class_total [1200.0, 1200.0, 1200.0, 1200.0, 1200.0, 1200.0]
validation class_correct [438.0, 416.0, 408.0, 339.0, 384.0, 332.0]
validation confusion_matrix [[438, 173, 122, 160, 174, 133], [174, 416, 126, 145, 157, 182], [149, 126, 408, 148, 225, 144], [197, 130, 178, 339, 191, 165], [158, 141, 208, 140, 384, 169], [171, 194, 148, 145, 210, 332]]
test accuracy :  0.16625
class_total [400.0, 400.0, 400.0, 400.0, 400.0, 400.0]
class_correct [77.0, 41.0, 64.0, 63.0, 79.0, 75.0]
confusion_matrix [[77, 92, 47, 43, 63, 78], [49, 41, 85, 70, 85, 70], [76, 54, 64, 60, 85, 61], [72, 45, 68, 63, 76, 76], [56, 49, 90, 64, 79, 62], [62, 56, 80, 63, 64, 75]]
traning started for  19 epoch
epoch 19 loss: 1.6900370121
validation accuracy :  0.331944444444
validation class_total [1200.0, 1200.0, 1200.0, 1200.0, 1200.0, 1200.0]
validation class_correct [427.0, 442.0, 441.0, 340.0, 362.0, 378.0]
validation confusion_matrix [[427, 196, 124, 135, 134, 184], [184, 442, 134, 116, 131, 193], [134, 137, 441, 144, 182, 162], [189, 157, 174, 340, 158, 182], [152, 166, 223, 147, 362, 150], [174, 186, 137, 144, 181, 378]]
test accuracy :  0.170833333333
class_total [400.0, 400.0, 400.0, 400.0, 400.0, 400.0]
class_correct [75.0, 47.0, 80.0, 57.0, 82.0, 69.0]
confusion_matrix [[75, 91, 48, 45, 65, 76], [44, 47, 103, 58, 72, 76], [65, 59, 80, 60, 75, 61], [62, 64, 67, 57, 85, 65], [66, 49, 88, 52, 82, 63], [52, 68, 70, 68, 73, 69]]
traning started for  20 epoch
epoch 20 loss: 1.57637798786
validation accuracy :  0.346111111111
validation class_total [1200.0, 1200.0, 1200.0, 1200.0, 1200.0, 1200.0]
validation class_correct [464.0, 461.0, 475.0, 395.0, 350.0, 347.0]
validation confusion_matrix [[464, 174, 128, 124, 133, 177], [187, 461, 143, 129, 132, 148], [135, 115, 475, 149, 180, 146], [188, 112, 176, 395, 159, 170], [180, 117, 237, 152, 350, 164], [175, 181, 170, 155, 172, 347]]
test accuracy :  0.16875
class_total [400.0, 400.0, 400.0, 400.0, 400.0, 400.0]
class_correct [71.0, 36.0, 76.0, 65.0, 76.0, 81.0]
confusion_matrix [[71, 84, 58, 58, 55, 74], [44, 36, 101, 58, 79, 82], [68, 56, 76, 64, 82, 54], [52, 60, 85, 65, 71, 67], [62, 42, 80, 66, 76, 74], [62, 53, 80, 80, 44, 81]]
traning started for  21 epoch
epoch 21 loss: 1.64645409584
validation accuracy :  0.339583333333
validation class_total [1200.0, 1200.0, 1200.0, 1200.0, 1200.0, 1200.0]
validation class_correct [447.0, 453.0, 453.0, 340.0, 389.0, 363.0]
validation confusion_matrix [[447, 191, 115, 153, 144, 150], [171, 453, 121, 146, 159, 150], [136, 141, 453, 129, 198, 143], [180, 131, 193, 340, 170, 186], [154, 134, 224, 138, 389, 161], [186, 189, 144, 140, 178, 363]]
test accuracy :  0.167083333333
class_total [400.0, 400.0, 400.0, 400.0, 400.0, 400.0]
class_correct [67.0, 44.0, 73.0, 54.0, 82.0, 81.0]
confusion_matrix [[67, 107, 44, 49, 53, 80], [56, 44, 94, 49, 79, 78], [56, 64, 73, 60, 79, 68], [70, 59, 81, 54, 73, 63], [65, 52, 88, 46, 82, 67], [74, 43, 72, 64, 66, 81]]
traning started for  22 epoch
epoch 22 loss: 1.48888933659
validation accuracy :  0.352916666667
validation class_total [1200.0, 1200.0, 1200.0, 1200.0, 1200.0, 1200.0]
validation class_correct [444.0, 491.0, 478.0, 355.0, 365.0, 408.0]
validation confusion_matrix [[444, 163, 153, 137, 136, 167], [166, 491, 134, 106, 132, 171], [121, 119, 478, 150, 198, 134], [190, 125, 199, 355, 165, 166], [163, 137, 250, 143, 365, 142], [156, 180, 144, 138, 174, 408]]
test accuracy :  0.167083333333
class_total [400.0, 400.0, 400.0, 400.0, 400.0, 400.0]
class_correct [64.0, 41.0, 66.0, 54.0, 93.0, 83.0]
confusion_matrix [[64, 106, 50, 53, 55, 72], [50, 41, 101, 60, 77, 71], [65, 64, 66, 54, 85, 66], [59, 53, 89, 54, 81, 64], [61, 46, 84, 52, 93, 64], [66, 47, 71, 66, 67, 83]]
traning started for  23 epoch
epoch 23 loss: 1.52540576458
validation accuracy :  0.3675
validation class_total [1200.0, 1200.0, 1200.0, 1200.0, 1200.0, 1200.0]
validation class_correct [473.0, 526.0, 481.0, 375.0, 419.0, 372.0]
validation confusion_matrix [[473, 180, 145, 153, 119, 130], [164, 526, 148, 87, 113, 162], [137, 128, 481, 147, 185, 122], [182, 143, 198, 375, 173, 129], [148, 140, 234, 130, 419, 129], [169, 205, 159, 125, 170, 372]]
test accuracy :  0.160833333333
class_total [400.0, 400.0, 400.0, 400.0, 400.0, 400.0]
class_correct [71.0, 35.0, 95.0, 34.0, 82.0, 69.0]
confusion_matrix [[71, 104, 53, 50, 50, 72], [60, 35, 104, 49, 81, 71], [65, 49, 95, 56, 86, 49], [66, 61, 88, 34, 86, 65], [64, 58, 86, 55, 82, 55], [66, 47, 78, 66, 74, 69]]
traning started for  24 epoch
epoch 24 loss: 1.71814846992
validation accuracy :  0.368611111111
validation class_total [1200.0, 1200.0, 1200.0, 1200.0, 1200.0, 1200.0]
validation class_correct [469.0, 522.0, 494.0, 379.0, 390.0, 400.0]
validation confusion_matrix [[469, 145, 135, 125, 141, 185], [137, 522, 117, 104, 146, 174], [145, 108, 494, 118, 196, 139], [188, 116, 197, 379, 147, 173], [169, 135, 236, 117, 390, 153], [150, 197, 129, 132, 192, 400]]
test accuracy :  0.174583333333
class_total [400.0, 400.0, 400.0, 400.0, 400.0, 400.0]
class_correct [65.0, 38.0, 85.0, 58.0, 94.0, 79.0]
confusion_matrix [[65, 109, 55, 40, 62, 69], [43, 38, 95, 53, 86, 85], [44, 57, 85, 46, 100, 68], [58, 57, 82, 58, 80, 65], [69, 32, 83, 50, 94, 72], [56, 42, 86, 67, 70, 79]]
traning started for  25 epoch
epoch 25 loss: 1.6317833662
validation accuracy :  0.382638888889
validation class_total [1200.0, 1200.0, 1200.0, 1200.0, 1200.0, 1200.0]
validation class_correct [491.0, 532.0, 502.0, 423.0, 424.0, 383.0]
validation confusion_matrix [[491, 151, 135, 140, 123, 160], [166, 532, 120, 94, 122, 166], [119, 139, 502, 122, 196, 122], [188, 120, 198, 423, 140, 131], [152, 131, 214, 135, 424, 144], [149, 207, 155, 135, 171, 383]]
test accuracy :  0.179166666667
class_total [400.0, 400.0, 400.0, 400.0, 400.0, 400.0]
class_correct [78.0, 41.0, 76.0, 57.0, 95.0, 83.0]
confusion_matrix [[78, 103, 46, 32, 60, 81], [49, 41, 106, 57, 82, 65], [52, 59, 76, 71, 77, 65], [69, 59, 83, 57, 66, 66], [55, 48, 81, 62, 95, 59], [76, 42, 72, 59, 68, 83]]
traning started for  26 epoch
epoch 26 loss: 1.59892129898
validation accuracy :  0.391944444444
validation class_total [1200.0, 1200.0, 1200.0, 1200.0, 1200.0, 1200.0]
validation class_correct [504.0, 605.0, 490.0, 411.0, 415.0, 397.0]
validation confusion_matrix [[504, 176, 111, 129, 130, 150], [134, 605, 127, 103, 94, 137], [107, 154, 490, 154, 186, 109], [192, 109, 176, 411, 138, 174], [158, 130, 216, 124, 415, 157], [160, 191, 164, 129, 159, 397]]
test accuracy :  0.16125
class_total [400.0, 400.0, 400.0, 400.0, 400.0, 400.0]
class_correct [58.0, 39.0, 85.0, 52.0, 79.0, 74.0]
confusion_matrix [[58, 123, 51, 38, 45, 85], [45, 39, 95, 68, 86, 67], [65, 60, 85, 50, 65, 75], [73, 60, 67, 52, 78, 70], [66, 52, 92, 57, 79, 54], [51, 55, 87, 75, 58, 74]]
traning started for  27 epoch
epoch 27 loss: 1.62033498287
validation accuracy :  0.390694444444
validation class_total [1200.0, 1200.0, 1200.0, 1200.0, 1200.0, 1200.0]
validation class_correct [490.0, 594.0, 524.0, 416.0, 415.0, 374.0]
validation confusion_matrix [[490, 153, 127, 136, 145, 149], [137, 594, 128, 84, 108, 149], [107, 137, 524, 136, 166, 130], [180, 105, 210, 416, 146, 143], [145, 133, 216, 127, 415, 164], [174, 200, 182, 109, 161, 374]]
test accuracy :  0.1725
class_total [400.0, 400.0, 400.0, 400.0, 400.0, 400.0]
class_correct [74.0, 39.0, 103.0, 48.0, 79.0, 71.0]
confusion_matrix [[74, 102, 48, 34, 66, 76], [55, 39, 96, 53, 87, 70], [60, 66, 103, 41, 69, 61], [71, 50, 81, 48, 83, 67], [59, 40, 95, 45, 79, 82], [58, 49, 88, 68, 66, 71]]
traning started for  28 epoch
epoch 28 loss: 1.71917009354
validation accuracy :  0.404305555556
validation class_total [1200.0, 1200.0, 1200.0, 1200.0, 1200.0, 1200.0]
validation class_correct [519.0, 612.0, 544.0, 414.0, 400.0, 422.0]
validation confusion_matrix [[519, 154, 131, 119, 143, 134], [142, 612, 111, 88, 99, 148], [116, 123, 544, 121, 161, 135], [163, 104, 199, 414, 148, 172], [155, 133, 220, 128, 400, 164], [151, 225, 149, 103, 150, 422]]
test accuracy :  0.16625
class_total [400.0, 400.0, 400.0, 400.0, 400.0, 400.0]
class_correct [71.0, 42.0, 89.0, 42.0, 70.0, 85.0]
confusion_matrix [[71, 111, 55, 30, 47, 86], [55, 42, 104, 50, 87, 62], [55, 57, 89, 49, 80, 70], [61, 66, 87, 42, 70, 74], [55, 43, 108, 57, 70, 67], [69, 43, 72, 72, 59, 85]]
traning started for  29 epoch
epoch 29 loss: 1.18939054012
validation accuracy :  0.418333333333
validation class_total [1200.0, 1200.0, 1200.0, 1200.0, 1200.0, 1200.0]
validation class_correct [505.0, 643.0, 536.0, 456.0, 434.0, 438.0]
validation confusion_matrix [[505, 168, 114, 139, 121, 153], [123, 643, 120, 93, 88, 133], [117, 133, 536, 134, 156, 124], [197, 95, 191, 456, 147, 114], [148, 120, 217, 123, 434, 158], [146, 194, 149, 111, 162, 438]]
test accuracy :  0.169166666667
class_total [400.0, 400.0, 400.0, 400.0, 400.0, 400.0]
class_correct [67.0, 38.0, 94.0, 46.0, 93.0, 68.0]
confusion_matrix [[67, 113, 43, 50, 54, 73], [40, 38, 104, 65, 86, 67], [62, 52, 94, 46, 85, 61], [64, 61, 82, 46, 87, 60], [53, 41, 94, 54, 93, 65], [60, 45, 82, 77, 68, 68]]
traning started for  30 epoch
epoch 30 loss: 1.63905870914
validation accuracy :  0.428194444444
validation class_total [1200.0, 1200.0, 1200.0, 1200.0, 1200.0, 1200.0]
validation class_correct [553.0, 673.0, 572.0, 441.0, 429.0, 415.0]
validation confusion_matrix [[553, 152, 117, 144, 112, 122], [120, 673, 113, 67, 91, 136], [99, 114, 572, 135, 160, 120], [187, 96, 196, 441, 155, 125], [152, 122, 216, 141, 429, 140], [125, 205, 159, 128, 168, 415]]
test accuracy :  0.167916666667
class_total [400.0, 400.0, 400.0, 400.0, 400.0, 400.0]
class_correct [78.0, 35.0, 94.0, 49.0, 76.0, 71.0]
confusion_matrix [[78, 133, 44, 34, 52, 59], [41, 35, 112, 64, 77, 71], [61, 51, 94, 49, 79, 66], [73, 58, 83, 49, 78, 59], [61, 39, 115, 54, 76, 55], [59, 31, 99, 82, 58, 71]]
traning started for  31 epoch
epoch 31 loss: 1.76827299595
validation accuracy :  0.432361111111
validation class_total [1200.0, 1200.0, 1200.0, 1200.0, 1200.0, 1200.0]
validation class_correct [518.0, 721.0, 547.0, 488.0, 441.0, 398.0]
validation confusion_matrix [[518, 169, 121, 160, 103, 129], [116, 721, 101, 62, 79, 121], [91, 132, 547, 118, 194, 118], [192, 92, 177, 488, 142, 109], [162, 113, 209, 134, 441, 141], [146, 225, 160, 128, 143, 398]]
test accuracy :  0.154583333333
class_total [400.0, 400.0, 400.0, 400.0, 400.0, 400.0]
class_correct [68.0, 30.0, 89.0, 39.0, 74.0, 71.0]
confusion_matrix [[68, 129, 56, 36, 33, 78], [49, 30, 103, 58, 83, 77], [50, 72, 89, 34, 94, 61], [73, 66, 80, 39, 74, 68], [67, 38, 109, 50, 74, 62], [65, 33, 97, 66, 68, 71]]
traning started for  32 epoch
epoch 32 loss: 1.54823565483
validation accuracy :  0.443888888889
validation class_total [1200.0, 1200.0, 1200.0, 1200.0, 1200.0, 1200.0]
validation class_correct [544.0, 741.0, 584.0, 492.0, 415.0, 420.0]
validation confusion_matrix [[544, 156, 111, 140, 126, 123], [94, 741, 106, 61, 91, 107], [114, 117, 584, 105, 178, 102], [168, 93, 198, 492, 117, 132], [133, 134, 249, 111, 415, 158], [135, 234, 144, 117, 150, 420]]
test accuracy :  0.165833333333
class_total [400.0, 400.0, 400.0, 400.0, 400.0, 400.0]
class_correct [52.0, 43.0, 90.0, 44.0, 99.0, 70.0]
confusion_matrix [[52, 147, 50, 33, 36, 82], [48, 43, 118, 36, 93, 62], [51, 60, 90, 48, 83, 68], [68, 51, 93, 44, 80, 64], [62, 41, 93, 53, 99, 52], [65, 34, 76, 83, 72, 70]]
traning started for  33 epoch
epoch 33 loss: 1.73444664478
validation accuracy :  0.445
validation class_total [1200.0, 1200.0, 1200.0, 1200.0, 1200.0, 1200.0]
validation class_correct [552.0, 748.0, 565.0, 500.0, 399.0, 440.0]
validation confusion_matrix [[552, 137, 114, 161, 121, 115], [101, 748, 101, 65, 70, 115], [94, 129, 565, 125, 169, 118], [164, 92, 172, 500, 160, 112], [150, 138, 237, 113, 399, 163], [131, 222, 144, 116, 147, 440]]
test accuracy :  0.159583333333
class_total [400.0, 400.0, 400.0, 400.0, 400.0, 400.0]
class_correct [55.0, 44.0, 81.0, 43.0, 91.0, 69.0]
confusion_matrix [[55, 171, 42, 30, 44, 58], [42, 44, 112, 58, 78, 66], [52, 71, 81, 40, 90, 66], [59, 62, 99, 43, 77, 60], [61, 31, 101, 54, 91, 62], [57, 39, 79, 84, 72, 69]]
traning started for  34 epoch
epoch 34 loss: 1.67735862732
validation accuracy :  0.466111111111
validation class_total [1200.0, 1200.0, 1200.0, 1200.0, 1200.0, 1200.0]
validation class_correct [568.0, 806.0, 586.0, 523.0, 444.0, 429.0]
validation confusion_matrix [[568, 142, 106, 153, 119, 112], [82, 806, 104, 45, 68, 95], [100, 118, 586, 118, 178, 100], [199, 76, 169, 523, 127, 106], [150, 115, 212, 124, 444, 155], [123, 240, 135, 97, 176, 429]]
test accuracy :  0.163333333333
class_total [400.0, 400.0, 400.0, 400.0, 400.0, 400.0]
class_correct [69.0, 32.0, 84.0, 58.0, 88.0, 61.0]
confusion_matrix [[69, 155, 45, 42, 32, 57], [48, 32, 124, 56, 79, 61], [59, 58, 84, 41, 85, 73], [63, 68, 84, 58, 81, 46], [62, 35, 96, 68, 88, 51], [76, 34, 87, 88, 54, 61]]
traning started for  35 epoch
epoch 35 loss: 1.31808876991
validation accuracy :  0.474861111111
validation class_total [1200.0, 1200.0, 1200.0, 1200.0, 1200.0, 1200.0]
validation class_correct [545.0, 787.0, 611.0, 533.0, 474.0, 469.0]
validation confusion_matrix [[545, 122, 100, 162, 137, 134], [85, 787, 96, 35, 71, 126], [74, 115, 611, 95, 181, 124], [179, 75, 178, 533, 137, 98], [141, 98, 225, 112, 474, 150], [112, 238, 139, 82, 160, 469]]
test accuracy :  0.15
class_total [400.0, 400.0, 400.0, 400.0, 400.0, 400.0]
class_correct [39.0, 19.0, 90.0, 52.0, 92.0, 68.0]
confusion_matrix [[39, 147, 44, 27, 65, 78], [30, 19, 112, 51, 109, 79], [57, 52, 90, 44, 95, 62], [61, 57, 81, 52, 73, 76], [54, 25, 109, 57, 92, 63], [56, 34, 83, 76, 83, 68]]
traning started for  36 epoch
epoch 36 loss: 1.73105311394
validation accuracy :  0.484583333333
validation class_total [1200.0, 1200.0, 1200.0, 1200.0, 1200.0, 1200.0]
validation class_correct [543.0, 846.0, 600.0, 567.0, 473.0, 460.0]
validation confusion_matrix [[543, 129, 124, 167, 114, 123], [62, 846, 93, 35, 64, 100], [82, 119, 600, 120, 173, 106], [147, 72, 173, 567, 138, 103], [107, 116, 210, 130, 473, 164], [110, 226, 152, 103, 149, 460]]
test accuracy :  0.15
class_total [400.0, 400.0, 400.0, 400.0, 400.0, 400.0]
class_correct [46.0, 32.0, 85.0, 47.0, 88.0, 62.0]
confusion_matrix [[46, 167, 41, 28, 47, 71], [36, 32, 114, 62, 95, 61], [46, 65, 85, 55, 87, 62], [51, 63, 84, 47, 83, 72], [57, 32, 90, 64, 88, 69], [58, 23, 82, 88, 87, 62]]
traning started for  37 epoch
epoch 37 loss: 1.46178746223
validation accuracy :  0.497361111111
validation class_total [1200.0, 1200.0, 1200.0, 1200.0, 1200.0, 1200.0]
validation class_correct [603.0, 883.0, 605.0, 579.0, 484.0, 427.0]
validation confusion_matrix [[603, 111, 108, 145, 125, 108], [54, 883, 93, 25, 68, 77], [90, 128, 605, 103, 171, 103], [176, 71, 161, 579, 135, 78], [131, 106, 197, 126, 484, 156], [130, 235, 148, 107, 153, 427]]
test accuracy :  0.161666666667
class_total [400.0, 400.0, 400.0, 400.0, 400.0, 400.0]
class_correct [46.0, 23.0, 104.0, 57.0, 91.0, 67.0]
confusion_matrix [[46, 171, 42, 26, 43, 72], [41, 23, 109, 56, 99, 72], [56, 59, 104, 46, 79, 56], [53, 63, 79, 57, 84, 64], [62, 21, 106, 66, 91, 54], [65, 19, 76, 101, 72, 67]]
traning started for  38 epoch
epoch 38 loss: 1.03774559498
validation accuracy :  0.511666666667
validation class_total [1200.0, 1200.0, 1200.0, 1200.0, 1200.0, 1200.0]
validation class_correct [566.0, 921.0, 616.0, 633.0, 518.0, 430.0]
validation confusion_matrix [[566, 94, 109, 182, 126, 123], [47, 921, 75, 23, 56, 78], [83, 137, 616, 107, 171, 86], [151, 58, 144, 633, 142, 72], [145, 84, 214, 117, 518, 122], [130, 229, 140, 91, 180, 430]]
test accuracy :  0.15875
class_total [400.0, 400.0, 400.0, 400.0, 400.0, 400.0]
class_correct [45.0, 22.0, 95.0, 56.0, 96.0, 67.0]
confusion_matrix [[45, 186, 40, 19, 46, 64], [30, 22, 118, 60, 113, 57], [45, 46, 95, 55, 87, 72], [56, 45, 91, 56, 86, 66], [55, 22, 102, 73, 96, 52], [65, 16, 89, 96, 67, 67]]
traning started for  39 epoch
epoch 39 loss: 1.58023703098
validation accuracy :  0.518055555556
validation class_total [1200.0, 1200.0, 1200.0, 1200.0, 1200.0, 1200.0]
validation class_correct [582.0, 942.0, 621.0, 632.0, 499.0, 454.0]
validation confusion_matrix [[582, 107, 113, 176, 112, 110], [43, 942, 74, 13, 53, 75], [78, 126, 621, 104, 168, 103], [155, 59, 167, 632, 112, 75], [133, 78, 198, 135, 499, 157], [107, 224, 178, 96, 141, 454]]
test accuracy :  0.1425
class_total [400.0, 400.0, 400.0, 400.0, 400.0, 400.0]
class_correct [22.0, 15.0, 96.0, 57.0, 92.0, 60.0]
confusion_matrix [[22, 184, 48, 29, 43, 74], [35, 15, 135, 63, 89, 63], [41, 57, 96, 47, 96, 63], [51, 41, 98, 57, 88, 65], [57, 13, 99, 70, 92, 69], [67, 18, 92, 102, 61, 60]]
traning started for  40 epoch
epoch 40 loss: 1.56006836891
validation accuracy :  0.529861111111
validation class_total [1200.0, 1200.0, 1200.0, 1200.0, 1200.0, 1200.0]
validation class_correct [619.0, 1000.0, 609.0, 637.0, 511.0, 439.0]
validation confusion_matrix [[619, 94, 83, 201, 120, 83], [30, 1000, 62, 14, 29, 65], [67, 117, 609, 109, 188, 110], [171, 51, 146, 637, 128, 67], [138, 93, 184, 139, 511, 135], [127, 233, 159, 96, 146, 439]]
test accuracy :  0.152916666667
class_total [400.0, 400.0, 400.0, 400.0, 400.0, 400.0]
class_correct [63.0, 10.0, 77.0, 61.0, 102.0, 54.0]
confusion_matrix [[63, 168, 39, 20, 35, 75], [41, 10, 106, 70, 107, 66], [59, 54, 77, 49, 92, 69], [56, 52, 82, 61, 87, 62], [60, 9, 101, 72, 102, 56], [80, 8, 70, 120, 68, 54]]
traning started for  41 epoch
epoch 41 loss: 1.76152670383
validation accuracy :  0.548055555556
validation class_total [1200.0, 1200.0, 1200.0, 1200.0, 1200.0, 1200.0]
validation class_correct [668.0, 1006.0, 624.0, 685.0, 510.0, 453.0]
validation confusion_matrix [[668, 64, 82, 193, 98, 95], [21, 1006, 76, 15, 33, 49], [82, 122, 624, 93, 180, 99], [167, 45, 130, 685, 111, 62], [126, 76, 210, 156, 510, 122], [111, 214, 146, 109, 167, 453]]
test accuracy :  0.15
class_total [400.0, 400.0, 400.0, 400.0, 400.0, 400.0]
class_correct [50.0, 5.0, 111.0, 54.0, 95.0, 45.0]
confusion_matrix [[50, 170, 44, 30, 34, 72], [40, 5, 128, 53, 107, 67], [50, 47, 111, 40, 90, 62], [56, 41, 96, 54, 91, 62], [59, 15, 102, 75, 95, 54], [61, 12, 78, 122, 82, 45]]
traning started for  42 epoch
epoch 42 loss: 1.44366014004
validation accuracy :  0.560277777778
validation class_total [1200.0, 1200.0, 1200.0, 1200.0, 1200.0, 1200.0]
validation class_correct [654.0, 1063.0, 618.0, 714.0, 510.0, 475.0]
validation confusion_matrix [[654, 77, 82, 209, 90, 88], [15, 1063, 48, 2, 22, 50], [64, 133, 618, 83, 208, 94], [162, 34, 119, 714, 116, 55], [128, 78, 198, 155, 510, 131], [109, 206, 156, 87, 167, 475]]
test accuracy :  0.15
class_total [400.0, 400.0, 400.0, 400.0, 400.0, 400.0]
class_correct [46.0, 6.0, 112.0, 52.0, 89.0, 55.0]
confusion_matrix [[46, 159, 55, 26, 45, 69], [30, 6, 125, 76, 100, 63], [49, 54, 112, 42, 86, 57], [63, 38, 90, 52, 88, 69], [58, 9, 109, 78, 89, 57], [61, 8, 84, 114, 78, 55]]
traning started for  43 epoch
epoch 43 loss: 1.59143912792
validation accuracy :  0.565694444444
validation class_total [1200.0, 1200.0, 1200.0, 1200.0, 1200.0, 1200.0]
validation class_correct [665.0, 1056.0, 664.0, 702.0, 529.0, 457.0]
validation confusion_matrix [[665, 67, 77, 211, 102, 78], [13, 1056, 56, 4, 27, 44], [80, 122, 664, 78, 165, 91], [190, 31, 124, 702, 103, 50], [136, 58, 194, 138, 529, 145], [113, 195, 168, 71, 196, 457]]
test accuracy :  0.142916666667
class_total [400.0, 400.0, 400.0, 400.0, 400.0, 400.0]
class_correct [55.0, 5.0, 83.0, 51.0, 114.0, 35.0]
confusion_matrix [[55, 156, 55, 19, 39, 76], [42, 5, 126, 72, 107, 48], [45, 46, 83, 36, 104, 86], [57, 29, 91, 51, 98, 74], [67, 5, 89, 79, 114, 46], [79, 6, 81, 112, 87, 35]]
traning started for  44 epoch
epoch 44 loss: 1.8525365591
validation accuracy :  0.577361111111
validation class_total [1200.0, 1200.0, 1200.0, 1200.0, 1200.0, 1200.0]
validation class_correct [650.0, 1100.0, 638.0, 700.0, 565.0, 504.0]
validation confusion_matrix [[650, 53, 82, 219, 125, 71], [8, 1100, 42, 2, 13, 35], [53, 135, 638, 82, 184, 108], [189, 33, 121, 700, 103, 54], [130, 71, 183, 132, 565, 119], [98, 195, 166, 76, 161, 504]]
test accuracy :  0.147916666667
class_total [400.0, 400.0, 400.0, 400.0, 400.0, 400.0]
class_correct [41.0, 12.0, 96.0, 43.0, 115.0, 48.0]
confusion_matrix [[41, 157, 48, 15, 52, 87], [37, 12, 109, 79, 111, 52], [37, 44, 96, 33, 112, 78], [50, 30, 78, 43, 105, 94], [55, 8, 87, 81, 115, 54], [62, 4, 75, 124, 87, 48]]
traning started for  45 epoch
epoch 45 loss: 1.82050526142
validation accuracy :  0.595555555556
validation class_total [1200.0, 1200.0, 1200.0, 1200.0, 1200.0, 1200.0]
validation class_correct [670.0, 1099.0, 682.0, 746.0, 574.0, 517.0]
validation confusion_matrix [[670, 48, 59, 231, 106, 86], [8, 1099, 37, 5, 15, 36], [44, 122, 682, 68, 172, 112], [174, 23, 106, 746, 92, 59], [123, 46, 162, 152, 574, 143], [79, 173, 156, 84, 191, 517]]
test accuracy :  0.147083333333
class_total [400.0, 400.0, 400.0, 400.0, 400.0, 400.0]
class_correct [44.0, 1.0, 86.0, 54.0, 116.0, 52.0]
confusion_matrix [[44, 143, 48, 29, 36, 100], [31, 1, 96, 74, 132, 66], [49, 42, 86, 32, 106, 85], [49, 28, 81, 54, 114, 74], [66, 4, 90, 60, 116, 64], [66, 3, 60, 122, 97, 52]]
traning started for  46 epoch
epoch 46 loss: 1.64111304283
validation accuracy :  0.604305555556
validation class_total [1200.0, 1200.0, 1200.0, 1200.0, 1200.0, 1200.0]
validation class_correct [683.0, 1091.0, 714.0, 744.0, 585.0, 534.0]
validation confusion_matrix [[683, 51, 56, 237, 112, 61], [16, 1091, 42, 2, 6, 43], [42, 110, 714, 59, 170, 105], [180, 17, 96, 744, 115, 48], [122, 43, 197, 121, 585, 132], [93, 159, 166, 61, 187, 534]]
test accuracy :  0.1625
class_total [400.0, 400.0, 400.0, 400.0, 400.0, 400.0]
class_correct [52.0, 5.0, 113.0, 64.0, 120.0, 36.0]
confusion_matrix [[52, 128, 50, 28, 42, 100], [34, 5, 113, 78, 116, 54], [40, 39, 113, 28, 88, 92], [47, 29, 89, 64, 110, 61], [54, 3, 102, 63, 120, 58], [65, 4, 84, 128, 83, 36]]
traning started for  47 epoch
epoch 47 loss: 1.50556886196
validation accuracy :  0.616805555556
validation class_total [1200.0, 1200.0, 1200.0, 1200.0, 1200.0, 1200.0]
validation class_correct [709.0, 1099.0, 684.0, 793.0, 596.0, 560.0]
validation confusion_matrix [[709, 43, 66, 227, 98, 57], [7, 1099, 48, 2, 9, 35], [42, 112, 684, 54, 179, 129], [152, 7, 94, 793, 110, 44], [135, 25, 186, 123, 596, 135], [84, 138, 163, 68, 187, 560]]
test accuracy :  0.165833333333
class_total [400.0, 400.0, 400.0, 400.0, 400.0, 400.0]
class_correct [54.0, 0.0, 118.0, 62.0, 115.0, 49.0]
confusion_matrix [[54, 106, 52, 29, 54, 105], [35, 0, 109, 69, 128, 59], [31, 39, 118, 22, 93, 97], [48, 20, 86, 62, 105, 79], [57, 4, 92, 77, 115, 55], [58, 2, 77, 117, 97, 49]]
traning started for  48 epoch
epoch 48 loss: 1.40334296227
validation accuracy :  0.622777777778
validation class_total [1200.0, 1200.0, 1200.0, 1200.0, 1200.0, 1200.0]
validation class_correct [734.0, 1116.0, 730.0, 751.0, 594.0, 559.0]
validation confusion_matrix [[734, 41, 43, 222, 99, 61], [7, 1116, 41, 0, 7, 29], [34, 110, 730, 48, 167, 111], [199, 16, 77, 751, 109, 48], [124, 45, 179, 138, 594, 120], [67, 143, 180, 54, 197, 559]]
test accuracy :  0.167083333333
class_total [400.0, 400.0, 400.0, 400.0, 400.0, 400.0]
class_correct [57.0, 3.0, 111.0, 54.0, 127.0, 49.0]
confusion_matrix [[57, 106, 55, 22, 52, 108], [33, 3, 99, 77, 127, 61], [25, 50, 111, 22, 100, 92], [55, 23, 84, 54, 113, 71], [51, 3, 88, 66, 127, 65], [68, 1, 65, 116, 101, 49]]
traning started for  49 epoch
epoch 49 loss: 1.61953830719
validation accuracy :  0.637222222222
validation class_total [1200.0, 1200.0, 1200.0, 1200.0, 1200.0, 1200.0]
validation class_correct [728.0, 1126.0, 727.0, 761.0, 640.0, 606.0]
validation confusion_matrix [[728, 33, 32, 251, 95, 61], [3, 1126, 37, 2, 9, 23], [34, 97, 727, 44, 169, 129], [196, 8, 73, 761, 111, 51], [132, 24, 144, 124, 640, 136], [77, 125, 164, 53, 175, 606]]
test accuracy :  0.165416666667
class_total [400.0, 400.0, 400.0, 400.0, 400.0, 400.0]
class_correct [65.0, 0.0, 119.0, 42.0, 127.0, 44.0]
confusion_matrix [[65, 87, 68, 18, 56, 106], [31, 0, 120, 70, 118, 61], [19, 51, 119, 17, 84, 110], [59, 18, 92, 42, 119, 70], [43, 1, 96, 68, 127, 65], [71, 1, 66, 114, 104, 44]]
traning started for  50 epoch
epoch 50 loss: 1.3678394556
validation accuracy :  0.648472222222
validation class_total [1200.0, 1200.0, 1200.0, 1200.0, 1200.0, 1200.0]
validation class_correct [758.0, 1140.0, 749.0, 785.0, 623.0, 614.0]
validation confusion_matrix [[758, 26, 41, 241, 84, 50], [1, 1140, 31, 1, 4, 23], [20, 106, 749, 23, 164, 138], [196, 4, 69, 785, 102, 44], [133, 29, 164, 104, 623, 147], [65, 123, 155, 42, 201, 614]]
test accuracy :  0.160416666667
class_total [400.0, 400.0, 400.0, 400.0, 400.0, 400.0]
class_correct [57.0, 0.0, 110.0, 42.0, 128.0, 48.0]
confusion_matrix [[57, 81, 45, 27, 63, 127], [30, 0, 102, 65, 152, 51], [16, 51, 110, 14, 100, 109], [61, 22, 85, 42, 114, 76], [51, 8, 82, 59, 128, 72], [63, 1, 63, 110, 115, 48]]
traning started for  51 epoch
epoch 51 loss: 1.36877703667
validation accuracy :  0.657083333333
validation class_total [1200.0, 1200.0, 1200.0, 1200.0, 1200.0, 1200.0]
validation class_correct [777.0, 1133.0, 746.0, 797.0, 634.0, 644.0]
validation confusion_matrix [[777, 23, 39, 224, 80, 57], [5, 1133, 33, 2, 3, 24], [15, 109, 746, 26, 159, 145], [204, 3, 65, 797, 90, 41], [110, 20, 189, 100, 634, 147], [58, 117, 160, 31, 190, 644]]
test accuracy :  0.17875
class_total [400.0, 400.0, 400.0, 400.0, 400.0, 400.0]
class_correct [73.0, 2.0, 105.0, 58.0, 130.0, 61.0]
confusion_matrix [[73, 68, 50, 25, 59, 125], [32, 2, 114, 63, 138, 51], [18, 59, 105, 10, 96, 112], [46, 25, 74, 58, 121, 76], [41, 3, 102, 48, 130, 76], [63, 1, 72, 94, 109, 61]]
traning started for  52 epoch
epoch 52 loss: 1.43889474869
validation accuracy :  0.682916666667
validation class_total [1200.0, 1200.0, 1200.0, 1200.0, 1200.0, 1200.0]
validation class_correct [798.0, 1133.0, 790.0, 793.0, 726.0, 677.0]
validation confusion_matrix [[798, 18, 37, 217, 82, 48], [3, 1133, 34, 0, 4, 26], [14, 88, 790, 22, 140, 146], [207, 2, 52, 793, 99, 47], [79, 19, 155, 75, 726, 146], [38, 94, 168, 33, 190, 677]]
test accuracy :  0.1825
class_total [400.0, 400.0, 400.0, 400.0, 400.0, 400.0]
class_correct [78.0, 1.0, 111.0, 49.0, 147.0, 52.0]
confusion_matrix [[78, 56, 47, 20, 83, 116], [35, 1, 89, 55, 159, 61], [18, 46, 111, 5, 97, 123], [48, 12, 73, 49, 120, 98], [34, 4, 100, 47, 147, 68], [65, 0, 63, 95, 125, 52]]
traning started for  53 epoch
epoch 53 loss: 1.0777285099
validation accuracy :  0.689444444444
validation class_total [1200.0, 1200.0, 1200.0, 1200.0, 1200.0, 1200.0]
validation class_correct [824.0, 1128.0, 832.0, 805.0, 710.0, 665.0]
validation confusion_matrix [[824, 22, 24, 216, 68, 46], [1, 1128, 42, 0, 5, 24], [15, 85, 832, 20, 143, 105], [203, 4, 50, 805, 103, 35], [82, 18, 153, 81, 710, 156], [51, 95, 174, 25, 190, 665]]
test accuracy :  0.194583333333
class_total [400.0, 400.0, 400.0, 400.0, 400.0, 400.0]
class_correct [79.0, 0.0, 133.0, 54.0, 139.0, 62.0]
confusion_matrix [[79, 48, 53, 31, 55, 134], [30, 0, 91, 63, 158, 58], [10, 42, 133, 7, 82, 126], [49, 16, 65, 54, 128, 88], [32, 5, 102, 36, 139, 86], [51, 0, 68, 94, 125, 62]]
traning started for  54 epoch
epoch 54 loss: 1.07055318356
validation accuracy :  0.705555555556
validation class_total [1200.0, 1200.0, 1200.0, 1200.0, 1200.0, 1200.0]
validation class_correct [840.0, 1150.0, 831.0, 833.0, 715.0, 711.0]
validation confusion_matrix [[840, 22, 27, 220, 52, 39], [1, 1150, 29, 0, 3, 17], [14, 101, 831, 11, 114, 129], [220, 0, 48, 833, 73, 26], [97, 14, 137, 76, 715, 161], [46, 77, 182, 23, 161, 711]]
test accuracy :  0.189166666667
class_total [400.0, 400.0, 400.0, 400.0, 400.0, 400.0]
class_correct [79.0, 0.0, 124.0, 48.0, 141.0, 62.0]
confusion_matrix [[79, 50, 43, 35, 71, 122], [30, 0, 96, 51, 160, 63], [9, 50, 124, 7, 80, 130], [57, 15, 82, 48, 118, 80], [28, 2, 99, 40, 141, 90], [55, 1, 67, 88, 127, 62]]
traning started for  55 epoch
epoch 55 loss: 0.727259635925
validation accuracy :  0.721388888889
validation class_total [1200.0, 1200.0, 1200.0, 1200.0, 1200.0, 1200.0]
validation class_correct [848.0, 1142.0, 835.0, 847.0, 794.0, 728.0]
validation confusion_matrix [[848, 13, 19, 208, 79, 33], [1, 1142, 36, 1, 3, 17], [8, 73, 835, 10, 138, 136], [215, 2, 36, 847, 73, 27], [82, 12, 123, 58, 794, 131], [35, 76, 161, 25, 175, 728]]
test accuracy :  0.190833333333
class_total [400.0, 400.0, 400.0, 400.0, 400.0, 400.0]
class_correct [98.0, 0.0, 117.0, 43.0, 149.0, 51.0]
confusion_matrix [[98, 40, 40, 27, 64, 131], [29, 0, 90, 54, 168, 59], [5, 48, 117, 8, 94, 128], [48, 16, 73, 43, 137, 83], [32, 3, 95, 36, 149, 85], [49, 0, 56, 81, 163, 51]]
traning started for  56 epoch
epoch 56 loss: 1.62278294563
validation accuracy :  0.7275
validation class_total [1200.0, 1200.0, 1200.0, 1200.0, 1200.0, 1200.0]
validation class_correct [883.0, 1138.0, 861.0, 830.0, 789.0, 737.0]
validation confusion_matrix [[883, 9, 27, 195, 60, 26], [3, 1138, 42, 0, 3, 14], [5, 69, 861, 6, 125, 134], [224, 0, 34, 830, 81, 31], [65, 2, 120, 50, 789, 174], [37, 64, 163, 13, 186, 737]]
test accuracy :  0.20375
class_total [400.0, 400.0, 400.0, 400.0, 400.0, 400.0]
class_correct [105.0, 1.0, 137.0, 48.0, 155.0, 43.0]
confusion_matrix [[105, 44, 40, 35, 60, 116], [16, 1, 89, 52, 182, 60], [12, 55, 137, 3, 81, 112], [48, 8, 77, 48, 142, 77], [28, 0, 91, 33, 155, 93], [50, 0, 56, 79, 172, 43]]
traning started for  57 epoch
