cuda
traning started for  1 epoch
epoch 1 loss: 1.92751383781
validation accuracy :  0.213333333333
validation class_total [1200.0, 1200.0, 1200.0, 1200.0, 1200.0, 1200.0]
validation class_correct [185.0, 244.0, 612.0, 76.0, 201.0, 218.0]
validation confusion_matrix [[185, 194, 322, 58, 199, 242], [168, 244, 315, 47, 189, 237], [88, 118, 612, 78, 191, 113], [162, 162, 411, 76, 195, 194], [162, 166, 417, 76, 201, 178], [154, 212, 350, 51, 215, 218]]
test accuracy :  0.146666666667
class_total [400.0, 400.0, 400.0, 400.0, 400.0, 400.0]
class_correct [41.0, 43.0, 94.0, 31.0, 66.0, 77.0]
confusion_matrix [[41, 41, 160, 28, 76, 54], [35, 43, 179, 29, 68, 46], [71, 61, 94, 22, 65, 87], [47, 56, 146, 31, 67, 53], [56, 49, 112, 31, 66, 86], [59, 77, 100, 25, 62, 77]]
traning started for  2 epoch
epoch 2 loss: 1.69866025448
validation accuracy :  0.279027777778
validation class_total [1200.0, 1200.0, 1200.0, 1200.0, 1200.0, 1200.0]
validation class_correct [297.0, 413.0, 1043.0, 63.0, 45.0, 148.0]
validation confusion_matrix [[297, 417, 272, 52, 45, 117], [216, 413, 358, 37, 45, 131], [20, 59, 1043, 23, 15, 40], [118, 259, 610, 63, 38, 112], [127, 260, 597, 62, 45, 109], [151, 303, 502, 57, 39, 148]]
test accuracy :  0.137916666667
class_total [400.0, 400.0, 400.0, 400.0, 400.0, 400.0]
class_correct [21.0, 31.0, 184.0, 21.0, 21.0, 53.0]
confusion_matrix [[21, 66, 251, 20, 11, 31], [9, 31, 295, 16, 17, 32], [34, 99, 184, 20, 20, 43], [23, 46, 256, 21, 24, 30], [38, 92, 183, 25, 21, 41], [48, 91, 175, 16, 17, 53]]
traning started for  3 epoch
epoch 3 loss: 1.34008026123
validation accuracy :  0.4
validation class_total [1200.0, 1200.0, 1200.0, 1200.0, 1200.0, 1200.0]
validation class_correct [613.0, 272.0, 1078.0, 330.0, 202.0, 385.0]
validation confusion_matrix [[613, 215, 15, 276, 33, 48], [168, 272, 98, 232, 163, 267], [1, 2, 1078, 4, 27, 88], [242, 229, 121, 330, 121, 157], [15, 81, 485, 73, 202, 344], [7, 99, 479, 58, 172, 385]]
test accuracy :  0.170833333333
class_total [400.0, 400.0, 400.0, 400.0, 400.0, 400.0]
class_correct [22.0, 7.0, 187.0, 17.0, 51.0, 126.0]
confusion_matrix [[22, 83, 53, 94, 57, 91], [2, 7, 239, 10, 49, 93], [1, 11, 187, 11, 66, 124], [5, 18, 203, 17, 67, 90], [0, 3, 205, 6, 51, 135], [0, 9, 227, 6, 32, 126]]
traning started for  4 epoch
epoch 4 loss: 1.17852878571
validation accuracy :  0.53875
validation class_total [1200.0, 1200.0, 1200.0, 1200.0, 1200.0, 1200.0]
validation class_correct [264.0, 399.0, 1028.0, 913.0, 535.0, 740.0]
validation confusion_matrix [[264, 31, 0, 797, 106, 2], [1, 399, 28, 23, 509, 240], [0, 2, 1028, 0, 14, 156], [151, 18, 1, 913, 113, 4], [6, 306, 67, 41, 535, 245], [0, 103, 248, 1, 108, 740]]
test accuracy :  0.1525
class_total [400.0, 400.0, 400.0, 400.0, 400.0, 400.0]
class_correct [23.0, 65.0, 72.0, 19.0, 102.0, 85.0]
confusion_matrix [[23, 61, 10, 129, 165, 12], [5, 65, 79, 22, 156, 73], [0, 26, 72, 0, 38, 264], [2, 81, 60, 19, 116, 122], [0, 71, 42, 0, 102, 185], [4, 99, 24, 17, 171, 85]]
traning started for  5 epoch
epoch 5 loss: 1.63191366196
validation accuracy :  0.617222222222
validation class_total [1200.0, 1200.0, 1200.0, 1200.0, 1200.0, 1200.0]
validation class_correct [299.0, 763.0, 1061.0, 1034.0, 489.0, 798.0]
validation confusion_matrix [[299, 77, 1, 745, 77, 1], [7, 763, 15, 7, 243, 165], [0, 0, 1061, 0, 4, 135], [55, 12, 7, 1034, 91, 1], [10, 267, 111, 35, 489, 288], [0, 76, 273, 2, 51, 798]]
test accuracy :  0.0925
class_total [400.0, 400.0, 400.0, 400.0, 400.0, 400.0]
class_correct [18.0, 18.0, 73.0, 11.0, 49.0, 53.0]
confusion_matrix [[18, 20, 11, 186, 149, 16], [1, 18, 127, 48, 149, 57], [0, 12, 73, 0, 8, 307], [0, 39, 80, 11, 110, 160], [0, 34, 78, 0, 49, 239], [2, 48, 50, 23, 224, 53]]
traning started for  6 epoch
epoch 6 loss: 0.0267391204834
validation accuracy :  0.835416666667
validation class_total [1200.0, 1200.0, 1200.0, 1200.0, 1200.0, 1200.0]
validation class_correct [909.0, 1029.0, 1146.0, 999.0, 857.0, 1075.0]
validation confusion_matrix [[909, 7, 0, 233, 51, 0], [7, 1029, 2, 0, 72, 90], [0, 0, 1146, 0, 12, 42], [11, 1, 24, 999, 165, 0], [4, 8, 170, 35, 857, 126], [0, 6, 91, 0, 28, 1075]]
test accuracy :  0.0804166666667
class_total [400.0, 400.0, 400.0, 400.0, 400.0, 400.0]
class_correct [8.0, 2.0, 49.0, 16.0, 107.0, 11.0]
confusion_matrix [[8, 15, 29, 117, 218, 13], [1, 2, 152, 39, 186, 20], [0, 19, 49, 0, 57, 275], [0, 8, 86, 16, 182, 108], [1, 10, 55, 0, 107, 227], [0, 0, 179, 7, 203, 11]]
traning started for  7 epoch
epoch 7 loss: 0.00396347045898
validation accuracy :  0.931111111111
validation class_total [1200.0, 1200.0, 1200.0, 1200.0, 1200.0, 1200.0]
validation class_correct [1067.0, 1121.0, 1156.0, 1137.0, 1042.0, 1181.0]
validation confusion_matrix [[1067, 14, 0, 87, 32, 0], [4, 1121, 0, 0, 32, 43], [0, 0, 1156, 0, 8, 36], [2, 0, 5, 1137, 56, 0], [5, 12, 26, 17, 1042, 98], [0, 2, 7, 0, 10, 1181]]
test accuracy :  0.101666666667
class_total [400.0, 400.0, 400.0, 400.0, 400.0, 400.0]
class_correct [31.0, 5.0, 25.0, 14.0, 141.0, 28.0]
confusion_matrix [[31, 31, 5, 122, 198, 13], [3, 5, 64, 31, 259, 38], [0, 7, 25, 0, 55, 313], [2, 13, 43, 14, 147, 181], [0, 6, 17, 0, 141, 236], [0, 0, 60, 8, 304, 28]]
traning started for  8 epoch
epoch 8 loss: 0.0967297554016
validation accuracy :  0.940694444444
validation class_total [1200.0, 1200.0, 1200.0, 1200.0, 1200.0, 1200.0]
validation class_correct [1022.0, 1100.0, 1189.0, 1170.0, 1140.0, 1152.0]
validation confusion_matrix [[1022, 2, 0, 104, 72, 0], [17, 1100, 0, 0, 72, 11], [0, 0, 1189, 2, 8, 1], [6, 0, 1, 1170, 23, 0], [3, 2, 18, 16, 1140, 21], [0, 0, 26, 0, 22, 1152]]
test accuracy :  0.142916666667
class_total [400.0, 400.0, 400.0, 400.0, 400.0, 400.0]
class_correct [11.0, 0.0, 73.0, 27.0, 228.0, 4.0]
confusion_matrix [[11, 8, 19, 209, 149, 4], [2, 0, 101, 41, 245, 11], [0, 10, 73, 0, 132, 185], [1, 3, 69, 27, 229, 71], [0, 0, 36, 0, 228, 136], [0, 0, 73, 17, 306, 4]]
traning started for  9 epoch
epoch 9 loss: 0.0966739654541
validation accuracy :  0.961666666667
validation class_total [1200.0, 1200.0, 1200.0, 1200.0, 1200.0, 1200.0]
validation class_correct [1166.0, 1188.0, 1185.0, 1168.0, 1049.0, 1168.0]
validation confusion_matrix [[1166, 19, 0, 8, 7, 0], [1, 1188, 0, 0, 1, 10], [0, 0, 1185, 0, 4, 11], [15, 3, 5, 1168, 9, 0], [7, 47, 30, 1, 1049, 66], [0, 23, 6, 0, 3, 1168]]
test accuracy :  0.114166666667
class_total [400.0, 400.0, 400.0, 400.0, 400.0, 400.0]
class_correct [46.0, 11.0, 35.0, 16.0, 148.0, 18.0]
confusion_matrix [[46, 74, 19, 186, 67, 8], [6, 11, 100, 53, 190, 40], [0, 31, 35, 0, 54, 280], [5, 11, 52, 16, 170, 146], [0, 8, 11, 0, 148, 233], [0, 1, 50, 9, 322, 18]]
traning started for  10 epoch
epoch 10 loss: 0.00527572631836
validation accuracy :  0.9525
validation class_total [1200.0, 1200.0, 1200.0, 1200.0, 1200.0, 1200.0]
validation class_correct [1002.0, 1157.0, 1197.0, 1192.0, 1130.0, 1180.0]
validation confusion_matrix [[1002, 2, 0, 164, 32, 0], [4, 1157, 3, 0, 22, 14], [0, 0, 1197, 0, 1, 2], [0, 0, 3, 1192, 5, 0], [1, 0, 50, 6, 1130, 13], [0, 0, 13, 0, 7, 1180]]
test accuracy :  0.149583333333
class_total [400.0, 400.0, 400.0, 400.0, 400.0, 400.0]
class_correct [8.0, 0.0, 96.0, 33.0, 202.0, 20.0]
confusion_matrix [[8, 5, 60, 270, 50, 7], [0, 0, 147, 44, 196, 13], [0, 12, 96, 0, 59, 233], [1, 0, 119, 33, 185, 62], [0, 2, 25, 0, 202, 171], [0, 0, 179, 3, 198, 20]]
traning started for  11 epoch
epoch 11 loss: 0.00581073760986
validation accuracy :  0.991111111111
validation class_total [1200.0, 1200.0, 1200.0, 1200.0, 1200.0, 1200.0]
validation class_correct [1195.0, 1195.0, 1189.0, 1191.0, 1172.0, 1194.0]
validation confusion_matrix [[1195, 2, 0, 2, 1, 0], [4, 1195, 0, 0, 0, 1], [0, 0, 1189, 1, 6, 4], [4, 1, 0, 1191, 4, 0], [5, 2, 1, 14, 1172, 6], [0, 2, 0, 0, 4, 1194]]
test accuracy :  0.182083333333
class_total [400.0, 400.0, 400.0, 400.0, 400.0, 400.0]
class_correct [52.0, 2.0, 31.0, 51.0, 283.0, 18.0]
confusion_matrix [[52, 32, 8, 233, 63, 12], [2, 2, 38, 82, 260, 16], [0, 50, 31, 1, 61, 257], [3, 9, 32, 51, 194, 111], [0, 1, 6, 1, 283, 109], [0, 0, 31, 10, 341, 18]]
traning started for  12 epoch
epoch 12 loss: 0.000391006469727
validation accuracy :  0.976944444444
validation class_total [1200.0, 1200.0, 1200.0, 1200.0, 1200.0, 1200.0]
validation class_correct [1196.0, 1169.0, 1137.0, 1191.0, 1164.0, 1177.0]
validation confusion_matrix [[1196, 0, 0, 4, 0, 0], [21, 1169, 0, 0, 9, 1], [0, 0, 1137, 5, 40, 18], [9, 0, 0, 1191, 0, 0], [21, 1, 1, 6, 1164, 7], [0, 8, 0, 0, 15, 1177]]
test accuracy :  0.163333333333
class_total [400.0, 400.0, 400.0, 400.0, 400.0, 400.0]
class_correct [18.0, 4.0, 23.0, 56.0, 289.0, 2.0]
confusion_matrix [[18, 18, 24, 302, 31, 7], [4, 4, 67, 75, 231, 19], [0, 60, 23, 1, 108, 208], [5, 9, 28, 56, 220, 82], [0, 4, 2, 0, 289, 105], [0, 0, 5, 8, 385, 2]]
traning started for  13 epoch
epoch 13 loss: 0.827276706696
validation accuracy :  0.964444444444
validation class_total [1200.0, 1200.0, 1200.0, 1200.0, 1200.0, 1200.0]
validation class_correct [1186.0, 1111.0, 1167.0, 1194.0, 1156.0, 1130.0]
validation confusion_matrix [[1186, 1, 0, 9, 4, 0], [29, 1111, 2, 10, 34, 14], [0, 0, 1167, 7, 21, 5], [0, 0, 1, 1194, 5, 0], [21, 2, 0, 20, 1156, 1], [0, 0, 10, 1, 59, 1130]]
test accuracy :  0.23125
class_total [400.0, 400.0, 400.0, 400.0, 400.0, 400.0]
class_correct [61.0, 0.0, 88.0, 69.0, 325.0, 12.0]
confusion_matrix [[61, 6, 7, 278, 44, 4], [6, 0, 44, 87, 257, 6], [1, 5, 88, 3, 129, 174], [6, 0, 53, 69, 220, 52], [0, 0, 4, 1, 325, 70], [0, 0, 15, 3, 370, 12]]
traning started for  14 epoch
epoch 14 loss: 6.67572021484e-05
validation accuracy :  0.995138888889
validation class_total [1200.0, 1200.0, 1200.0, 1200.0, 1200.0, 1200.0]
validation class_correct [1192.0, 1196.0, 1196.0, 1190.0, 1195.0, 1196.0]
validation confusion_matrix [[1192, 0, 0, 2, 6, 0], [3, 1196, 0, 0, 0, 1], [0, 0, 1196, 2, 2, 0], [4, 0, 0, 1190, 6, 0], [1, 1, 1, 0, 1195, 2], [0, 3, 0, 0, 1, 1196]]
test accuracy :  0.19375
class_total [400.0, 400.0, 400.0, 400.0, 400.0, 400.0]
class_correct [69.0, 4.0, 30.0, 25.0, 329.0, 8.0]
confusion_matrix [[69, 48, 15, 176, 77, 15], [3, 4, 36, 20, 311, 26], [0, 71, 30, 2, 139, 158], [3, 10, 17, 25, 255, 90], [0, 0, 2, 0, 329, 69], [0, 0, 29, 4, 359, 8]]
traning started for  15 epoch
epoch 15 loss: 0.00118255615234
validation accuracy :  0.990833333333
validation class_total [1200.0, 1200.0, 1200.0, 1200.0, 1200.0, 1200.0]
validation class_correct [1186.0, 1170.0, 1196.0, 1197.0, 1186.0, 1199.0]
validation confusion_matrix [[1186, 2, 0, 3, 9, 0], [2, 1170, 0, 0, 2, 26], [0, 0, 1196, 1, 2, 1], [0, 0, 0, 1197, 3, 0], [0, 0, 0, 1, 1186, 13], [0, 1, 0, 0, 0, 1199]]
test accuracy :  0.146666666667
class_total [400.0, 400.0, 400.0, 400.0, 400.0, 400.0]
class_correct [10.0, 0.0, 37.0, 42.0, 248.0, 15.0]
confusion_matrix [[10, 20, 43, 256, 49, 22], [0, 0, 77, 46, 250, 27], [0, 13, 37, 2, 85, 263], [2, 1, 32, 42, 239, 84], [0, 1, 6, 0, 248, 145], [0, 0, 83, 9, 293, 15]]
traning started for  16 epoch
epoch 16 loss: 0.00401878356934
validation accuracy :  0.997361111111
validation class_total [1200.0, 1200.0, 1200.0, 1200.0, 1200.0, 1200.0]
validation class_correct [1199.0, 1196.0, 1191.0, 1198.0, 1199.0, 1198.0]
validation confusion_matrix [[1199, 0, 0, 1, 0, 0], [1, 1196, 0, 0, 3, 0], [0, 0, 1191, 1, 2, 6], [2, 0, 0, 1198, 0, 0], [1, 0, 0, 0, 1199, 0], [0, 0, 0, 0, 2, 1198]]
test accuracy :  0.165833333333
class_total [400.0, 400.0, 400.0, 400.0, 400.0, 400.0]
class_correct [20.0, 1.0, 26.0, 40.0, 293.0, 18.0]
confusion_matrix [[20, 35, 9, 277, 48, 11], [0, 1, 34, 34, 316, 15], [0, 65, 26, 2, 88, 219], [2, 5, 27, 40, 258, 68], [0, 1, 7, 0, 293, 99], [0, 0, 29, 21, 332, 18]]
traning started for  17 epoch
epoch 17 loss: 0.00392436981201
validation accuracy :  0.998472222222
validation class_total [1200.0, 1200.0, 1200.0, 1200.0, 1200.0, 1200.0]
validation class_correct [1199.0, 1198.0, 1197.0, 1200.0, 1197.0, 1198.0]
validation confusion_matrix [[1199, 1, 0, 0, 0, 0], [1, 1198, 0, 0, 0, 1], [0, 0, 1197, 0, 3, 0], [0, 0, 0, 1200, 0, 0], [0, 2, 0, 1, 1197, 0], [0, 0, 0, 0, 2, 1198]]
test accuracy :  0.167083333333
class_total [400.0, 400.0, 400.0, 400.0, 400.0, 400.0]
class_correct [38.0, 1.0, 39.0, 40.0, 272.0, 11.0]
confusion_matrix [[38, 26, 18, 271, 38, 9], [4, 1, 33, 34, 310, 18], [0, 68, 39, 0, 79, 214], [5, 5, 20, 40, 250, 80], [0, 4, 2, 0, 272, 122], [0, 0, 30, 15, 344, 11]]
traning started for  18 epoch
epoch 18 loss: 7.62939453125e-06
validation accuracy :  0.993055555556
validation class_total [1200.0, 1200.0, 1200.0, 1200.0, 1200.0, 1200.0]
validation class_correct [1182.0, 1193.0, 1192.0, 1199.0, 1187.0, 1197.0]
validation confusion_matrix [[1182, 1, 0, 15, 2, 0], [2, 1193, 0, 0, 0, 5], [0, 0, 1192, 0, 1, 7], [0, 0, 1, 1199, 0, 0], [0, 1, 4, 2, 1187, 6], [0, 1, 1, 0, 1, 1197]]
test accuracy :  0.108333333333
class_total [400.0, 400.0, 400.0, 400.0, 400.0, 400.0]
class_correct [3.0, 2.0, 25.0, 37.0, 169.0, 24.0]
confusion_matrix [[3, 25, 56, 285, 13, 18], [1, 2, 127, 80, 157, 33], [0, 65, 25, 0, 15, 295], [1, 9, 58, 37, 175, 120], [0, 10, 2, 0, 169, 219], [0, 0, 66, 47, 263, 24]]
traning started for  19 epoch
epoch 19 loss: 0.000839233398438
validation accuracy :  0.99875
validation class_total [1200.0, 1200.0, 1200.0, 1200.0, 1200.0, 1200.0]
validation class_correct [1199.0, 1195.0, 1199.0, 1200.0, 1198.0, 1200.0]
validation confusion_matrix [[1199, 0, 0, 0, 1, 0], [3, 1195, 0, 0, 0, 2], [0, 0, 1199, 1, 0, 0], [0, 0, 0, 1200, 0, 0], [0, 2, 0, 0, 1198, 0], [0, 0, 0, 0, 0, 1200]]
test accuracy :  0.12625
class_total [400.0, 400.0, 400.0, 400.0, 400.0, 400.0]
class_correct [23.0, 0.0, 32.0, 37.0, 200.0, 11.0]
confusion_matrix [[23, 39, 25, 279, 25, 9], [1, 0, 59, 57, 257, 26], [0, 54, 32, 2, 41, 271], [3, 6, 33, 37, 211, 110], [0, 4, 7, 1, 200, 188], [0, 0, 45, 26, 318, 11]]
traning started for  20 epoch
epoch 20 loss: 0.0523071289062
validation accuracy :  0.995277777778
validation class_total [1200.0, 1200.0, 1200.0, 1200.0, 1200.0, 1200.0]
validation class_correct [1200.0, 1200.0, 1190.0, 1198.0, 1195.0, 1183.0]
validation confusion_matrix [[1200, 0, 0, 0, 0, 0], [0, 1200, 0, 0, 0, 0], [0, 1, 1190, 1, 8, 0], [2, 0, 0, 1198, 0, 0], [3, 1, 0, 0, 1195, 1], [0, 4, 1, 0, 12, 1183]]
test accuracy :  0.187916666667
class_total [400.0, 400.0, 400.0, 400.0, 400.0, 400.0]
class_correct [60.0, 1.0, 19.0, 36.0, 330.0, 5.0]
confusion_matrix [[60, 42, 7, 244, 41, 6], [4, 1, 46, 43, 294, 12], [0, 60, 19, 1, 133, 187], [6, 4, 25, 36, 252, 77], [0, 2, 0, 0, 330, 68], [0, 0, 24, 12, 359, 5]]
traning started for  21 epoch
epoch 21 loss: 0.000189781188965
validation accuracy :  0.99875
validation class_total [1200.0, 1200.0, 1200.0, 1200.0, 1200.0, 1200.0]
validation class_correct [1200.0, 1197.0, 1198.0, 1200.0, 1199.0, 1197.0]
validation confusion_matrix [[1200, 0, 0, 0, 0, 0], [3, 1197, 0, 0, 0, 0], [0, 0, 1198, 0, 1, 1], [0, 0, 0, 1200, 0, 0], [1, 0, 0, 0, 1199, 0], [0, 2, 0, 0, 1, 1197]]
test accuracy :  0.157916666667
class_total [400.0, 400.0, 400.0, 400.0, 400.0, 400.0]
class_correct [29.0, 2.0, 46.0, 38.0, 258.0, 6.0]
confusion_matrix [[29, 39, 8, 283, 35, 6], [0, 2, 66, 50, 261, 21], [0, 50, 46, 1, 64, 239], [5, 7, 35, 38, 208, 107], [0, 2, 2, 0, 258, 138], [0, 0, 39, 24, 331, 6]]
traning started for  22 epoch
epoch 22 loss: 2.00271606445e-05
validation accuracy :  0.999027777778
validation class_total [1200.0, 1200.0, 1200.0, 1200.0, 1200.0, 1200.0]
validation class_correct [1197.0, 1200.0, 1197.0, 1200.0, 1199.0, 1200.0]
validation confusion_matrix [[1197, 2, 0, 1, 0, 0], [0, 1200, 0, 0, 0, 0], [0, 0, 1197, 0, 2, 1], [0, 0, 0, 1200, 0, 0], [0, 0, 0, 0, 1199, 1], [0, 0, 0, 0, 0, 1200]]
test accuracy :  0.1175
class_total [400.0, 400.0, 400.0, 400.0, 400.0, 400.0]
class_correct [10.0, 1.0, 16.0, 41.0, 192.0, 22.0]
confusion_matrix [[10, 15, 17, 284, 63, 11], [0, 1, 44, 34, 305, 16], [0, 55, 16, 0, 36, 293], [2, 9, 15, 41, 238, 95], [0, 4, 6, 0, 192, 198], [0, 0, 53, 21, 304, 22]]
traning started for  23 epoch
epoch 23 loss: 0.0107288360596
validation accuracy :  0.992777777778
validation class_total [1200.0, 1200.0, 1200.0, 1200.0, 1200.0, 1200.0]
validation class_correct [1200.0, 1190.0, 1196.0, 1196.0, 1200.0, 1166.0]
validation confusion_matrix [[1200, 0, 0, 0, 0, 0], [5, 1190, 0, 0, 4, 1], [0, 0, 1196, 1, 3, 0], [4, 0, 0, 1196, 0, 0], [0, 0, 0, 0, 1200, 0], [0, 0, 2, 0, 32, 1166]]
test accuracy :  0.194583333333
class_total [400.0, 400.0, 400.0, 400.0, 400.0, 400.0]
class_correct [19.0, 0.0, 40.0, 32.0, 374.0, 2.0]
confusion_matrix [[19, 5, 11, 277, 84, 4], [1, 0, 30, 39, 328, 2], [2, 39, 40, 6, 182, 131], [6, 1, 14, 32, 312, 35], [0, 0, 5, 0, 374, 21], [0, 0, 59, 18, 321, 2]]
traning started for  24 epoch
epoch 24 loss: 0.000293731689453
validation accuracy :  0.995555555556
validation class_total [1200.0, 1200.0, 1200.0, 1200.0, 1200.0, 1200.0]
validation class_correct [1200.0, 1198.0, 1187.0, 1199.0, 1190.0, 1194.0]
validation confusion_matrix [[1200, 0, 0, 0, 0, 0], [2, 1198, 0, 0, 0, 0], [0, 3, 1187, 3, 1, 6], [1, 0, 0, 1199, 0, 0], [2, 5, 0, 0, 1190, 3], [0, 6, 0, 0, 0, 1194]]
test accuracy :  0.1475
class_total [400.0, 400.0, 400.0, 400.0, 400.0, 400.0]
class_correct [86.0, 41.0, 9.0, 43.0, 162.0, 13.0]
confusion_matrix [[86, 121, 4, 167, 18, 4], [10, 41, 37, 47, 239, 26], [0, 267, 9, 2, 14, 108], [7, 50, 17, 43, 161, 122], [0, 32, 19, 0, 162, 187], [0, 1, 153, 24, 209, 13]]
traning started for  25 epoch
epoch 25 loss: 0.000110626220703
validation accuracy :  0.998333333333
validation class_total [1200.0, 1200.0, 1200.0, 1200.0, 1200.0, 1200.0]
validation class_correct [1199.0, 1196.0, 1196.0, 1200.0, 1199.0, 1198.0]
validation confusion_matrix [[1199, 0, 0, 0, 1, 0], [1, 1196, 0, 1, 0, 2], [0, 0, 1196, 1, 2, 1], [0, 0, 0, 1200, 0, 0], [0, 1, 0, 0, 1199, 0], [0, 2, 0, 0, 0, 1198]]
test accuracy :  0.142916666667
class_total [400.0, 400.0, 400.0, 400.0, 400.0, 400.0]
class_correct [11.0, 1.0, 18.0, 33.0, 272.0, 8.0]
confusion_matrix [[11, 17, 24, 265, 66, 17], [0, 1, 65, 22, 287, 25], [1, 159, 18, 0, 44, 178], [6, 13, 17, 33, 227, 104], [1, 4, 9, 0, 272, 114], [0, 0, 56, 13, 323, 8]]
traning started for  26 epoch
epoch 26 loss: 1.52587890625e-05
validation accuracy :  0.999027777778
validation class_total [1200.0, 1200.0, 1200.0, 1200.0, 1200.0, 1200.0]
validation class_correct [1200.0, 1199.0, 1196.0, 1198.0, 1200.0, 1200.0]
validation confusion_matrix [[1200, 0, 0, 0, 0, 0], [0, 1199, 0, 0, 1, 0], [0, 0, 1196, 1, 2, 1], [1, 0, 0, 1198, 1, 0], [0, 0, 0, 0, 1200, 0], [0, 0, 0, 0, 0, 1200]]
test accuracy :  0.15875
class_total [400.0, 400.0, 400.0, 400.0, 400.0, 400.0]
class_correct [42.0, 1.0, 16.0, 35.0, 272.0, 15.0]
confusion_matrix [[42, 32, 13, 275, 31, 7], [5, 1, 54, 42, 275, 23], [1, 87, 16, 1, 78, 217], [6, 4, 24, 35, 238, 93], [0, 4, 3, 0, 272, 121], [0, 0, 65, 10, 310, 15]]
traning started for  27 epoch
epoch 27 loss: 0.000219345092773
validation accuracy :  0.999305555556
validation class_total [1200.0, 1200.0, 1200.0, 1200.0, 1200.0, 1200.0]
validation class_correct [1200.0, 1197.0, 1198.0, 1200.0, 1200.0, 1200.0]
validation confusion_matrix [[1200, 0, 0, 0, 0, 0], [3, 1197, 0, 0, 0, 0], [0, 0, 1198, 2, 0, 0], [0, 0, 0, 1200, 0, 0], [0, 0, 0, 0, 1200, 0], [0, 0, 0, 0, 0, 1200]]
test accuracy :  0.157083333333
class_total [400.0, 400.0, 400.0, 400.0, 400.0, 400.0]
class_correct [21.0, 2.0, 59.0, 34.0, 254.0, 7.0]
confusion_matrix [[21, 29, 24, 292, 26, 8], [0, 2, 95, 50, 235, 18], [0, 52, 59, 0, 61, 228], [2, 0, 48, 34, 224, 92], [0, 3, 15, 1, 254, 127], [0, 0, 115, 18, 260, 7]]
traning started for  28 epoch
epoch 28 loss: 2.47955322266e-05
validation accuracy :  0.999583333333
validation class_total [1200.0, 1200.0, 1200.0, 1200.0, 1200.0, 1200.0]
validation class_correct [1200.0, 1200.0, 1199.0, 1200.0, 1198.0, 1200.0]
validation confusion_matrix [[1200, 0, 0, 0, 0, 0], [0, 1200, 0, 0, 0, 0], [0, 0, 1199, 0, 1, 0], [0, 0, 0, 1200, 0, 0], [1, 0, 0, 1, 1198, 0], [0, 0, 0, 0, 0, 1200]]
test accuracy :  0.173333333333
class_total [400.0, 400.0, 400.0, 400.0, 400.0, 400.0]
class_correct [42.0, 4.0, 52.0, 36.0, 275.0, 7.0]
confusion_matrix [[42, 39, 12, 274, 27, 6], [2, 4, 57, 59, 260, 18], [0, 94, 52, 0, 37, 217], [3, 7, 44, 36, 213, 97], [0, 3, 22, 0, 275, 100], [0, 0, 67, 19, 307, 7]]
traning started for  29 epoch
epoch 29 loss: 1.90734863281e-06
validation accuracy :  0.999305555556
validation class_total [1200.0, 1200.0, 1200.0, 1200.0, 1200.0, 1200.0]
validation class_correct [1200.0, 1199.0, 1200.0, 1200.0, 1200.0, 1196.0]
validation confusion_matrix [[1200, 0, 0, 0, 0, 0], [1, 1199, 0, 0, 0, 0], [0, 0, 1200, 0, 0, 0], [0, 0, 0, 1200, 0, 0], [0, 0, 0, 0, 1200, 0], [0, 4, 0, 0, 0, 1196]]
test accuracy :  0.17125
class_total [400.0, 400.0, 400.0, 400.0, 400.0, 400.0]
class_correct [49.0, 4.0, 65.0, 43.0, 237.0, 13.0]
confusion_matrix [[49, 37, 8, 273, 27, 6], [2, 4, 84, 46, 239, 25], [0, 103, 65, 1, 45, 186], [4, 6, 58, 43, 187, 102], [1, 7, 27, 1, 237, 127], [0, 0, 55, 13, 319, 13]]
traning started for  30 epoch
epoch 30 loss: 3.81469726562e-06
validation accuracy :  0.999861111111
validation class_total [1200.0, 1200.0, 1200.0, 1200.0, 1200.0, 1200.0]
validation class_correct [1200.0, 1199.0, 1200.0, 1200.0, 1200.0, 1200.0]
validation confusion_matrix [[1200, 0, 0, 0, 0, 0], [1, 1199, 0, 0, 0, 0], [0, 0, 1200, 0, 0, 0], [0, 0, 0, 1200, 0, 0], [0, 0, 0, 0, 1200, 0], [0, 0, 0, 0, 0, 1200]]
test accuracy :  0.142083333333
class_total [400.0, 400.0, 400.0, 400.0, 400.0, 400.0]
class_correct [18.0, 2.0, 46.0, 39.0, 222.0, 14.0]
confusion_matrix [[18, 34, 13, 286, 38, 11], [0, 2, 79, 44, 242, 33], [0, 46, 46, 0, 47, 261], [2, 1, 45, 39, 186, 127], [0, 3, 22, 0, 222, 153], [0, 0, 59, 21, 306, 14]]
traning started for  31 epoch
epoch 31 loss: 5.72204589844e-06
