cuda
<torch.optim.lr_scheduler.MultiStepLR object at 0x7f931a6a2dd0>
traning started for  0 epoch
epoch 1 loss: 1.58462500572
validation accuracy :  0.210694444444
validation class_total [1200.0, 1200.0, 1200.0, 1200.0, 1200.0, 1200.0]
validation class_correct [243.0, 270.0, 279.0, 240.0, 262.0, 223.0]
validation confusion_matrix [[243, 196, 213, 187, 196, 165], [198, 270, 178, 181, 195, 178], [183, 177, 279, 162, 203, 196], [191, 195, 193, 240, 207, 174], [157, 180, 251, 178, 262, 172], [200, 205, 178, 188, 206, 223]]
test accuracy :  0.18125
class_total [400.0, 400.0, 400.0, 400.0, 400.0, 400.0]
class_correct [76.0, 61.0, 90.0, 61.0, 73.0, 74.0]
confusion_matrix [[76, 74, 65, 58, 62, 65], [68, 61, 62, 79, 71, 59], [65, 54, 90, 63, 65, 63], [59, 71, 76, 61, 69, 64], [76, 67, 68, 65, 73, 51], [69, 65, 64, 66, 62, 74]]
traning started for  1 epoch
epoch 2 loss: 1.74238991737
validation accuracy :  0.242777777778
validation class_total [1200.0, 1200.0, 1200.0, 1200.0, 1200.0, 1200.0]
validation class_correct [286.0, 371.0, 249.0, 329.0, 277.0, 236.0]
validation confusion_matrix [[286, 258, 135, 188, 176, 157], [195, 371, 122, 206, 148, 158], [173, 162, 249, 238, 200, 178], [190, 192, 149, 329, 187, 153], [204, 175, 182, 217, 277, 145], [214, 231, 130, 236, 153, 236]]
test accuracy :  0.174166666667
class_total [400.0, 400.0, 400.0, 400.0, 400.0, 400.0]
class_correct [84.0, 53.0, 70.0, 65.0, 86.0, 60.0]
confusion_matrix [[84, 86, 40, 75, 45, 70], [68, 53, 55, 92, 78, 54], [74, 61, 70, 76, 74, 45], [70, 74, 54, 65, 87, 50], [73, 57, 62, 58, 86, 64], [62, 73, 52, 92, 61, 60]]
traning started for  2 epoch
epoch 3 loss: 1.88556957245
validation accuracy :  0.265277777778
validation class_total [1200.0, 1200.0, 1200.0, 1200.0, 1200.0, 1200.0]
validation class_correct [331.0, 390.0, 326.0, 315.0, 312.0, 236.0]
validation confusion_matrix [[331, 195, 160, 211, 168, 135], [187, 390, 142, 185, 143, 153], [164, 138, 326, 203, 231, 138], [172, 182, 193, 315, 208, 130], [181, 164, 198, 208, 312, 137], [196, 212, 155, 209, 192, 236]]
test accuracy :  0.174166666667
class_total [400.0, 400.0, 400.0, 400.0, 400.0, 400.0]
class_correct [81.0, 49.0, 83.0, 80.0, 80.0, 45.0]
confusion_matrix [[81, 101, 50, 67, 48, 53], [53, 49, 91, 81, 66, 60], [61, 52, 83, 66, 76, 62], [70, 64, 72, 80, 65, 49], [66, 53, 81, 82, 80, 38], [87, 64, 55, 88, 61, 45]]
traning started for  3 epoch
epoch 4 loss: 1.90418672562
validation accuracy :  0.294305555556
validation class_total [1200.0, 1200.0, 1200.0, 1200.0, 1200.0, 1200.0]
validation class_correct [352.0, 504.0, 372.0, 307.0, 299.0, 285.0]
validation confusion_matrix [[352, 229, 158, 136, 163, 162], [157, 504, 127, 146, 107, 159], [163, 146, 372, 165, 204, 150], [174, 182, 212, 307, 168, 157], [188, 143, 234, 180, 299, 156], [202, 256, 146, 154, 157, 285]]
test accuracy :  0.164583333333
class_total [400.0, 400.0, 400.0, 400.0, 400.0, 400.0]
class_correct [62.0, 43.0, 93.0, 61.0, 77.0, 59.0]
confusion_matrix [[62, 113, 46, 55, 52, 72], [43, 43, 87, 83, 64, 80], [83, 70, 93, 60, 50, 44], [46, 60, 82, 61, 75, 76], [66, 60, 92, 61, 77, 44], [58, 76, 83, 76, 48, 59]]
traning started for  4 epoch
epoch 5 loss: 1.6573523283
validation accuracy :  0.32125
validation class_total [1200.0, 1200.0, 1200.0, 1200.0, 1200.0, 1200.0]
validation class_correct [323.0, 469.0, 472.0, 384.0, 353.0, 312.0]
validation confusion_matrix [[323, 157, 189, 160, 190, 181], [142, 469, 148, 128, 132, 181], [104, 131, 472, 127, 222, 144], [147, 115, 221, 384, 197, 136], [126, 144, 246, 196, 353, 135], [152, 206, 184, 163, 183, 312]]
test accuracy :  0.175
class_total [400.0, 400.0, 400.0, 400.0, 400.0, 400.0]
class_correct [71.0, 34.0, 113.0, 60.0, 78.0, 64.0]
confusion_matrix [[71, 87, 59, 49, 51, 83], [42, 34, 102, 68, 86, 68], [46, 59, 113, 57, 71, 54], [43, 54, 93, 60, 81, 69], [60, 37, 111, 67, 78, 47], [52, 57, 75, 91, 61, 64]]
traning started for  5 epoch
epoch 6 loss: 1.66940402985
validation accuracy :  0.352777777778
validation class_total [1200.0, 1200.0, 1200.0, 1200.0, 1200.0, 1200.0]
validation class_correct [409.0, 635.0, 461.0, 467.0, 303.0, 265.0]
validation confusion_matrix [[409, 193, 169, 179, 96, 154], [122, 635, 108, 122, 73, 140], [128, 136, 461, 153, 174, 148], [141, 132, 190, 467, 146, 124], [161, 145, 256, 202, 303, 133], [185, 255, 175, 176, 144, 265]]
test accuracy :  0.1725
class_total [400.0, 400.0, 400.0, 400.0, 400.0, 400.0]
class_correct [72.0, 51.0, 100.0, 80.0, 63.0, 48.0]
confusion_matrix [[72, 126, 53, 39, 43, 67], [47, 51, 110, 73, 64, 55], [57, 71, 100, 65, 50, 57], [60, 51, 104, 80, 53, 52], [62, 35, 112, 70, 63, 58], [75, 45, 94, 90, 48, 48]]
traning started for  6 epoch
epoch 7 loss: 1.97673475742
validation accuracy :  0.392638888889
validation class_total [1200.0, 1200.0, 1200.0, 1200.0, 1200.0, 1200.0]
validation class_correct [443.0, 720.0, 504.0, 520.0, 338.0, 302.0]
validation confusion_matrix [[443, 163, 135, 186, 140, 133], [116, 720, 99, 92, 76, 97], [105, 140, 504, 139, 217, 95], [185, 77, 169, 520, 171, 78], [155, 138, 262, 209, 338, 98], [180, 258, 168, 121, 171, 302]]
test accuracy :  0.172083333333
class_total [400.0, 400.0, 400.0, 400.0, 400.0, 400.0]
class_correct [71.0, 42.0, 112.0, 64.0, 77.0, 47.0]
confusion_matrix [[71, 129, 58, 41, 45, 56], [38, 42, 106, 92, 77, 45], [58, 50, 112, 59, 77, 44], [59, 55, 81, 64, 83, 58], [55, 38, 114, 76, 77, 40], [80, 39, 82, 96, 56, 47]]
traning started for  7 epoch
epoch 8 loss: 1.8287062645
validation accuracy :  0.430555555556
validation class_total [1200.0, 1200.0, 1200.0, 1200.0, 1200.0, 1200.0]
validation class_correct [469.0, 847.0, 517.0, 597.0, 349.0, 321.0]
validation confusion_matrix [[469, 129, 132, 231, 142, 97], [74, 847, 78, 32, 69, 100], [104, 132, 517, 129, 197, 121], [170, 55, 155, 597, 158, 65], [155, 119, 259, 201, 349, 117], [146, 307, 172, 107, 147, 321]]
test accuracy :  0.17875
class_total [400.0, 400.0, 400.0, 400.0, 400.0, 400.0]
class_correct [88.0, 31.0, 97.0, 69.0, 95.0, 49.0]
confusion_matrix [[88, 133, 45, 33, 37, 64], [51, 31, 109, 86, 80, 43], [62, 67, 97, 54, 66, 54], [46, 63, 92, 69, 77, 53], [64, 25, 103, 70, 95, 43], [80, 23, 63, 133, 52, 49]]
traning started for  8 epoch
epoch 9 loss: 1.57538056374
validation accuracy :  0.487777777778
validation class_total [1200.0, 1200.0, 1200.0, 1200.0, 1200.0, 1200.0]
validation class_correct [557.0, 997.0, 600.0, 691.0, 348.0, 319.0]
validation confusion_matrix [[557, 85, 92, 267, 123, 76], [27, 997, 83, 7, 14, 72], [65, 169, 600, 101, 154, 111], [196, 21, 118, 691, 123, 51], [181, 92, 225, 232, 348, 122], [131, 340, 193, 80, 137, 319]]
test accuracy :  0.163333333333
class_total [400.0, 400.0, 400.0, 400.0, 400.0, 400.0]
class_correct [70.0, 15.0, 100.0, 74.0, 105.0, 28.0]
confusion_matrix [[70, 117, 61, 28, 40, 84], [58, 15, 111, 90, 96, 30], [46, 65, 100, 51, 71, 67], [47, 49, 94, 74, 77, 59], [67, 8, 107, 80, 105, 33], [99, 7, 59, 148, 59, 28]]
traning started for  9 epoch
epoch 10 loss: 1.32444691658
validation accuracy :  0.535138888889
validation class_total [1200.0, 1200.0, 1200.0, 1200.0, 1200.0, 1200.0]
validation class_correct [584.0, 1079.0, 673.0, 772.0, 354.0, 391.0]
validation confusion_matrix [[584, 48, 66, 347, 87, 68], [3, 1079, 59, 2, 9, 48], [20, 181, 673, 44, 137, 145], [198, 9, 86, 772, 115, 20], [185, 74, 218, 238, 354, 131], [75, 329, 245, 45, 115, 391]]
test accuracy :  0.18125
class_total [400.0, 400.0, 400.0, 400.0, 400.0, 400.0]
class_correct [89.0, 12.0, 156.0, 61.0, 94.0, 23.0]
confusion_matrix [[89, 67, 58, 46, 58, 82], [36, 12, 115, 102, 87, 48], [16, 83, 156, 20, 57, 68], [41, 48, 119, 61, 68, 63], [50, 5, 130, 74, 94, 47], [87, 0, 43, 186, 61, 23]]
traning started for  10 epoch
epoch 11 loss: 1.17456507683
validation accuracy :  0.540416666667
validation class_total [1200.0, 1200.0, 1200.0, 1200.0, 1200.0, 1200.0]
validation class_correct [631.0, 1069.0, 665.0, 745.0, 372.0, 409.0]
validation confusion_matrix [[631, 32, 44, 341, 93, 59], [3, 1069, 54, 2, 12, 60], [19, 182, 665, 32, 141, 161], [242, 4, 70, 745, 115, 24], [200, 60, 202, 224, 372, 142], [88, 314, 226, 41, 122, 409]]
test accuracy :  0.179166666667
class_total [400.0, 400.0, 400.0, 400.0, 400.0, 400.0]
class_correct [100.0, 8.0, 116.0, 62.0, 117.0, 27.0]
confusion_matrix [[100, 57, 52, 36, 64, 91], [47, 8, 114, 93, 93, 45], [19, 94, 116, 17, 65, 89], [46, 49, 107, 62, 71, 65], [59, 3, 117, 46, 117, 58], [89, 2, 53, 156, 73, 27]]
traning started for  11 epoch
epoch 12 loss: 1.45892095566
validation accuracy :  0.551111111111
validation class_total [1200.0, 1200.0, 1200.0, 1200.0, 1200.0, 1200.0]
validation class_correct [641.0, 1053.0, 648.0, 765.0, 429.0, 432.0]
validation confusion_matrix [[641, 21, 43, 336, 97, 62], [4, 1053, 59, 1, 12, 71], [19, 176, 648, 36, 159, 162], [249, 4, 53, 765, 103, 26], [211, 58, 189, 200, 429, 113], [86, 293, 230, 50, 109, 432]]
test accuracy :  0.182916666667
class_total [400.0, 400.0, 400.0, 400.0, 400.0, 400.0]
class_correct [107.0, 6.0, 134.0, 54.0, 111.0, 27.0]
confusion_matrix [[107, 38, 42, 44, 68, 101], [44, 6, 104, 99, 102, 45], [18, 84, 134, 16, 70, 78], [43, 47, 95, 54, 82, 79], [52, 3, 129, 47, 111, 58], [107, 1, 45, 148, 72, 27]]
traning started for  12 epoch
epoch 13 loss: 1.22311627865
validation accuracy :  0.560416666667
validation class_total [1200.0, 1200.0, 1200.0, 1200.0, 1200.0, 1200.0]
validation class_correct [675.0, 1069.0, 702.0, 745.0, 395.0, 449.0]
validation confusion_matrix [[675, 23, 39, 313, 96, 54], [3, 1069, 57, 0, 8, 63], [23, 162, 702, 30, 129, 154], [255, 4, 52, 745, 122, 22], [209, 57, 197, 206, 395, 136], [80, 295, 218, 35, 123, 449]]
test accuracy :  0.19125
class_total [400.0, 400.0, 400.0, 400.0, 400.0, 400.0]
class_correct [119.0, 5.0, 130.0, 43.0, 135.0, 27.0]
confusion_matrix [[119, 43, 42, 53, 65, 78], [47, 5, 101, 79, 111, 57], [19, 87, 130, 13, 62, 89], [54, 47, 100, 43, 87, 69], [54, 5, 103, 39, 135, 64], [95, 5, 42, 156, 75, 27]]
traning started for  13 epoch
epoch 14 loss: 1.74603545666
validation accuracy :  0.564722222222
validation class_total [1200.0, 1200.0, 1200.0, 1200.0, 1200.0, 1200.0]
validation class_correct [662.0, 1058.0, 729.0, 764.0, 409.0, 444.0]
validation confusion_matrix [[662, 15, 42, 331, 96, 54], [2, 1058, 67, 0, 14, 59], [14, 161, 729, 24, 131, 141], [245, 3, 59, 764, 106, 23], [191, 55, 208, 207, 409, 130], [68, 292, 229, 36, 131, 444]]
test accuracy :  0.186666666667
class_total [400.0, 400.0, 400.0, 400.0, 400.0, 400.0]
class_correct [115.0, 6.0, 129.0, 51.0, 121.0, 26.0]
confusion_matrix [[115, 36, 45, 43, 83, 78], [36, 6, 112, 83, 113, 50], [14, 95, 129, 14, 49, 99], [50, 43, 108, 51, 87, 61], [49, 3, 122, 41, 121, 64], [96, 3, 31, 159, 85, 26]]
traning started for  14 epoch
epoch 15 loss: 1.51529383659
validation accuracy :  0.569166666667
validation class_total [1200.0, 1200.0, 1200.0, 1200.0, 1200.0, 1200.0]
validation class_correct [665.0, 1057.0, 729.0, 761.0, 440.0, 446.0]
validation confusion_matrix [[665, 21, 32, 332, 99, 51], [4, 1057, 74, 2, 7, 56], [13, 170, 729, 22, 115, 151], [250, 2, 58, 761, 110, 19], [177, 52, 181, 213, 440, 137], [53, 288, 255, 37, 121, 446]]
test accuracy :  0.18375
class_total [400.0, 400.0, 400.0, 400.0, 400.0, 400.0]
class_correct [118.0, 7.0, 129.0, 48.0, 113.0, 26.0]
confusion_matrix [[118, 37, 37, 46, 72, 90], [35, 7, 108, 81, 125, 44], [8, 92, 129, 14, 56, 101], [49, 39, 106, 48, 96, 62], [42, 10, 123, 33, 113, 79], [97, 3, 42, 150, 82, 26]]
traning started for  15 epoch
epoch 16 loss: 1.29657435417
validation accuracy :  0.578055555556
validation class_total [1200.0, 1200.0, 1200.0, 1200.0, 1200.0, 1200.0]
validation class_correct [673.0, 1077.0, 719.0, 777.0, 445.0, 471.0]
validation confusion_matrix [[673, 12, 31, 339, 98, 47], [0, 1077, 56, 0, 9, 58], [7, 181, 719, 13, 136, 144], [256, 4, 44, 777, 104, 15], [204, 53, 173, 180, 445, 145], [63, 276, 241, 34, 115, 471]]
test accuracy :  0.195833333333
class_total [400.0, 400.0, 400.0, 400.0, 400.0, 400.0]
class_correct [130.0, 10.0, 125.0, 54.0, 121.0, 30.0]
confusion_matrix [[130, 30, 29, 51, 78, 82], [34, 10, 108, 89, 110, 49], [12, 105, 125, 8, 51, 99], [43, 38, 81, 54, 91, 93], [40, 10, 111, 46, 121, 72], [103, 3, 42, 148, 74, 30]]
traning started for  16 epoch
epoch 17 loss: 1.39436483383
validation accuracy :  0.587222222222
validation class_total [1200.0, 1200.0, 1200.0, 1200.0, 1200.0, 1200.0]
validation class_correct [687.0, 1047.0, 781.0, 778.0, 464.0, 471.0]
validation confusion_matrix [[687, 17, 21, 353, 83, 39], [2, 1047, 70, 2, 8, 71], [11, 144, 781, 6, 114, 144], [259, 1, 37, 778, 110, 15], [182, 43, 189, 181, 464, 141], [68, 242, 242, 35, 142, 471]]
test accuracy :  0.204166666667
class_total [400.0, 400.0, 400.0, 400.0, 400.0, 400.0]
class_correct [136.0, 5.0, 141.0, 57.0, 126.0, 25.0]
confusion_matrix [[136, 19, 43, 40, 77, 85], [34, 5, 107, 85, 117, 52], [12, 95, 141, 12, 47, 93], [49, 35, 91, 57, 86, 82], [44, 2, 149, 19, 126, 60], [102, 3, 36, 139, 95, 25]]
traning started for  17 epoch
epoch 18 loss: 1.31766021252
validation accuracy :  0.590972222222
validation class_total [1200.0, 1200.0, 1200.0, 1200.0, 1200.0, 1200.0]
validation class_correct [693.0, 1072.0, 789.0, 784.0, 448.0, 469.0]
validation confusion_matrix [[693, 15, 19, 362, 73, 38], [3, 1072, 60, 0, 9, 56], [8, 150, 789, 10, 96, 147], [249, 1, 36, 784, 117, 13], [190, 41, 193, 188, 448, 140], [58, 268, 243, 21, 141, 469]]
test accuracy :  0.1975
class_total [400.0, 400.0, 400.0, 400.0, 400.0, 400.0]
class_correct [130.0, 6.0, 132.0, 62.0, 122.0, 22.0]
confusion_matrix [[130, 21, 35, 50, 78, 86], [43, 6, 96, 80, 127, 48], [12, 99, 132, 6, 55, 96], [36, 41, 92, 62, 100, 69], [32, 6, 135, 27, 122, 78], [94, 1, 39, 136, 108, 22]]
traning started for  18 epoch
epoch 19 loss: 1.18344688416
validation accuracy :  0.594027777778
validation class_total [1200.0, 1200.0, 1200.0, 1200.0, 1200.0, 1200.0]
validation class_correct [723.0, 1073.0, 791.0, 758.0, 440.0, 492.0]
validation confusion_matrix [[723, 14, 19, 325, 89, 30], [3, 1073, 68, 1, 1, 54], [10, 144, 791, 11, 98, 146], [276, 0, 32, 758, 114, 20], [192, 34, 194, 181, 440, 159], [45, 254, 269, 26, 114, 492]]
test accuracy :  0.192083333333
class_total [400.0, 400.0, 400.0, 400.0, 400.0, 400.0]
class_correct [140.0, 5.0, 121.0, 40.0, 127.0, 28.0]
confusion_matrix [[140, 19, 38, 39, 91, 73], [37, 5, 97, 79, 118, 64], [6, 101, 121, 8, 62, 102], [47, 39, 87, 40, 105, 82], [30, 9, 125, 29, 127, 80], [93, 1, 38, 138, 102, 28]]
traning started for  19 epoch
epoch 20 loss: 0.845773816109
validation accuracy :  0.610833333333
validation class_total [1200.0, 1200.0, 1200.0, 1200.0, 1200.0, 1200.0]
validation class_correct [712.0, 1094.0, 796.0, 782.0, 516.0, 498.0]
validation confusion_matrix [[712, 16, 18, 327, 90, 37], [2, 1094, 53, 1, 2, 48], [8, 147, 796, 8, 93, 148], [271, 0, 18, 782, 115, 14], [171, 35, 176, 157, 516, 145], [41, 250, 250, 31, 130, 498]]
test accuracy :  0.2
class_total [400.0, 400.0, 400.0, 400.0, 400.0, 400.0]
class_correct [138.0, 4.0, 126.0, 49.0, 130.0, 33.0]
confusion_matrix [[138, 14, 35, 52, 85, 76], [40, 4, 103, 83, 116, 54], [6, 105, 126, 5, 56, 102], [43, 41, 90, 49, 96, 81], [22, 8, 138, 23, 130, 79], [97, 1, 44, 123, 102, 33]]
traning started for  20 epoch
epoch 21 loss: 0.887922644615
validation accuracy :  0.604166666667
validation class_total [1200.0, 1200.0, 1200.0, 1200.0, 1200.0, 1200.0]
validation class_correct [714.0, 1061.0, 801.0, 761.0, 495.0, 518.0]
validation confusion_matrix [[714, 12, 17, 335, 80, 42], [2, 1061, 79, 0, 5, 53], [3, 141, 801, 6, 98, 151], [273, 0, 37, 761, 110, 19], [188, 36, 187, 170, 495, 124], [51, 254, 243, 25, 109, 518]]
test accuracy :  0.2025
class_total [400.0, 400.0, 400.0, 400.0, 400.0, 400.0]
class_correct [141.0, 7.0, 144.0, 35.0, 128.0, 31.0]
confusion_matrix [[141, 16, 18, 59, 82, 84], [34, 7, 114, 69, 128, 48], [6, 92, 144, 4, 47, 107], [46, 39, 92, 35, 112, 76], [33, 7, 135, 16, 128, 81], [96, 0, 43, 133, 97, 31]]
traning started for  21 epoch
epoch 22 loss: 1.19724178314
validation accuracy :  0.605694444444
validation class_total [1200.0, 1200.0, 1200.0, 1200.0, 1200.0, 1200.0]
validation class_correct [737.0, 1071.0, 806.0, 770.0, 486.0, 491.0]
validation confusion_matrix [[737, 10, 16, 320, 74, 43], [2, 1071, 66, 1, 5, 55], [12, 140, 806, 8, 88, 146], [260, 0, 35, 770, 122, 13], [198, 28, 179, 153, 486, 156], [53, 253, 248, 24, 131, 491]]
test accuracy :  0.194166666667
class_total [400.0, 400.0, 400.0, 400.0, 400.0, 400.0]
class_correct [145.0, 4.0, 128.0, 45.0, 124.0, 20.0]
confusion_matrix [[145, 21, 30, 46, 87, 71], [30, 4, 110, 80, 135, 41], [12, 99, 128, 9, 50, 102], [44, 37, 91, 45, 105, 78], [30, 7, 125, 36, 124, 78], [97, 2, 49, 130, 102, 20]]
traning started for  22 epoch
epoch 23 loss: 0.864111065865
validation accuracy :  0.606666666667
validation class_total [1200.0, 1200.0, 1200.0, 1200.0, 1200.0, 1200.0]
validation class_correct [688.0, 1074.0, 818.0, 780.0, 502.0, 506.0]
validation confusion_matrix [[688, 13, 21, 362, 76, 40], [3, 1074, 73, 0, 5, 45], [7, 144, 818, 7, 90, 134], [257, 0, 23, 780, 124, 16], [175, 31, 176, 165, 502, 151], [58, 260, 239, 21, 116, 506]]
test accuracy :  0.204166666667
class_total [400.0, 400.0, 400.0, 400.0, 400.0, 400.0]
class_correct [141.0, 2.0, 140.0, 51.0, 130.0, 26.0]
confusion_matrix [[141, 20, 26, 60, 78, 75], [38, 2, 112, 71, 124, 53], [5, 90, 140, 7, 50, 108], [37, 37, 82, 51, 107, 86], [33, 7, 135, 22, 130, 73], [90, 1, 46, 137, 100, 26]]
traning started for  23 epoch
epoch 24 loss: 1.02734315395
validation accuracy :  0.599722222222
validation class_total [1200.0, 1200.0, 1200.0, 1200.0, 1200.0, 1200.0]
validation class_correct [705.0, 1088.0, 796.0, 746.0, 493.0, 490.0]
validation confusion_matrix [[705, 10, 21, 322, 93, 49], [3, 1088, 64, 1, 5, 39], [4, 146, 796, 9, 82, 163], [276, 0, 26, 746, 133, 19], [193, 37, 203, 137, 493, 137], [46, 277, 238, 28, 121, 490]]
test accuracy :  0.189583333333
class_total [400.0, 400.0, 400.0, 400.0, 400.0, 400.0]
class_correct [122.0, 4.0, 128.0, 46.0, 116.0, 39.0]
confusion_matrix [[122, 18, 28, 63, 86, 83], [32, 4, 93, 80, 135, 56], [5, 100, 128, 6, 43, 118], [33, 45, 109, 46, 99, 68], [35, 9, 143, 25, 116, 72], [87, 1, 46, 132, 95, 39]]
traning started for  24 epoch
epoch 25 loss: 1.18698644638
validation accuracy :  0.607222222222
validation class_total [1200.0, 1200.0, 1200.0, 1200.0, 1200.0, 1200.0]
validation class_correct [731.0, 1069.0, 788.0, 759.0, 510.0, 515.0]
validation confusion_matrix [[731, 10, 9, 323, 95, 32], [1, 1069, 76, 1, 8, 45], [5, 148, 788, 6, 104, 149], [284, 0, 37, 759, 104, 16], [191, 42, 180, 145, 510, 132], [47, 251, 254, 22, 111, 515]]
test accuracy :  0.20125
class_total [400.0, 400.0, 400.0, 400.0, 400.0, 400.0]
class_correct [132.0, 4.0, 129.0, 47.0, 143.0, 28.0]
confusion_matrix [[132, 15, 36, 51, 103, 63], [27, 4, 107, 74, 130, 58], [6, 106, 129, 3, 57, 99], [44, 39, 80, 47, 103, 87], [23, 7, 124, 23, 143, 80], [101, 1, 41, 120, 109, 28]]
traning started for  25 epoch
epoch 26 loss: 0.999979138374
validation accuracy :  0.605694444444
validation class_total [1200.0, 1200.0, 1200.0, 1200.0, 1200.0, 1200.0]
validation class_correct [705.0, 1080.0, 809.0, 777.0, 509.0, 481.0]
validation confusion_matrix [[705, 13, 10, 338, 94, 40], [3, 1080, 51, 1, 4, 61], [3, 149, 809, 4, 83, 152], [263, 0, 27, 777, 117, 16], [169, 25, 178, 147, 509, 172], [47, 254, 255, 20, 143, 481]]
test accuracy :  0.2075
class_total [400.0, 400.0, 400.0, 400.0, 400.0, 400.0]
class_correct [140.0, 3.0, 136.0, 58.0, 137.0, 24.0]
confusion_matrix [[140, 20, 33, 52, 83, 72], [35, 3, 95, 80, 131, 56], [6, 97, 136, 6, 53, 102], [38, 41, 79, 58, 107, 77], [28, 5, 130, 26, 137, 74], [102, 0, 44, 128, 102, 24]]
traning started for  26 epoch
epoch 27 loss: 1.33859026432
validation accuracy :  0.603888888889
validation class_total [1200.0, 1200.0, 1200.0, 1200.0, 1200.0, 1200.0]
validation class_correct [734.0, 1074.0, 785.0, 775.0, 500.0, 480.0]
validation confusion_matrix [[734, 11, 14, 322, 82, 37], [2, 1074, 67, 0, 7, 50], [5, 160, 785, 6, 91, 153], [270, 0, 24, 775, 117, 14], [178, 35, 172, 154, 500, 161], [49, 268, 266, 16, 121, 480]]
test accuracy :  0.194583333333
class_total [400.0, 400.0, 400.0, 400.0, 400.0, 400.0]
class_correct [122.0, 6.0, 135.0, 43.0, 137.0, 24.0]
confusion_matrix [[122, 17, 32, 58, 82, 89], [36, 6, 95, 66, 139, 58], [6, 105, 135, 6, 51, 97], [44, 35, 97, 43, 98, 83], [22, 7, 133, 21, 137, 80], [98, 0, 35, 132, 111, 24]]
traning started for  27 epoch
epoch 28 loss: 0.962433576584
validation accuracy :  0.609305555556
validation class_total [1200.0, 1200.0, 1200.0, 1200.0, 1200.0, 1200.0]
validation class_correct [706.0, 1065.0, 826.0, 783.0, 494.0, 513.0]
validation confusion_matrix [[706, 8, 16, 337, 89, 44], [1, 1065, 69, 0, 8, 57], [3, 140, 826, 5, 76, 150], [270, 0, 23, 783, 112, 12], [187, 28, 187, 160, 494, 144], [48, 257, 231, 27, 124, 513]]
test accuracy :  0.21375
class_total [400.0, 400.0, 400.0, 400.0, 400.0, 400.0]
class_correct [154.0, 4.0, 131.0, 50.0, 145.0, 29.0]
confusion_matrix [[154, 16, 33, 46, 77, 74], [28, 4, 105, 69, 132, 62], [6, 89, 131, 6, 51, 117], [34, 44, 84, 50, 108, 80], [20, 6, 126, 33, 145, 70], [88, 0, 47, 135, 101, 29]]
traning started for  28 epoch
epoch 29 loss: 1.17307054996
validation accuracy :  0.60875
validation class_total [1200.0, 1200.0, 1200.0, 1200.0, 1200.0, 1200.0]
validation class_correct [711.0, 1078.0, 801.0, 782.0, 497.0, 514.0]
validation confusion_matrix [[711, 13, 23, 343, 74, 36], [1, 1078, 68, 0, 7, 46], [7, 128, 801, 5, 94, 165], [265, 1, 23, 782, 122, 7], [176, 28, 188, 166, 497, 145], [37, 245, 252, 24, 128, 514]]
test accuracy :  0.200833333333
class_total [400.0, 400.0, 400.0, 400.0, 400.0, 400.0]
class_correct [132.0, 7.0, 139.0, 51.0, 125.0, 28.0]
confusion_matrix [[132, 18, 21, 51, 99, 79], [33, 7, 107, 63, 138, 52], [5, 97, 139, 6, 50, 103], [33, 36, 98, 51, 101, 81], [29, 6, 131, 24, 125, 85], [80, 1, 40, 133, 118, 28]]
traning started for  29 epoch
epoch 30 loss: 0.85986661911
validation accuracy :  0.606388888889
validation class_total [1200.0, 1200.0, 1200.0, 1200.0, 1200.0, 1200.0]
validation class_correct [716.0, 1089.0, 779.0, 754.0, 509.0, 519.0]
validation confusion_matrix [[716, 9, 17, 327, 98, 33], [2, 1089, 52, 2, 5, 50], [7, 160, 779, 5, 91, 158], [291, 0, 31, 754, 112, 12], [189, 33, 167, 144, 509, 158], [52, 251, 234, 22, 122, 519]]
test accuracy :  0.188333333333
class_total [400.0, 400.0, 400.0, 400.0, 400.0, 400.0]
class_correct [138.0, 2.0, 114.0, 49.0, 119.0, 30.0]
confusion_matrix [[138, 22, 23, 58, 85, 74], [41, 2, 112, 68, 135, 42], [5, 104, 114, 7, 61, 109], [40, 34, 78, 49, 106, 93], [30, 4, 140, 23, 119, 84], [83, 2, 44, 124, 117, 30]]
traning started for  30 epoch
epoch 31 loss: 0.898424506187
validation accuracy :  0.617777777778
validation class_total [1200.0, 1200.0, 1200.0, 1200.0, 1200.0, 1200.0]
validation class_correct [732.0, 1074.0, 834.0, 781.0, 523.0, 504.0]
validation confusion_matrix [[732, 9, 10, 320, 91, 38], [1, 1074, 68, 1, 6, 50], [4, 128, 834, 4, 79, 151], [259, 0, 21, 781, 124, 15], [174, 27, 176, 152, 523, 148], [55, 261, 233, 23, 124, 504]]
test accuracy :  0.20625
class_total [400.0, 400.0, 400.0, 400.0, 400.0, 400.0]
class_correct [137.0, 6.0, 129.0, 56.0, 137.0, 30.0]
confusion_matrix [[137, 14, 28, 50, 92, 79], [29, 6, 104, 70, 132, 59], [7, 104, 129, 8, 51, 101], [36, 40, 70, 56, 111, 87], [25, 8, 128, 20, 137, 82], [98, 1, 33, 137, 101, 30]]
traning started for  31 epoch
epoch 32 loss: 1.0642285347
validation accuracy :  0.618888888889
validation class_total [1200.0, 1200.0, 1200.0, 1200.0, 1200.0, 1200.0]
validation class_correct [740.0, 1086.0, 818.0, 792.0, 523.0, 497.0]
validation confusion_matrix [[740, 10, 17, 307, 95, 31], [1, 1086, 56, 2, 4, 51], [5, 142, 818, 5, 88, 142], [264, 1, 27, 792, 101, 15], [169, 30, 182, 145, 523, 151], [49, 248, 249, 15, 142, 497]]
test accuracy :  0.2025
class_total [400.0, 400.0, 400.0, 400.0, 400.0, 400.0]
class_correct [145.0, 1.0, 143.0, 47.0, 125.0, 25.0]
confusion_matrix [[145, 20, 28, 48, 92, 67], [41, 1, 91, 76, 138, 53], [6, 96, 143, 7, 43, 105], [43, 43, 89, 47, 100, 78], [29, 3, 138, 22, 125, 83], [94, 0, 43, 122, 116, 25]]
traning started for  32 epoch
epoch 33 loss: 0.76748418808
validation accuracy :  0.606388888889
validation class_total [1200.0, 1200.0, 1200.0, 1200.0, 1200.0, 1200.0]
validation class_correct [715.0, 1077.0, 789.0, 793.0, 479.0, 513.0]
validation confusion_matrix [[715, 12, 20, 336, 84, 33], [3, 1077, 70, 0, 3, 47], [3, 148, 789, 2, 97, 161], [248, 1, 25, 793, 113, 20], [177, 26, 178, 173, 479, 167], [50, 258, 231, 27, 121, 513]]
test accuracy :  0.199583333333
class_total [400.0, 400.0, 400.0, 400.0, 400.0, 400.0]
class_correct [131.0, 4.0, 128.0, 49.0, 145.0, 22.0]
confusion_matrix [[131, 23, 22, 46, 106, 72], [39, 4, 101, 75, 124, 57], [5, 107, 128, 5, 54, 101], [43, 38, 91, 49, 96, 83], [31, 8, 124, 16, 145, 76], [108, 0, 51, 120, 99, 22]]
traning started for  33 epoch
epoch 34 loss: 0.814779162407
validation accuracy :  0.611111111111
validation class_total [1200.0, 1200.0, 1200.0, 1200.0, 1200.0, 1200.0]
validation class_correct [718.0, 1084.0, 823.0, 774.0, 516.0, 485.0]
validation confusion_matrix [[718, 9, 19, 333, 90, 31], [3, 1084, 55, 0, 9, 49], [4, 137, 823, 4, 87, 145], [274, 1, 24, 774, 106, 21], [177, 40, 175, 149, 516, 143], [54, 271, 240, 21, 129, 485]]
test accuracy :  0.2125
class_total [400.0, 400.0, 400.0, 400.0, 400.0, 400.0]
class_correct [157.0, 2.0, 123.0, 51.0, 145.0, 32.0]
confusion_matrix [[157, 15, 27, 45, 81, 75], [32, 2, 108, 80, 119, 59], [8, 106, 123, 2, 56, 105], [37, 38, 87, 51, 99, 88], [28, 4, 127, 30, 145, 66], [88, 1, 40, 141, 98, 32]]
traning started for  34 epoch
epoch 35 loss: 1.36951971054
validation accuracy :  0.608333333333
validation class_total [1200.0, 1200.0, 1200.0, 1200.0, 1200.0, 1200.0]
validation class_correct [734.0, 1079.0, 796.0, 774.0, 521.0, 476.0]
validation confusion_matrix [[734, 11, 16, 338, 59, 42], [2, 1079, 57, 0, 8, 54], [3, 151, 796, 6, 97, 147], [269, 1, 29, 774, 116, 11], [168, 26, 170, 147, 521, 168], [48, 260, 253, 22, 141, 476]]
test accuracy :  0.207083333333
class_total [400.0, 400.0, 400.0, 400.0, 400.0, 400.0]
class_correct [150.0, 6.0, 130.0, 45.0, 140.0, 26.0]
confusion_matrix [[150, 22, 27, 42, 79, 80], [34, 6, 107, 71, 129, 53], [5, 94, 130, 5, 58, 108], [33, 40, 90, 45, 108, 84], [24, 8, 130, 25, 140, 73], [91, 0, 39, 143, 101, 26]]
traning started for  35 epoch
epoch 36 loss: 1.11209321022
validation accuracy :  0.615694444444
validation class_total [1200.0, 1200.0, 1200.0, 1200.0, 1200.0, 1200.0]
validation class_correct [731.0, 1076.0, 816.0, 794.0, 526.0, 490.0]
validation confusion_matrix [[731, 9, 17, 315, 91, 37], [3, 1076, 67, 1, 5, 48], [5, 132, 816, 3, 96, 148], [255, 0, 26, 794, 115, 10], [173, 34, 179, 147, 526, 141], [56, 241, 285, 27, 101, 490]]
test accuracy :  0.2
class_total [400.0, 400.0, 400.0, 400.0, 400.0, 400.0]
class_correct [140.0, 4.0, 128.0, 49.0, 136.0, 23.0]
confusion_matrix [[140, 21, 30, 47, 88, 74], [36, 4, 104, 91, 108, 57], [4, 112, 128, 5, 52, 99], [37, 42, 94, 49, 99, 79], [27, 6, 132, 18, 136, 81], [94, 2, 49, 125, 107, 23]]
traning started for  36 epoch
epoch 37 loss: 0.830821752548
validation accuracy :  0.616388888889
validation class_total [1200.0, 1200.0, 1200.0, 1200.0, 1200.0, 1200.0]
validation class_correct [737.0, 1080.0, 823.0, 795.0, 502.0, 501.0]
validation confusion_matrix [[737, 10, 19, 316, 76, 42], [3, 1080, 61, 2, 5, 49], [5, 134, 823, 3, 83, 152], [259, 0, 22, 795, 115, 9], [189, 28, 168, 156, 502, 157], [44, 271, 223, 24, 137, 501]]
test accuracy :  0.210416666667
class_total [400.0, 400.0, 400.0, 400.0, 400.0, 400.0]
class_correct [141.0, 3.0, 142.0, 61.0, 128.0, 30.0]
confusion_matrix [[141, 17, 27, 54, 76, 85], [32, 3, 108, 79, 131, 47], [6, 98, 142, 3, 47, 104], [26, 37, 88, 61, 101, 87], [30, 10, 141, 17, 128, 74], [85, 0, 43, 140, 102, 30]]
traning started for  37 epoch
epoch 38 loss: 1.13921260834
validation accuracy :  0.615694444444
validation class_total [1200.0, 1200.0, 1200.0, 1200.0, 1200.0, 1200.0]
validation class_correct [755.0, 1087.0, 813.0, 748.0, 509.0, 521.0]
validation confusion_matrix [[755, 12, 22, 305, 68, 38], [2, 1087, 58, 1, 7, 45], [5, 140, 813, 4, 83, 155], [275, 0, 23, 748, 139, 15], [189, 26, 173, 153, 509, 150], [39, 256, 242, 21, 121, 521]]
test accuracy :  0.19875
class_total [400.0, 400.0, 400.0, 400.0, 400.0, 400.0]
class_correct [137.0, 4.0, 135.0, 44.0, 129.0, 28.0]
confusion_matrix [[137, 23, 23, 60, 82, 75], [34, 4, 119, 75, 113, 55], [4, 101, 135, 6, 51, 103], [45, 41, 85, 44, 95, 90], [24, 9, 132, 31, 129, 75], [94, 0, 44, 126, 108, 28]]
traning started for  38 epoch
epoch 39 loss: 1.14044237137
validation accuracy :  0.60875
validation class_total [1200.0, 1200.0, 1200.0, 1200.0, 1200.0, 1200.0]
validation class_correct [723.0, 1063.0, 789.0, 792.0, 512.0, 504.0]
validation confusion_matrix [[723, 11, 15, 326, 77, 48], [2, 1063, 63, 1, 8, 63], [7, 141, 789, 5, 102, 156], [260, 1, 20, 792, 119, 8], [185, 36, 159, 159, 512, 149], [42, 250, 251, 30, 123, 504]]
test accuracy :  0.202916666667
class_total [400.0, 400.0, 400.0, 400.0, 400.0, 400.0]
class_correct [139.0, 3.0, 134.0, 55.0, 127.0, 29.0]
confusion_matrix [[139, 20, 34, 51, 84, 72], [31, 3, 96, 78, 136, 56], [4, 104, 134, 9, 45, 104], [43, 43, 92, 55, 99, 68], [29, 3, 152, 15, 127, 74], [93, 2, 49, 119, 108, 29]]
traning started for  39 epoch
epoch 40 loss: 1.06767261028
validation accuracy :  0.618194444444
validation class_total [1200.0, 1200.0, 1200.0, 1200.0, 1200.0, 1200.0]
validation class_correct [741.0, 1087.0, 804.0, 783.0, 507.0, 529.0]
validation confusion_matrix [[741, 14, 15, 320, 82, 28], [0, 1087, 63, 1, 5, 44], [2, 135, 804, 2, 96, 161], [258, 1, 24, 783, 117, 17], [176, 28, 169, 153, 507, 167], [47, 246, 234, 25, 119, 529]]
test accuracy :  0.201666666667
class_total [400.0, 400.0, 400.0, 400.0, 400.0, 400.0]
class_correct [132.0, 3.0, 133.0, 47.0, 139.0, 30.0]
confusion_matrix [[132, 20, 24, 48, 96, 80], [35, 3, 89, 75, 137, 61], [6, 116, 133, 3, 50, 92], [41, 40, 90, 47, 100, 82], [32, 5, 129, 25, 139, 70], [111, 1, 37, 120, 101, 30]]
traning started for  40 epoch
epoch 41 loss: 0.829800486565
validation accuracy :  0.616944444444
validation class_total [1200.0, 1200.0, 1200.0, 1200.0, 1200.0, 1200.0]
validation class_correct [721.0, 1076.0, 817.0, 798.0, 517.0, 513.0]
validation confusion_matrix [[721, 9, 21, 314, 105, 30], [1, 1076, 63, 1, 6, 53], [7, 128, 817, 6, 99, 143], [262, 2, 18, 798, 108, 12], [187, 33, 169, 145, 517, 149], [42, 262, 222, 21, 140, 513]]
test accuracy :  0.197916666667
class_total [400.0, 400.0, 400.0, 400.0, 400.0, 400.0]
class_correct [128.0, 4.0, 142.0, 54.0, 121.0, 26.0]
confusion_matrix [[128, 18, 28, 62, 89, 75], [39, 4, 107, 72, 129, 49], [6, 94, 142, 6, 43, 109], [36, 42, 72, 54, 105, 91], [30, 4, 147, 17, 121, 81], [94, 0, 39, 130, 111, 26]]
traning started for  41 epoch
epoch 42 loss: 1.28800773621
validation accuracy :  0.603333333333
validation class_total [1200.0, 1200.0, 1200.0, 1200.0, 1200.0, 1200.0]
validation class_correct [705.0, 1086.0, 796.0, 768.0, 492.0, 497.0]
validation confusion_matrix [[705, 8, 13, 345, 90, 39], [1, 1086, 58, 1, 9, 45], [8, 147, 796, 2, 85, 162], [266, 0, 19, 768, 131, 16], [179, 27, 173, 170, 492, 159], [47, 253, 271, 15, 117, 497]]
test accuracy :  0.198333333333
class_total [400.0, 400.0, 400.0, 400.0, 400.0, 400.0]
class_correct [126.0, 3.0, 140.0, 49.0, 129.0, 29.0]
confusion_matrix [[126, 18, 24, 59, 92, 81], [37, 3, 99, 72, 132, 57], [6, 96, 140, 5, 53, 100], [35, 36, 97, 49, 101, 82], [29, 4, 137, 22, 129, 79], [103, 0, 43, 120, 105, 29]]
traning started for  42 epoch
epoch 43 loss: 1.01402938366
validation accuracy :  0.612916666667
validation class_total [1200.0, 1200.0, 1200.0, 1200.0, 1200.0, 1200.0]
validation class_correct [715.0, 1087.0, 804.0, 787.0, 503.0, 517.0]
validation confusion_matrix [[715, 14, 15, 344, 78, 34], [2, 1087, 53, 0, 9, 49], [2, 138, 804, 7, 97, 152], [265, 0, 25, 787, 109, 14], [181, 28, 183, 159, 503, 146], [49, 253, 226, 22, 133, 517]]
test accuracy :  0.195
class_total [400.0, 400.0, 400.0, 400.0, 400.0, 400.0]
class_correct [127.0, 6.0, 128.0, 47.0, 128.0, 32.0]
confusion_matrix [[127, 19, 32, 52, 96, 74], [34, 6, 90, 70, 138, 62], [5, 96, 128, 7, 47, 117], [38, 42, 83, 47, 109, 81], [26, 7, 135, 22, 128, 82], [99, 0, 43, 116, 110, 32]]
traning started for  43 epoch
epoch 44 loss: 1.39489471912
validation accuracy :  0.614027777778
validation class_total [1200.0, 1200.0, 1200.0, 1200.0, 1200.0, 1200.0]
validation class_correct [730.0, 1074.0, 833.0, 762.0, 522.0, 500.0]
validation confusion_matrix [[730, 12, 21, 330, 75, 32], [3, 1074, 68, 1, 2, 52], [7, 132, 833, 3, 79, 146], [291, 1, 32, 762, 102, 12], [177, 33, 157, 160, 522, 151], [49, 260, 244, 24, 123, 500]]
test accuracy :  0.209166666667
class_total [400.0, 400.0, 400.0, 400.0, 400.0, 400.0]
class_correct [133.0, 5.0, 142.0, 57.0, 134.0, 31.0]
confusion_matrix [[133, 20, 21, 52, 99, 75], [37, 5, 94, 71, 147, 46], [6, 99, 142, 5, 53, 95], [43, 38, 80, 57, 100, 82], [31, 6, 125, 25, 134, 79], [90, 0, 44, 133, 102, 31]]
traning started for  44 epoch
epoch 45 loss: 1.28740167618
validation accuracy :  0.61125
validation class_total [1200.0, 1200.0, 1200.0, 1200.0, 1200.0, 1200.0]
validation class_correct [720.0, 1089.0, 806.0, 790.0, 498.0, 498.0]
validation confusion_matrix [[720, 9, 12, 341, 76, 42], [2, 1089, 63, 1, 6, 39], [3, 146, 806, 9, 84, 152], [256, 0, 24, 790, 115, 15], [170, 30, 183, 161, 498, 158], [49, 260, 247, 19, 127, 498]]
test accuracy :  0.2075
class_total [400.0, 400.0, 400.0, 400.0, 400.0, 400.0]
class_correct [149.0, 5.0, 126.0, 43.0, 148.0, 27.0]
confusion_matrix [[149, 16, 23, 40, 88, 84], [39, 5, 102, 63, 133, 58], [5, 98, 126, 8, 46, 117], [43, 35, 81, 43, 104, 94], [25, 4, 132, 16, 148, 75], [107, 2, 40, 125, 99, 27]]
traning started for  45 epoch
epoch 46 loss: 1.07756924629
validation accuracy :  0.610694444444
validation class_total [1200.0, 1200.0, 1200.0, 1200.0, 1200.0, 1200.0]
validation class_correct [707.0, 1071.0, 833.0, 770.0, 518.0, 498.0]
validation confusion_matrix [[707, 10, 18, 339, 83, 43], [2, 1071, 64, 1, 5, 57], [5, 126, 833, 8, 80, 148], [268, 0, 34, 770, 114, 14], [173, 35, 180, 141, 518, 153], [47, 254, 250, 22, 129, 498]]
test accuracy :  0.205
class_total [400.0, 400.0, 400.0, 400.0, 400.0, 400.0]
class_correct [142.0, 5.0, 143.0, 49.0, 123.0, 30.0]
confusion_matrix [[142, 16, 27, 53, 83, 79], [42, 5, 110, 73, 128, 42], [6, 98, 143, 4, 54, 95], [45, 44, 79, 49, 107, 76], [30, 8, 134, 31, 123, 74], [93, 0, 36, 127, 114, 30]]
traning started for  46 epoch
epoch 47 loss: 0.85159265995
validation accuracy :  0.615694444444
validation class_total [1200.0, 1200.0, 1200.0, 1200.0, 1200.0, 1200.0]
validation class_correct [725.0, 1085.0, 826.0, 778.0, 504.0, 515.0]
validation confusion_matrix [[725, 12, 13, 333, 79, 38], [1, 1085, 62, 0, 2, 50], [8, 139, 826, 5, 94, 128], [266, 0, 22, 778, 115, 19], [182, 29, 174, 155, 504, 156], [63, 239, 234, 17, 132, 515]]
test accuracy :  0.199166666667
class_total [400.0, 400.0, 400.0, 400.0, 400.0, 400.0]
class_correct [131.0, 5.0, 132.0, 44.0, 138.0, 28.0]
confusion_matrix [[131, 17, 37, 62, 89, 64], [25, 5, 109, 85, 121, 55], [4, 109, 132, 10, 53, 92], [34, 36, 90, 44, 107, 89], [24, 7, 135, 17, 138, 79], [84, 2, 41, 142, 103, 28]]
traning started for  47 epoch
epoch 48 loss: 1.12453007698
validation accuracy :  0.616527777778
validation class_total [1200.0, 1200.0, 1200.0, 1200.0, 1200.0, 1200.0]
validation class_correct [736.0, 1085.0, 801.0, 809.0, 499.0, 509.0]
validation confusion_matrix [[736, 10, 20, 314, 84, 36], [4, 1085, 58, 0, 6, 47], [1, 146, 801, 8, 87, 157], [246, 0, 22, 809, 109, 14], [187, 27, 174, 156, 499, 157], [41, 251, 257, 16, 126, 509]]
test accuracy :  0.20625
class_total [400.0, 400.0, 400.0, 400.0, 400.0, 400.0]
class_correct [147.0, 5.0, 150.0, 45.0, 116.0, 32.0]
confusion_matrix [[147, 17, 24, 42, 89, 81], [41, 5, 92, 61, 142, 59], [7, 100, 150, 6, 52, 85], [34, 31, 90, 45, 115, 85], [27, 4, 145, 25, 116, 83], [99, 1, 43, 121, 104, 32]]
traning started for  48 epoch
epoch 49 loss: 0.735601425171
validation accuracy :  0.607222222222
validation class_total [1200.0, 1200.0, 1200.0, 1200.0, 1200.0, 1200.0]
validation class_correct [711.0, 1085.0, 805.0, 787.0, 486.0, 498.0]
validation confusion_matrix [[711, 8, 22, 335, 82, 42], [2, 1085, 62, 2, 4, 45], [4, 126, 805, 6, 87, 172], [255, 1, 28, 787, 119, 10], [212, 34, 167, 142, 486, 159], [46, 264, 254, 19, 119, 498]]
test accuracy :  0.202083333333
class_total [400.0, 400.0, 400.0, 400.0, 400.0, 400.0]
class_correct [136.0, 2.0, 142.0, 48.0, 127.0, 30.0]
confusion_matrix [[136, 21, 24, 55, 86, 78], [33, 2, 99, 71, 139, 56], [4, 100, 142, 6, 53, 95], [42, 39, 84, 48, 105, 82], [23, 9, 142, 26, 127, 73], [101, 1, 35, 125, 108, 30]]
traning started for  49 epoch
epoch 50 loss: 0.946310043335
validation accuracy :  0.611111111111
validation class_total [1200.0, 1200.0, 1200.0, 1200.0, 1200.0, 1200.0]
validation class_correct [721.0, 1078.0, 800.0, 775.0, 513.0, 513.0]
validation confusion_matrix [[721, 14, 17, 317, 94, 37], [2, 1078, 65, 1, 3, 51], [1, 134, 800, 5, 102, 158], [276, 0, 34, 775, 98, 17], [186, 30, 179, 133, 513, 159], [44, 250, 252, 22, 119, 513]]
test accuracy :  0.20125
class_total [400.0, 400.0, 400.0, 400.0, 400.0, 400.0]
class_correct [135.0, 5.0, 128.0, 43.0, 143.0, 29.0]
confusion_matrix [[135, 19, 28, 55, 94, 69], [30, 5, 109, 68, 140, 48], [6, 110, 128, 4, 56, 96], [45, 32, 93, 43, 100, 87], [28, 6, 129, 17, 143, 77], [99, 1, 33, 127, 111, 29]]
traning started for  50 epoch
epoch 51 loss: 0.850800275803
validation accuracy :  0.604166666667
validation class_total [1200.0, 1200.0, 1200.0, 1200.0, 1200.0, 1200.0]
validation class_correct [726.0, 1066.0, 777.0, 772.0, 499.0, 510.0]
validation confusion_matrix [[726, 10, 15, 324, 81, 44], [2, 1066, 71, 1, 4, 56], [4, 131, 777, 9, 104, 175], [268, 1, 32, 772, 115, 12], [193, 28, 159, 157, 499, 164], [41, 248, 236, 23, 142, 510]]
test accuracy :  0.204166666667
class_total [400.0, 400.0, 400.0, 400.0, 400.0, 400.0]
class_correct [130.0, 3.0, 137.0, 46.0, 147.0, 27.0]
confusion_matrix [[130, 23, 25, 49, 103, 70], [28, 3, 90, 77, 137, 65], [6, 101, 137, 10, 44, 102], [33, 40, 85, 46, 101, 95], [22, 3, 125, 13, 147, 90], [100, 2, 47, 126, 98, 27]]
traning started for  51 epoch
epoch 52 loss: 0.875016331673
validation accuracy :  0.615
validation class_total [1200.0, 1200.0, 1200.0, 1200.0, 1200.0, 1200.0]
validation class_correct [732.0, 1080.0, 814.0, 771.0, 506.0, 525.0]
validation confusion_matrix [[732, 9, 22, 317, 86, 34], [1, 1080, 58, 0, 7, 54], [6, 132, 814, 3, 98, 147], [273, 0, 24, 771, 115, 17], [173, 33, 186, 145, 506, 157], [42, 234, 234, 18, 147, 525]]
test accuracy :  0.18875
class_total [400.0, 400.0, 400.0, 400.0, 400.0, 400.0]
class_correct [129.0, 3.0, 132.0, 52.0, 113.0, 24.0]
confusion_matrix [[129, 18, 29, 53, 85, 86], [29, 3, 104, 74, 125, 65], [8, 100, 132, 4, 53, 103], [32, 43, 90, 52, 102, 81], [29, 9, 145, 26, 113, 78], [95, 0, 47, 137, 97, 24]]
traning started for  52 epoch
epoch 53 loss: 1.42224526405
validation accuracy :  0.6075
validation class_total [1200.0, 1200.0, 1200.0, 1200.0, 1200.0, 1200.0]
validation class_correct [730.0, 1083.0, 807.0, 770.0, 487.0, 497.0]
validation confusion_matrix [[730, 10, 20, 322, 84, 34], [3, 1083, 54, 0, 3, 57], [3, 140, 807, 10, 99, 141], [265, 0, 30, 770, 120, 15], [177, 32, 180, 163, 487, 161], [47, 235, 258, 24, 139, 497]]
test accuracy :  0.205833333333
class_total [400.0, 400.0, 400.0, 400.0, 400.0, 400.0]
class_correct [148.0, 2.0, 125.0, 45.0, 146.0, 28.0]
confusion_matrix [[148, 22, 25, 41, 89, 75], [36, 2, 93, 79, 123, 67], [3, 96, 125, 3, 56, 117], [38, 38, 82, 45, 112, 85], [29, 8, 128, 20, 146, 69], [100, 0, 36, 121, 115, 28]]
traning started for  53 epoch
epoch 54 loss: 0.738819241524
validation accuracy :  0.614027777778
validation class_total [1200.0, 1200.0, 1200.0, 1200.0, 1200.0, 1200.0]
validation class_correct [729.0, 1086.0, 799.0, 768.0, 530.0, 509.0]
validation confusion_matrix [[729, 10, 15, 320, 84, 42], [1, 1086, 54, 0, 6, 53], [4, 138, 799, 9, 89, 161], [262, 0, 25, 768, 133, 12], [162, 32, 163, 169, 530, 144], [44, 274, 213, 27, 133, 509]]
test accuracy :  0.200833333333
class_total [400.0, 400.0, 400.0, 400.0, 400.0, 400.0]
class_correct [148.0, 3.0, 132.0, 37.0, 131.0, 31.0]
confusion_matrix [[148, 16, 30, 48, 87, 71], [37, 3, 79, 73, 155, 53], [9, 96, 132, 5, 49, 109], [42, 34, 91, 37, 104, 92], [29, 4, 132, 20, 131, 84], [105, 0, 34, 116, 114, 31]]
traning started for  54 epoch
epoch 55 loss: 1.08884322643
validation accuracy :  0.613333333333
validation class_total [1200.0, 1200.0, 1200.0, 1200.0, 1200.0, 1200.0]
validation class_correct [721.0, 1079.0, 814.0, 781.0, 500.0, 521.0]
validation confusion_matrix [[721, 11, 19, 330, 71, 48], [3, 1079, 65, 2, 4, 47], [3, 137, 814, 6, 99, 141], [258, 2, 26, 781, 124, 9], [193, 33, 165, 153, 500, 156], [46, 245, 254, 22, 112, 521]]
test accuracy :  0.211666666667
class_total [400.0, 400.0, 400.0, 400.0, 400.0, 400.0]
class_correct [143.0, 5.0, 125.0, 55.0, 147.0, 33.0]
confusion_matrix [[143, 19, 28, 43, 98, 69], [38, 5, 106, 70, 136, 45], [9, 105, 125, 4, 57, 100], [29, 43, 91, 55, 114, 68], [31, 4, 129, 15, 147, 74], [100, 0, 42, 132, 93, 33]]
traning started for  55 epoch
epoch 56 loss: 1.20628905296
validation accuracy :  0.60875
validation class_total [1200.0, 1200.0, 1200.0, 1200.0, 1200.0, 1200.0]
validation class_correct [725.0, 1075.0, 813.0, 769.0, 496.0, 505.0]
validation confusion_matrix [[725, 7, 11, 342, 73, 42], [2, 1075, 63, 0, 7, 53], [5, 134, 813, 4, 92, 152], [274, 1, 28, 769, 122, 6], [155, 39, 169, 179, 496, 162], [56, 247, 249, 18, 125, 505]]
test accuracy :  0.215
class_total [400.0, 400.0, 400.0, 400.0, 400.0, 400.0]
class_correct [145.0, 4.0, 138.0, 58.0, 141.0, 30.0]
confusion_matrix [[145, 16, 26, 53, 83, 77], [31, 4, 103, 70, 133, 59], [8, 104, 138, 4, 46, 100], [36, 46, 87, 58, 93, 80], [25, 6, 125, 25, 141, 78], [86, 0, 45, 126, 113, 30]]
traning started for  56 epoch
epoch 57 loss: 1.15085816383
validation accuracy :  0.615
validation class_total [1200.0, 1200.0, 1200.0, 1200.0, 1200.0, 1200.0]
validation class_correct [720.0, 1096.0, 810.0, 792.0, 505.0, 505.0]
validation confusion_matrix [[720, 7, 17, 332, 85, 39], [1, 1096, 62, 0, 5, 36], [7, 143, 810, 4, 83, 153], [261, 0, 27, 792, 107, 13], [193, 28, 169, 152, 505, 153], [43, 262, 243, 15, 132, 505]]
test accuracy :  0.205
class_total [400.0, 400.0, 400.0, 400.0, 400.0, 400.0]
class_correct [122.0, 5.0, 136.0, 48.0, 147.0, 34.0]
confusion_matrix [[122, 17, 36, 60, 86, 79], [33, 5, 86, 68, 146, 62], [3, 97, 136, 7, 54, 103], [40, 38, 94, 48, 90, 90], [22, 4, 121, 24, 147, 82], [86, 0, 54, 125, 101, 34]]
traning started for  57 epoch
epoch 58 loss: 0.932444214821
validation accuracy :  0.619166666667
validation class_total [1200.0, 1200.0, 1200.0, 1200.0, 1200.0, 1200.0]
validation class_correct [722.0, 1092.0, 812.0, 799.0, 515.0, 518.0]
validation confusion_matrix [[722, 9, 21, 328, 83, 37], [1, 1092, 46, 1, 6, 54], [3, 127, 812, 3, 97, 158], [247, 1, 33, 799, 106, 14], [183, 31, 176, 146, 515, 149], [48, 258, 239, 17, 120, 518]]
test accuracy :  0.202083333333
class_total [400.0, 400.0, 400.0, 400.0, 400.0, 400.0]
class_correct [133.0, 7.0, 148.0, 49.0, 120.0, 28.0]
confusion_matrix [[133, 18, 18, 58, 84, 89], [42, 7, 93, 69, 140, 49], [3, 98, 148, 7, 41, 103], [41, 44, 87, 49, 94, 85], [36, 4, 134, 20, 120, 86], [88, 0, 40, 145, 99, 28]]
traning started for  58 epoch
epoch 59 loss: 0.96257019043
validation accuracy :  0.610972222222
validation class_total [1200.0, 1200.0, 1200.0, 1200.0, 1200.0, 1200.0]
validation class_correct [713.0, 1095.0, 814.0, 792.0, 499.0, 486.0]
validation confusion_matrix [[713, 7, 21, 335, 90, 34], [2, 1095, 46, 0, 5, 52], [3, 139, 814, 5, 84, 155], [263, 0, 20, 792, 114, 11], [184, 35, 156, 156, 499, 170], [52, 239, 266, 28, 129, 486]]
test accuracy :  0.197916666667
class_total [400.0, 400.0, 400.0, 400.0, 400.0, 400.0]
class_correct [132.0, 2.0, 121.0, 57.0, 138.0, 25.0]
confusion_matrix [[132, 21, 26, 49, 100, 72], [31, 2, 109, 70, 139, 49], [12, 105, 121, 5, 55, 102], [36, 36, 91, 57, 96, 84], [19, 8, 125, 25, 138, 85], [102, 2, 41, 133, 97, 25]]
traning started for  59 epoch
epoch 60 loss: 0.924838066101
validation accuracy :  0.613333333333
validation class_total [1200.0, 1200.0, 1200.0, 1200.0, 1200.0, 1200.0]
validation class_correct [716.0, 1080.0, 821.0, 790.0, 505.0, 504.0]
validation confusion_matrix [[716, 10, 11, 336, 87, 40], [2, 1080, 59, 0, 6, 53], [4, 136, 821, 6, 89, 144], [246, 1, 25, 790, 125, 13], [172, 30, 172, 167, 505, 154], [46, 251, 235, 24, 140, 504]]
test accuracy :  0.199583333333
class_total [400.0, 400.0, 400.0, 400.0, 400.0, 400.0]
class_correct [140.0, 6.0, 140.0, 38.0, 131.0, 24.0]
confusion_matrix [[140, 18, 26, 48, 89, 79], [33, 6, 87, 74, 146, 54], [4, 100, 140, 6, 47, 103], [49, 34, 83, 38, 107, 89], [28, 3, 143, 18, 131, 77], [95, 0, 39, 128, 114, 24]]
traning started for  60 epoch
epoch 61 loss: 1.11273312569
validation accuracy :  0.610555555556
validation class_total [1200.0, 1200.0, 1200.0, 1200.0, 1200.0, 1200.0]
validation class_correct [738.0, 1069.0, 793.0, 800.0, 499.0, 497.0]
validation confusion_matrix [[738, 12, 20, 309, 84, 37], [0, 1069, 63, 1, 5, 62], [8, 142, 793, 6, 95, 156], [247, 0, 29, 800, 112, 12], [200, 27, 155, 148, 499, 171], [49, 253, 261, 29, 111, 497]]
test accuracy :  0.19625
class_total [400.0, 400.0, 400.0, 400.0, 400.0, 400.0]
class_correct [122.0, 4.0, 132.0, 43.0, 145.0, 25.0]
confusion_matrix [[122, 21, 25, 52, 101, 79], [35, 4, 93, 69, 144, 55], [2, 106, 132, 4, 56, 100], [42, 44, 95, 43, 102, 74], [35, 6, 134, 15, 145, 65], [96, 1, 47, 123, 108, 25]]
traning started for  61 epoch
epoch 62 loss: 1.07853770256
validation accuracy :  0.612361111111
validation class_total [1200.0, 1200.0, 1200.0, 1200.0, 1200.0, 1200.0]
validation class_correct [709.0, 1086.0, 820.0, 778.0, 525.0, 491.0]
validation confusion_matrix [[709, 13, 10, 339, 91, 38], [2, 1086, 61, 0, 5, 46], [7, 136, 820, 5, 96, 136], [257, 1, 32, 778, 114, 18], [170, 31, 169, 157, 525, 148], [50, 252, 257, 19, 131, 491]]
test accuracy :  0.199166666667
class_total [400.0, 400.0, 400.0, 400.0, 400.0, 400.0]
class_correct [140.0, 4.0, 126.0, 41.0, 137.0, 30.0]
confusion_matrix [[140, 13, 23, 61, 86, 77], [37, 4, 102, 60, 147, 50], [5, 110, 126, 5, 54, 100], [38, 36, 100, 41, 109, 76], [27, 5, 126, 23, 137, 82], [101, 1, 43, 118, 107, 30]]
traning started for  62 epoch
epoch 63 loss: 1.19729268551
validation accuracy :  0.617777777778
validation class_total [1200.0, 1200.0, 1200.0, 1200.0, 1200.0, 1200.0]
validation class_correct [727.0, 1083.0, 815.0, 797.0, 528.0, 498.0]
validation confusion_matrix [[727, 12, 21, 330, 78, 32], [1, 1083, 54, 1, 5, 56], [0, 133, 815, 3, 91, 158], [245, 0, 26, 797, 117, 15], [169, 30, 171, 161, 528, 141], [43, 250, 259, 22, 128, 498]]
test accuracy :  0.199166666667
class_total [400.0, 400.0, 400.0, 400.0, 400.0, 400.0]
class_correct [127.0, 3.0, 150.0, 49.0, 127.0, 22.0]
confusion_matrix [[127, 18, 25, 56, 93, 81], [31, 3, 103, 69, 148, 46], [4, 94, 150, 5, 47, 100], [35, 37, 82, 49, 116, 81], [31, 11, 119, 29, 127, 83], [93, 2, 47, 126, 110, 22]]
traning started for  63 epoch
epoch 64 loss: 1.1827890873
validation accuracy :  0.614444444444
validation class_total [1200.0, 1200.0, 1200.0, 1200.0, 1200.0, 1200.0]
validation class_correct [730.0, 1073.0, 811.0, 791.0, 503.0, 516.0]
validation confusion_matrix [[730, 8, 14, 333, 77, 38], [0, 1073, 61, 0, 4, 62], [4, 159, 811, 2, 86, 138], [268, 1, 26, 791, 102, 12], [186, 28, 188, 157, 503, 138], [51, 267, 220, 19, 127, 516]]
test accuracy :  0.2025
class_total [400.0, 400.0, 400.0, 400.0, 400.0, 400.0]
class_correct [135.0, 3.0, 128.0, 51.0, 145.0, 24.0]
confusion_matrix [[135, 17, 26, 52, 94, 76], [30, 3, 93, 78, 134, 62], [8, 100, 128, 12, 53, 99], [40, 42, 82, 51, 118, 67], [24, 4, 137, 26, 145, 64], [95, 0, 45, 113, 123, 24]]
traning started for  64 epoch
epoch 65 loss: 1.2212947607
validation accuracy :  0.614861111111
validation class_total [1200.0, 1200.0, 1200.0, 1200.0, 1200.0, 1200.0]
validation class_correct [724.0, 1083.0, 814.0, 803.0, 487.0, 516.0]
validation confusion_matrix [[724, 10, 10, 343, 73, 40], [3, 1083, 59, 0, 6, 49], [3, 157, 814, 6, 83, 137], [255, 0, 20, 803, 106, 16], [178, 35, 185, 162, 487, 153], [38, 262, 249, 19, 116, 516]]
test accuracy :  0.209583333333
class_total [400.0, 400.0, 400.0, 400.0, 400.0, 400.0]
class_correct [144.0, 2.0, 134.0, 53.0, 145.0, 25.0]
confusion_matrix [[144, 20, 29, 47, 91, 69], [41, 2, 103, 64, 141, 49], [8, 109, 134, 5, 52, 92], [39, 33, 87, 53, 95, 93], [26, 4, 133, 19, 145, 73], [97, 0, 49, 125, 104, 25]]
traning started for  65 epoch
epoch 66 loss: 1.47291719913
validation accuracy :  0.600972222222
validation class_total [1200.0, 1200.0, 1200.0, 1200.0, 1200.0, 1200.0]
validation class_correct [695.0, 1071.0, 790.0, 782.0, 517.0, 472.0]
validation confusion_matrix [[695, 12, 17, 349, 81, 46], [2, 1071, 77, 1, 4, 45], [7, 150, 790, 3, 103, 147], [268, 1, 31, 782, 108, 10], [190, 35, 157, 161, 517, 140], [43, 261, 265, 25, 134, 472]]
test accuracy :  0.213333333333
class_total [400.0, 400.0, 400.0, 400.0, 400.0, 400.0]
class_correct [149.0, 2.0, 136.0, 52.0, 140.0, 33.0]
confusion_matrix [[149, 14, 22, 56, 84, 75], [27, 2, 100, 78, 137, 56], [7, 89, 136, 2, 51, 115], [52, 32, 105, 52, 82, 77], [27, 7, 130, 18, 140, 78], [93, 0, 42, 118, 114, 33]]
traning started for  66 epoch
epoch 67 loss: 0.916554450989
validation accuracy :  0.612916666667
validation class_total [1200.0, 1200.0, 1200.0, 1200.0, 1200.0, 1200.0]
validation class_correct [738.0, 1084.0, 789.0, 774.0, 497.0, 531.0]
validation confusion_matrix [[738, 8, 16, 312, 90, 36], [1, 1084, 56, 2, 4, 53], [4, 148, 789, 8, 79, 172], [274, 0, 25, 774, 115, 12], [179, 38, 175, 161, 497, 150], [43, 236, 258, 29, 103, 531]]
test accuracy :  0.212083333333
class_total [400.0, 400.0, 400.0, 400.0, 400.0, 400.0]
class_correct [145.0, 2.0, 138.0, 51.0, 146.0, 27.0]
confusion_matrix [[145, 16, 25, 56, 84, 74], [38, 2, 106, 67, 126, 61], [2, 100, 138, 5, 58, 97], [30, 38, 95, 51, 98, 88], [26, 8, 121, 23, 146, 76], [104, 1, 38, 127, 103, 27]]
traning started for  67 epoch
epoch 68 loss: 1.01549851894
validation accuracy :  0.61125
validation class_total [1200.0, 1200.0, 1200.0, 1200.0, 1200.0, 1200.0]
validation class_correct [752.0, 1076.0, 811.0, 763.0, 495.0, 504.0]
validation confusion_matrix [[752, 15, 20, 306, 68, 39], [2, 1076, 64, 0, 4, 54], [3, 136, 811, 4, 97, 149], [285, 0, 25, 763, 118, 9], [181, 36, 177, 166, 495, 145], [49, 242, 255, 21, 129, 504]]
test accuracy :  0.2075
class_total [400.0, 400.0, 400.0, 400.0, 400.0, 400.0]
class_correct [140.0, 6.0, 149.0, 49.0, 123.0, 31.0]
confusion_matrix [[140, 22, 23, 48, 97, 70], [29, 6, 107, 71, 139, 48], [7, 103, 149, 3, 41, 97], [37, 34, 89, 49, 98, 93], [29, 4, 136, 22, 123, 86], [95, 0, 39, 130, 105, 31]]
traning started for  68 epoch
epoch 69 loss: 1.14141857624
validation accuracy :  0.601111111111
validation class_total [1200.0, 1200.0, 1200.0, 1200.0, 1200.0, 1200.0]
validation class_correct [715.0, 1072.0, 775.0, 763.0, 495.0, 508.0]
validation confusion_matrix [[715, 8, 13, 337, 89, 38], [1, 1072, 66, 0, 5, 56], [4, 152, 775, 7, 98, 164], [271, 0, 32, 763, 119, 15], [175, 34, 173, 166, 495, 157], [57, 257, 238, 26, 114, 508]]
test accuracy :  0.204583333333
class_total [400.0, 400.0, 400.0, 400.0, 400.0, 400.0]
class_correct [140.0, 8.0, 133.0, 49.0, 123.0, 38.0]
confusion_matrix [[140, 21, 25, 53, 88, 73], [34, 8, 88, 78, 134, 58], [7, 105, 133, 4, 55, 96], [37, 37, 84, 49, 117, 76], [28, 5, 126, 26, 123, 92], [87, 0, 39, 128, 108, 38]]
traning started for  69 epoch
epoch 70 loss: 0.96229660511
validation accuracy :  0.60875
validation class_total [1200.0, 1200.0, 1200.0, 1200.0, 1200.0, 1200.0]
validation class_correct [715.0, 1072.0, 801.0, 786.0, 498.0, 511.0]
validation confusion_matrix [[715, 13, 9, 337, 82, 44], [0, 1072, 76, 2, 7, 43], [2, 138, 801, 5, 88, 166], [258, 1, 19, 786, 124, 12], [182, 29, 173, 151, 498, 167], [44, 249, 244, 18, 134, 511]]
test accuracy :  0.205
class_total [400.0, 400.0, 400.0, 400.0, 400.0, 400.0]
class_correct [133.0, 6.0, 147.0, 51.0, 135.0, 20.0]
confusion_matrix [[133, 24, 30, 50, 99, 64], [36, 6, 102, 62, 127, 67], [5, 99, 147, 4, 47, 98], [39, 41, 82, 51, 113, 74], [22, 7, 135, 27, 135, 74], [102, 0, 48, 124, 106, 20]]
traning started for  70 epoch
epoch 71 loss: 0.830520510674
validation accuracy :  0.613055555556
validation class_total [1200.0, 1200.0, 1200.0, 1200.0, 1200.0, 1200.0]
validation class_correct [696.0, 1081.0, 807.0, 803.0, 518.0, 509.0]
validation confusion_matrix [[696, 11, 17, 345, 93, 38], [2, 1081, 71, 0, 5, 41], [2, 149, 807, 4, 86, 152], [257, 0, 29, 803, 93, 18], [166, 31, 174, 157, 518, 154], [48, 251, 224, 26, 142, 509]]
test accuracy :  0.19625
class_total [400.0, 400.0, 400.0, 400.0, 400.0, 400.0]
class_correct [131.0, 5.0, 148.0, 38.0, 121.0, 28.0]
confusion_matrix [[131, 19, 23, 54, 113, 60], [38, 5, 101, 68, 127, 61], [8, 91, 148, 5, 46, 102], [36, 36, 85, 38, 100, 105], [35, 7, 138, 16, 121, 83], [87, 1, 37, 141, 106, 28]]
traning started for  71 epoch
epoch 72 loss: 1.0003516674
validation accuracy :  0.608472222222
validation class_total [1200.0, 1200.0, 1200.0, 1200.0, 1200.0, 1200.0]
validation class_correct [713.0, 1072.0, 809.0, 768.0, 489.0, 530.0]
validation confusion_matrix [[713, 12, 11, 335, 85, 44], [2, 1072, 65, 0, 6, 55], [3, 140, 809, 4, 94, 150], [275, 0, 27, 768, 122, 8], [189, 28, 169, 160, 489, 165], [44, 240, 236, 16, 134, 530]]
test accuracy :  0.199583333333
class_total [400.0, 400.0, 400.0, 400.0, 400.0, 400.0]
class_correct [139.0, 5.0, 132.0, 44.0, 135.0, 24.0]
confusion_matrix [[139, 16, 23, 48, 99, 75], [39, 5, 92, 74, 136, 54], [3, 98, 132, 7, 54, 106], [48, 39, 93, 44, 106, 70], [27, 3, 141, 22, 135, 72], [95, 0, 50, 119, 112, 24]]
traning started for  72 epoch
epoch 73 loss: 1.0170340538
validation accuracy :  0.6025
validation class_total [1200.0, 1200.0, 1200.0, 1200.0, 1200.0, 1200.0]
validation class_correct [712.0, 1065.0, 790.0, 779.0, 487.0, 505.0]
validation confusion_matrix [[712, 8, 16, 355, 71, 38], [1, 1065, 61, 2, 11, 60], [8, 150, 790, 5, 88, 159], [260, 1, 27, 779, 113, 20], [179, 32, 181, 154, 487, 167], [43, 258, 227, 23, 144, 505]]
test accuracy :  0.204583333333
class_total [400.0, 400.0, 400.0, 400.0, 400.0, 400.0]
class_correct [145.0, 4.0, 134.0, 54.0, 129.0, 25.0]
confusion_matrix [[145, 21, 31, 36, 92, 75], [43, 4, 100, 65, 142, 46], [3, 94, 134, 7, 49, 113], [39, 37, 86, 54, 106, 78], [24, 5, 134, 24, 129, 84], [89, 2, 41, 132, 111, 25]]
traning started for  73 epoch
epoch 74 loss: 1.3749102354
validation accuracy :  0.609444444444
validation class_total [1200.0, 1200.0, 1200.0, 1200.0, 1200.0, 1200.0]
validation class_correct [695.0, 1081.0, 816.0, 756.0, 513.0, 527.0]
validation confusion_matrix [[695, 9, 16, 348, 88, 44], [2, 1081, 58, 1, 4, 54], [5, 123, 816, 2, 89, 165], [262, 1, 33, 756, 127, 21], [158, 30, 175, 161, 513, 163], [39, 260, 233, 21, 120, 527]]
test accuracy :  0.200833333333
class_total [400.0, 400.0, 400.0, 400.0, 400.0, 400.0]
class_correct [147.0, 1.0, 125.0, 46.0, 140.0, 23.0]
confusion_matrix [[147, 18, 22, 52, 83, 78], [31, 1, 91, 76, 144, 57], [3, 107, 125, 9, 59, 97], [38, 42, 84, 46, 100, 90], [27, 7, 121, 21, 140, 84], [93, 1, 43, 127, 113, 23]]
traning started for  74 epoch
epoch 75 loss: 0.632331728935
validation accuracy :  0.60875
validation class_total [1200.0, 1200.0, 1200.0, 1200.0, 1200.0, 1200.0]
validation class_correct [729.0, 1092.0, 808.0, 767.0, 496.0, 491.0]
validation confusion_matrix [[729, 8, 17, 331, 77, 38], [2, 1092, 56, 1, 7, 42], [4, 144, 808, 7, 98, 139], [271, 0, 18, 767, 133, 11], [191, 31, 183, 164, 496, 135], [37, 251, 245, 19, 157, 491]]
test accuracy :  0.2025
class_total [400.0, 400.0, 400.0, 400.0, 400.0, 400.0]
class_correct [143.0, 3.0, 132.0, 44.0, 130.0, 34.0]
confusion_matrix [[143, 17, 27, 50, 88, 75], [42, 3, 95, 73, 132, 55], [3, 103, 132, 6, 61, 95], [32, 42, 80, 44, 122, 80], [23, 6, 136, 22, 130, 83], [93, 1, 39, 123, 110, 34]]
traning started for  75 epoch
epoch 76 loss: 0.862393021584
validation accuracy :  0.613194444444
validation class_total [1200.0, 1200.0, 1200.0, 1200.0, 1200.0, 1200.0]
validation class_correct [709.0, 1077.0, 802.0, 786.0, 506.0, 535.0]
validation confusion_matrix [[709, 10, 14, 333, 95, 39], [2, 1077, 59, 2, 5, 55], [10, 147, 802, 4, 105, 132], [265, 0, 27, 786, 108, 14], [179, 26, 159, 163, 506, 167], [45, 239, 232, 26, 123, 535]]
test accuracy :  0.212083333333
class_total [400.0, 400.0, 400.0, 400.0, 400.0, 400.0]
class_correct [141.0, 5.0, 135.0, 55.0, 143.0, 30.0]
confusion_matrix [[141, 23, 27, 52, 75, 82], [27, 5, 103, 78, 135, 52], [6, 98, 135, 8, 49, 104], [31, 40, 91, 55, 111, 72], [23, 5, 128, 22, 143, 79], [90, 0, 46, 129, 105, 30]]
traning started for  76 epoch
epoch 77 loss: 1.01054489613
validation accuracy :  0.60375
validation class_total [1200.0, 1200.0, 1200.0, 1200.0, 1200.0, 1200.0]
validation class_correct [722.0, 1069.0, 809.0, 774.0, 489.0, 484.0]
validation confusion_matrix [[722, 6, 17, 337, 82, 36], [1, 1069, 70, 0, 7, 53], [4, 147, 809, 10, 85, 145], [264, 1, 33, 774, 117, 11], [187, 28, 199, 156, 489, 141], [53, 243, 260, 20, 140, 484]]
test accuracy :  0.210416666667
class_total [400.0, 400.0, 400.0, 400.0, 400.0, 400.0]
class_correct [142.0, 6.0, 143.0, 52.0, 126.0, 36.0]
confusion_matrix [[142, 15, 30, 57, 79, 77], [27, 6, 100, 70, 148, 49], [6, 101, 143, 3, 53, 94], [33, 44, 82, 52, 111, 78], [31, 8, 139, 18, 126, 78], [84, 1, 48, 131, 100, 36]]
traning started for  77 epoch
epoch 78 loss: 1.15259361267
validation accuracy :  0.60875
validation class_total [1200.0, 1200.0, 1200.0, 1200.0, 1200.0, 1200.0]
validation class_correct [733.0, 1085.0, 782.0, 777.0, 505.0, 501.0]
validation confusion_matrix [[733, 12, 16, 330, 76, 33], [2, 1085, 67, 1, 4, 41], [8, 140, 782, 3, 109, 158], [259, 0, 25, 777, 119, 20], [181, 34, 192, 150, 505, 138], [47, 247, 235, 23, 147, 501]]
test accuracy :  0.202916666667
class_total [400.0, 400.0, 400.0, 400.0, 400.0, 400.0]
class_correct [139.0, 6.0, 132.0, 46.0, 139.0, 25.0]
confusion_matrix [[139, 26, 23, 60, 92, 60], [29, 6, 98, 81, 138, 48], [3, 96, 132, 5, 57, 107], [50, 35, 89, 46, 102, 78], [24, 6, 128, 25, 139, 78], [91, 1, 42, 116, 125, 25]]
traning started for  78 epoch
epoch 79 loss: 0.796480894089
validation accuracy :  0.607916666667
validation class_total [1200.0, 1200.0, 1200.0, 1200.0, 1200.0, 1200.0]
validation class_correct [722.0, 1075.0, 799.0, 770.0, 511.0, 500.0]
validation confusion_matrix [[722, 8, 16, 332, 87, 35], [1, 1075, 59, 1, 8, 56], [5, 123, 799, 6, 91, 176], [276, 0, 28, 770, 114, 12], [188, 27, 172, 136, 511, 166], [51, 255, 244, 24, 126, 500]]
test accuracy :  0.213333333333
class_total [400.0, 400.0, 400.0, 400.0, 400.0, 400.0]
class_correct [140.0, 6.0, 131.0, 58.0, 147.0, 30.0]
confusion_matrix [[140, 16, 23, 46, 102, 73], [34, 6, 119, 72, 111, 58], [5, 98, 131, 7, 52, 107], [40, 28, 96, 58, 93, 85], [30, 2, 146, 11, 147, 64], [100, 0, 44, 123, 103, 30]]
traning started for  79 epoch
epoch 80 loss: 1.21693897247
validation accuracy :  0.610972222222
validation class_total [1200.0, 1200.0, 1200.0, 1200.0, 1200.0, 1200.0]
validation class_correct [705.0, 1077.0, 830.0, 799.0, 503.0, 485.0]
validation confusion_matrix [[705, 13, 16, 342, 92, 32], [1, 1077, 60, 1, 3, 58], [4, 128, 830, 5, 89, 144], [253, 2, 21, 799, 106, 19], [171, 27, 183, 159, 503, 157], [46, 253, 262, 22, 132, 485]]
test accuracy :  0.207083333333
class_total [400.0, 400.0, 400.0, 400.0, 400.0, 400.0]
class_correct [146.0, 5.0, 140.0, 53.0, 129.0, 24.0]
confusion_matrix [[146, 13, 19, 62, 91, 69], [38, 5, 91, 79, 130, 57], [6, 94, 140, 6, 47, 107], [32, 43, 83, 53, 101, 88], [24, 8, 137, 23, 129, 79], [93, 1, 39, 132, 111, 24]]
traning started for  80 epoch
epoch 81 loss: 1.14027643204
validation accuracy :  0.612361111111
validation class_total [1200.0, 1200.0, 1200.0, 1200.0, 1200.0, 1200.0]
validation class_correct [757.0, 1068.0, 802.0, 777.0, 494.0, 511.0]
validation confusion_matrix [[757, 8, 14, 306, 81, 34], [2, 1068, 75, 2, 5, 48], [7, 151, 802, 5, 95, 140], [274, 0, 31, 777, 112, 6], [187, 27, 174, 152, 494, 166], [40, 247, 251, 24, 127, 511]]
test accuracy :  0.202916666667
class_total [400.0, 400.0, 400.0, 400.0, 400.0, 400.0]
class_correct [141.0, 2.0, 131.0, 55.0, 122.0, 36.0]
confusion_matrix [[141, 13, 26, 60, 94, 66], [41, 2, 93, 73, 138, 53], [8, 97, 131, 8, 52, 104], [32, 44, 77, 55, 109, 83], [26, 7, 127, 26, 122, 92], [103, 1, 39, 118, 103, 36]]
traning started for  81 epoch
epoch 82 loss: 1.04180407524
validation accuracy :  0.605972222222
validation class_total [1200.0, 1200.0, 1200.0, 1200.0, 1200.0, 1200.0]
validation class_correct [715.0, 1067.0, 805.0, 762.0, 510.0, 504.0]
validation confusion_matrix [[715, 9, 15, 330, 94, 37], [1, 1067, 71, 2, 9, 50], [2, 153, 805, 7, 80, 153], [273, 1, 23, 762, 119, 22], [182, 34, 177, 150, 510, 147], [46, 248, 263, 20, 119, 504]]
test accuracy :  0.225833333333
class_total [400.0, 400.0, 400.0, 400.0, 400.0, 400.0]
class_correct [151.0, 6.0, 153.0, 47.0, 153.0, 32.0]
confusion_matrix [[151, 16, 27, 44, 95, 67], [37, 6, 107, 69, 130, 51], [4, 98, 153, 6, 45, 94], [38, 45, 78, 47, 112, 80], [26, 7, 123, 20, 153, 71], [90, 0, 48, 128, 102, 32]]
traning started for  82 epoch
epoch 83 loss: 1.12180507183
validation accuracy :  0.614166666667
validation class_total [1200.0, 1200.0, 1200.0, 1200.0, 1200.0, 1200.0]
validation class_correct [708.0, 1097.0, 813.0, 787.0, 504.0, 513.0]
validation confusion_matrix [[708, 6, 19, 340, 87, 40], [2, 1097, 46, 1, 5, 49], [5, 145, 813, 4, 85, 148], [248, 1, 30, 787, 121, 13], [187, 30, 175, 153, 504, 151], [39, 242, 262, 22, 122, 513]]
test accuracy :  0.21125
class_total [400.0, 400.0, 400.0, 400.0, 400.0, 400.0]
class_correct [148.0, 8.0, 141.0, 49.0, 136.0, 25.0]
confusion_matrix [[148, 21, 23, 48, 78, 82], [40, 8, 111, 52, 137, 52], [4, 110, 141, 7, 37, 101], [37, 42, 76, 49, 109, 87], [23, 5, 129, 19, 136, 88], [100, 1, 40, 120, 114, 25]]
traning started for  83 epoch
epoch 84 loss: 0.998625278473
validation accuracy :  0.611805555556
validation class_total [1200.0, 1200.0, 1200.0, 1200.0, 1200.0, 1200.0]
validation class_correct [764.0, 1097.0, 824.0, 747.0, 480.0, 493.0]
validation confusion_matrix [[764, 7, 13, 288, 94, 34], [3, 1097, 46, 0, 8, 46], [3, 124, 824, 5, 89, 155], [280, 0, 27, 747, 129, 17], [192, 27, 185, 163, 480, 153], [43, 259, 252, 25, 128, 493]]
test accuracy :  0.1925
class_total [400.0, 400.0, 400.0, 400.0, 400.0, 400.0]
class_correct [145.0, 3.0, 129.0, 44.0, 116.0, 25.0]
confusion_matrix [[145, 12, 30, 58, 85, 70], [43, 3, 114, 65, 120, 55], [4, 115, 129, 5, 58, 89], [41, 37, 96, 44, 103, 79], [27, 2, 142, 23, 116, 90], [88, 3, 46, 141, 97, 25]]
traning started for  84 epoch
epoch 85 loss: 1.37793970108
validation accuracy :  0.613055555556
validation class_total [1200.0, 1200.0, 1200.0, 1200.0, 1200.0, 1200.0]
validation class_correct [732.0, 1064.0, 818.0, 793.0, 502.0, 505.0]
validation confusion_matrix [[732, 13, 16, 328, 75, 36], [1, 1064, 67, 1, 8, 59], [9, 124, 818, 2, 92, 155], [259, 0, 36, 793, 100, 12], [167, 31, 180, 164, 502, 156], [49, 259, 237, 20, 130, 505]]
test accuracy :  0.19875
class_total [400.0, 400.0, 400.0, 400.0, 400.0, 400.0]
class_correct [130.0, 4.0, 127.0, 53.0, 134.0, 29.0]
confusion_matrix [[130, 16, 33, 56, 93, 72], [39, 4, 98, 67, 140, 52], [10, 115, 127, 3, 53, 92], [37, 42, 87, 53, 102, 79], [25, 0, 140, 20, 134, 81], [105, 0, 39, 122, 105, 29]]
traning started for  85 epoch
epoch 86 loss: 1.1643666029
validation accuracy :  0.604305555556
validation class_total [1200.0, 1200.0, 1200.0, 1200.0, 1200.0, 1200.0]
validation class_correct [710.0, 1084.0, 800.0, 766.0, 484.0, 507.0]
validation confusion_matrix [[710, 12, 11, 340, 81, 46], [2, 1084, 54, 0, 7, 53], [5, 138, 800, 4, 91, 162], [284, 1, 25, 766, 105, 19], [184, 31, 186, 157, 484, 158], [40, 234, 256, 30, 133, 507]]
test accuracy :  0.197916666667
class_total [400.0, 400.0, 400.0, 400.0, 400.0, 400.0]
class_correct [134.0, 7.0, 134.0, 55.0, 118.0, 27.0]
confusion_matrix [[134, 22, 29, 49, 94, 72], [29, 7, 108, 68, 130, 58], [6, 101, 134, 4, 53, 102], [38, 44, 80, 55, 110, 73], [36, 6, 134, 22, 118, 84], [94, 0, 42, 130, 107, 27]]
traning started for  86 epoch
epoch 87 loss: 0.776415705681
validation accuracy :  0.603472222222
validation class_total [1200.0, 1200.0, 1200.0, 1200.0, 1200.0, 1200.0]
validation class_correct [704.0, 1086.0, 792.0, 764.0, 492.0, 507.0]
validation confusion_matrix [[704, 15, 21, 353, 77, 30], [0, 1086, 54, 3, 9, 48], [5, 145, 792, 1, 94, 163], [278, 1, 29, 764, 112, 16], [171, 28, 185, 155, 492, 169], [49, 232, 269, 18, 125, 507]]
test accuracy :  0.195416666667
class_total [400.0, 400.0, 400.0, 400.0, 400.0, 400.0]
class_correct [140.0, 5.0, 118.0, 44.0, 128.0, 34.0]
confusion_matrix [[140, 19, 31, 56, 76, 78], [35, 5, 92, 64, 141, 63], [5, 112, 118, 8, 56, 101], [39, 40, 84, 44, 116, 77], [28, 7, 130, 26, 128, 81], [98, 0, 31, 118, 119, 34]]
traning started for  87 epoch
epoch 88 loss: 0.948964476585
validation accuracy :  0.616388888889
validation class_total [1200.0, 1200.0, 1200.0, 1200.0, 1200.0, 1200.0]
validation class_correct [720.0, 1078.0, 813.0, 793.0, 520.0, 514.0]
validation confusion_matrix [[720, 10, 16, 327, 90, 37], [1, 1078, 59, 1, 5, 56], [3, 138, 813, 5, 89, 152], [258, 2, 26, 793, 106, 15], [182, 29, 164, 151, 520, 154], [47, 254, 235, 29, 121, 514]]
test accuracy :  0.210833333333
class_total [400.0, 400.0, 400.0, 400.0, 400.0, 400.0]
class_correct [147.0, 2.0, 139.0, 49.0, 141.0, 28.0]
confusion_matrix [[147, 19, 21, 45, 91, 77], [29, 2, 91, 76, 140, 62], [7, 98, 139, 5, 44, 107], [39, 40, 77, 49, 114, 81], [21, 5, 128, 17, 141, 88], [98, 1, 38, 129, 106, 28]]
traning started for  88 epoch
epoch 89 loss: 1.09805476665
validation accuracy :  0.614444444444
validation class_total [1200.0, 1200.0, 1200.0, 1200.0, 1200.0, 1200.0]
validation class_correct [727.0, 1078.0, 811.0, 783.0, 531.0, 494.0]
validation confusion_matrix [[727, 8, 20, 324, 87, 34], [1, 1078, 66, 2, 4, 49], [2, 156, 811, 2, 95, 134], [266, 1, 20, 783, 120, 10], [169, 34, 154, 150, 531, 162], [48, 249, 251, 23, 135, 494]]
test accuracy :  0.210416666667
class_total [400.0, 400.0, 400.0, 400.0, 400.0, 400.0]
class_correct [147.0, 6.0, 139.0, 51.0, 139.0, 23.0]
confusion_matrix [[147, 28, 24, 35, 92, 74], [37, 6, 82, 76, 149, 50], [7, 105, 139, 7, 45, 97], [37, 39, 91, 51, 104, 78], [29, 3, 132, 25, 139, 72], [97, 0, 51, 127, 102, 23]]
traning started for  89 epoch
epoch 90 loss: 0.777375340462
validation accuracy :  0.609027777778
validation class_total [1200.0, 1200.0, 1200.0, 1200.0, 1200.0, 1200.0]
validation class_correct [711.0, 1088.0, 785.0, 785.0, 518.0, 498.0]
validation confusion_matrix [[711, 11, 22, 343, 76, 37], [1, 1088, 51, 2, 2, 56], [9, 147, 785, 5, 98, 156], [264, 0, 21, 785, 113, 17], [181, 27, 187, 135, 518, 152], [51, 261, 224, 24, 142, 498]]
test accuracy :  0.205833333333
class_total [400.0, 400.0, 400.0, 400.0, 400.0, 400.0]
class_correct [127.0, 3.0, 143.0, 53.0, 139.0, 29.0]
confusion_matrix [[127, 15, 30, 54, 93, 81], [35, 3, 104, 80, 114, 64], [4, 98, 143, 5, 55, 95], [43, 36, 95, 53, 96, 77], [26, 4, 134, 19, 139, 78], [85, 2, 44, 136, 104, 29]]
traning started for  90 epoch
epoch 91 loss: 0.96224963665
validation accuracy :  0.60875
validation class_total [1200.0, 1200.0, 1200.0, 1200.0, 1200.0, 1200.0]
validation class_correct [721.0, 1072.0, 801.0, 782.0, 521.0, 486.0]
validation confusion_matrix [[721, 9, 15, 334, 81, 40], [0, 1072, 64, 2, 6, 56], [11, 144, 801, 7, 93, 144], [255, 0, 29, 782, 118, 16], [178, 31, 177, 153, 521, 140], [45, 267, 249, 22, 131, 486]]
test accuracy :  0.20125
class_total [400.0, 400.0, 400.0, 400.0, 400.0, 400.0]
class_correct [138.0, 4.0, 126.0, 51.0, 133.0, 31.0]
confusion_matrix [[138, 22, 26, 55, 76, 83], [33, 4, 103, 69, 140, 51], [4, 109, 126, 7, 60, 94], [38, 42, 87, 51, 99, 83], [38, 3, 136, 18, 133, 72], [89, 1, 51, 119, 109, 31]]
traning started for  91 epoch
epoch 92 loss: 0.810985326767
validation accuracy :  0.616805555556
validation class_total [1200.0, 1200.0, 1200.0, 1200.0, 1200.0, 1200.0]
validation class_correct [728.0, 1091.0, 825.0, 775.0, 508.0, 514.0]
validation confusion_matrix [[728, 8, 17, 312, 100, 35], [1, 1091, 50, 1, 6, 51], [6, 141, 825, 7, 85, 136], [265, 0, 23, 775, 124, 13], [187, 33, 171, 160, 508, 141], [46, 252, 228, 24, 136, 514]]
test accuracy :  0.199166666667
class_total [400.0, 400.0, 400.0, 400.0, 400.0, 400.0]
class_correct [124.0, 2.0, 141.0, 48.0, 138.0, 25.0]
confusion_matrix [[124, 17, 27, 43, 101, 88], [36, 2, 100, 78, 119, 65], [6, 95, 141, 6, 55, 97], [46, 32, 100, 48, 91, 83], [33, 8, 126, 23, 138, 72], [96, 0, 46, 132, 101, 25]]
traning started for  92 epoch
epoch 93 loss: 1.23699498177
validation accuracy :  0.607916666667
validation class_total [1200.0, 1200.0, 1200.0, 1200.0, 1200.0, 1200.0]
validation class_correct [737.0, 1077.0, 792.0, 774.0, 491.0, 506.0]
validation confusion_matrix [[737, 10, 19, 321, 76, 37], [2, 1077, 55, 0, 8, 58], [3, 144, 792, 6, 93, 162], [277, 1, 35, 774, 105, 8], [173, 29, 184, 170, 491, 153], [48, 263, 242, 22, 119, 506]]
test accuracy :  0.2
class_total [400.0, 400.0, 400.0, 400.0, 400.0, 400.0]
class_correct [144.0, 4.0, 117.0, 52.0, 135.0, 28.0]
confusion_matrix [[144, 23, 24, 49, 86, 74], [33, 4, 105, 66, 142, 50], [2, 113, 117, 7, 52, 109], [41, 35, 92, 52, 95, 85], [19, 7, 137, 25, 135, 77], [86, 0, 53, 130, 103, 28]]
traning started for  93 epoch
epoch 94 loss: 0.683045744896
validation accuracy :  0.604722222222
validation class_total [1200.0, 1200.0, 1200.0, 1200.0, 1200.0, 1200.0]
validation class_correct [724.0, 1084.0, 797.0, 774.0, 489.0, 486.0]
validation confusion_matrix [[724, 11, 15, 332, 78, 40], [1, 1084, 63, 2, 5, 45], [4, 149, 797, 3, 87, 160], [267, 0, 25, 774, 126, 8], [184, 34, 181, 162, 489, 150], [47, 262, 248, 25, 132, 486]]
test accuracy :  0.2025
class_total [400.0, 400.0, 400.0, 400.0, 400.0, 400.0]
class_correct [149.0, 3.0, 134.0, 40.0, 129.0, 31.0]
confusion_matrix [[149, 19, 27, 50, 88, 67], [31, 3, 87, 77, 139, 63], [7, 107, 134, 4, 44, 104], [43, 38, 82, 40, 104, 93], [24, 8, 136, 28, 129, 75], [92, 0, 50, 129, 98, 31]]
traning started for  94 epoch
epoch 95 loss: 0.879332900047
validation accuracy :  0.604583333333
validation class_total [1200.0, 1200.0, 1200.0, 1200.0, 1200.0, 1200.0]
validation class_correct [724.0, 1065.0, 789.0, 765.0, 489.0, 521.0]
validation confusion_matrix [[724, 8, 15, 329, 77, 47], [3, 1065, 68, 1, 5, 58], [6, 137, 789, 5, 97, 166], [279, 1, 32, 765, 110, 13], [189, 32, 170, 164, 489, 156], [51, 246, 239, 23, 120, 521]]
test accuracy :  0.20625
class_total [400.0, 400.0, 400.0, 400.0, 400.0, 400.0]
class_correct [136.0, 7.0, 123.0, 59.0, 139.0, 31.0]
confusion_matrix [[136, 20, 20, 60, 90, 74], [28, 7, 104, 67, 140, 54], [4, 108, 123, 7, 53, 105], [30, 30, 86, 59, 106, 89], [31, 4, 133, 16, 139, 77], [102, 1, 42, 126, 98, 31]]
traning started for  95 epoch
epoch 96 loss: 0.766862511635
validation accuracy :  0.606111111111
validation class_total [1200.0, 1200.0, 1200.0, 1200.0, 1200.0, 1200.0]
validation class_correct [722.0, 1068.0, 792.0, 796.0, 493.0, 493.0]
validation confusion_matrix [[722, 11, 13, 324, 94, 36], [1, 1068, 54, 1, 8, 68], [4, 139, 792, 5, 104, 156], [254, 1, 23, 796, 114, 12], [181, 33, 188, 158, 493, 147], [49, 248, 257, 21, 132, 493]]
test accuracy :  0.205416666667
class_total [400.0, 400.0, 400.0, 400.0, 400.0, 400.0]
class_correct [137.0, 6.0, 139.0, 56.0, 130.0, 25.0]
confusion_matrix [[137, 20, 23, 54, 94, 72], [24, 6, 89, 72, 148, 61], [5, 101, 139, 5, 43, 107], [46, 42, 87, 56, 98, 71], [30, 3, 130, 20, 130, 87], [78, 2, 41, 140, 114, 25]]
traning started for  96 epoch
epoch 97 loss: 1.24583888054
validation accuracy :  0.609027777778
validation class_total [1200.0, 1200.0, 1200.0, 1200.0, 1200.0, 1200.0]
validation class_correct [713.0, 1072.0, 806.0, 777.0, 504.0, 513.0]
validation confusion_matrix [[713, 7, 19, 338, 85, 38], [0, 1072, 75, 0, 2, 51], [5, 136, 806, 8, 87, 158], [274, 1, 23, 777, 113, 12], [165, 39, 198, 140, 504, 154], [38, 259, 242, 27, 121, 513]]
test accuracy :  0.196666666667
class_total [400.0, 400.0, 400.0, 400.0, 400.0, 400.0]
class_correct [141.0, 5.0, 119.0, 52.0, 127.0, 28.0]
confusion_matrix [[141, 28, 23, 58, 79, 71], [46, 5, 105, 66, 127, 51], [7, 98, 119, 7, 51, 118], [40, 31, 79, 52, 107, 91], [27, 6, 149, 22, 127, 69], [98, 0, 39, 132, 103, 28]]
traning started for  97 epoch
epoch 98 loss: 0.905421257019
validation accuracy :  0.614027777778
validation class_total [1200.0, 1200.0, 1200.0, 1200.0, 1200.0, 1200.0]
validation class_correct [735.0, 1092.0, 804.0, 802.0, 480.0, 508.0]
validation confusion_matrix [[735, 10, 15, 318, 81, 41], [0, 1092, 55, 0, 10, 43], [5, 155, 804, 9, 102, 125], [255, 0, 22, 802, 109, 12], [170, 30, 179, 174, 480, 167], [54, 257, 236, 17, 128, 508]]
test accuracy :  0.211666666667
class_total [400.0, 400.0, 400.0, 400.0, 400.0, 400.0]
class_correct [145.0, 5.0, 150.0, 54.0, 123.0, 31.0]
confusion_matrix [[145, 22, 22, 50, 94, 67], [30, 5, 99, 70, 138, 58], [5, 99, 150, 5, 49, 92], [41, 43, 89, 54, 89, 84], [24, 4, 138, 28, 123, 83], [100, 1, 45, 106, 117, 31]]
traning started for  98 epoch
epoch 99 loss: 1.11436760426
validation accuracy :  0.607638888889
validation class_total [1200.0, 1200.0, 1200.0, 1200.0, 1200.0, 1200.0]
validation class_correct [719.0, 1081.0, 773.0, 809.0, 499.0, 494.0]
validation confusion_matrix [[719, 15, 17, 321, 94, 34], [2, 1081, 59, 0, 4, 54], [3, 149, 773, 11, 99, 165], [253, 0, 27, 809, 103, 8], [166, 37, 185, 162, 499, 151], [52, 255, 235, 24, 140, 494]]
test accuracy :  0.20625
class_total [400.0, 400.0, 400.0, 400.0, 400.0, 400.0]
class_correct [148.0, 3.0, 133.0, 47.0, 132.0, 32.0]
confusion_matrix [[148, 17, 30, 48, 77, 80], [44, 3, 100, 69, 129, 55], [4, 101, 133, 8, 53, 101], [39, 42, 85, 47, 106, 81], [24, 5, 135, 22, 132, 82], [94, 0, 47, 114, 113, 32]]
traning started for  99 epoch
epoch 100 loss: 1.10000479221
validation accuracy :  0.604027777778
validation class_total [1200.0, 1200.0, 1200.0, 1200.0, 1200.0, 1200.0]
validation class_correct [736.0, 1064.0, 787.0, 775.0, 497.0, 490.0]
validation confusion_matrix [[736, 12, 16, 321, 76, 39], [2, 1064, 69, 1, 6, 58], [5, 148, 787, 1, 110, 149], [275, 0, 29, 775, 112, 9], [200, 39, 178, 137, 497, 149], [49, 251, 255, 21, 134, 490]]
test accuracy :  0.209583333333
class_total [400.0, 400.0, 400.0, 400.0, 400.0, 400.0]
class_correct [132.0, 7.0, 144.0, 46.0, 144.0, 30.0]
confusion_matrix [[132, 25, 25, 55, 89, 74], [29, 7, 101, 72, 135, 56], [3, 97, 144, 6, 44, 106], [54, 34, 76, 46, 108, 82], [33, 7, 128, 18, 144, 70], [98, 3, 43, 117, 109, 30]]
traning started for  100 epoch
epoch 101 loss: 0.993152737617
validation accuracy :  0.614722222222
validation class_total [1200.0, 1200.0, 1200.0, 1200.0, 1200.0, 1200.0]
validation class_correct [747.0, 1064.0, 778.0, 797.0, 510.0, 530.0]
validation confusion_matrix [[747, 10, 13, 303, 88, 39], [3, 1064, 65, 1, 7, 60], [7, 145, 778, 10, 117, 143], [251, 0, 25, 797, 104, 23], [192, 41, 160, 148, 510, 149], [43, 238, 235, 22, 132, 530]]
test accuracy :  0.215
class_total [400.0, 400.0, 400.0, 400.0, 400.0, 400.0]
class_correct [155.0, 5.0, 138.0, 53.0, 145.0, 20.0]
confusion_matrix [[155, 15, 22, 49, 84, 75], [40, 5, 116, 62, 131, 46], [5, 108, 138, 10, 48, 91], [35, 35, 110, 53, 85, 82], [22, 8, 117, 26, 145, 82], [98, 1, 42, 123, 116, 20]]
traning started for  101 epoch
epoch 102 loss: 1.07347512245
validation accuracy :  0.612361111111
validation class_total [1200.0, 1200.0, 1200.0, 1200.0, 1200.0, 1200.0]
validation class_correct [724.0, 1078.0, 819.0, 801.0, 506.0, 481.0]
validation confusion_matrix [[724, 10, 22, 324, 78, 42], [3, 1078, 62, 2, 4, 51], [5, 142, 819, 5, 76, 153], [255, 0, 24, 801, 107, 13], [173, 33, 190, 160, 506, 138], [39, 272, 253, 28, 127, 481]]
test accuracy :  0.205
class_total [400.0, 400.0, 400.0, 400.0, 400.0, 400.0]
class_correct [143.0, 7.0, 136.0, 48.0, 127.0, 31.0]
confusion_matrix [[143, 20, 29, 47, 76, 85], [35, 7, 96, 54, 150, 58], [6, 101, 136, 2, 51, 104], [45, 32, 75, 48, 109, 91], [23, 3, 143, 17, 127, 87], [94, 0, 41, 130, 104, 31]]
traning started for  102 epoch
epoch 103 loss: 0.920222520828
validation accuracy :  0.608888888889
validation class_total [1200.0, 1200.0, 1200.0, 1200.0, 1200.0, 1200.0]
validation class_correct [737.0, 1082.0, 788.0, 786.0, 488.0, 503.0]
validation confusion_matrix [[737, 9, 22, 317, 80, 35], [0, 1082, 66, 3, 5, 44], [5, 146, 788, 7, 106, 148], [275, 1, 20, 786, 101, 17], [181, 38, 187, 154, 488, 152], [52, 256, 250, 16, 123, 503]]
test accuracy :  0.20125
class_total [400.0, 400.0, 400.0, 400.0, 400.0, 400.0]
class_correct [137.0, 4.0, 138.0, 42.0, 128.0, 34.0]
confusion_matrix [[137, 21, 34, 54, 80, 74], [31, 4, 95, 67, 151, 52], [5, 99, 138, 6, 41, 111], [37, 33, 91, 42, 112, 85], [35, 11, 128, 19, 128, 79], [88, 2, 36, 135, 105, 34]]
traning started for  103 epoch
epoch 104 loss: 0.735307574272
validation accuracy :  0.604444444444
validation class_total [1200.0, 1200.0, 1200.0, 1200.0, 1200.0, 1200.0]
validation class_correct [718.0, 1077.0, 800.0, 771.0, 500.0, 486.0]
validation confusion_matrix [[718, 7, 17, 340, 80, 38], [1, 1077, 59, 1, 3, 59], [2, 147, 800, 10, 98, 143], [266, 0, 30, 771, 123, 10], [170, 33, 158, 170, 500, 169], [51, 268, 228, 25, 142, 486]]
test accuracy :  0.192083333333
class_total [400.0, 400.0, 400.0, 400.0, 400.0, 400.0]
class_correct [135.0, 3.0, 128.0, 52.0, 117.0, 26.0]
confusion_matrix [[135, 14, 26, 57, 85, 83], [35, 3, 92, 81, 128, 61], [8, 97, 128, 10, 56, 101], [44, 40, 83, 52, 93, 88], [28, 3, 136, 26, 117, 90], [105, 1, 40, 123, 105, 26]]
traning started for  104 epoch
epoch 105 loss: 1.19725561142
validation accuracy :  0.608194444444
validation class_total [1200.0, 1200.0, 1200.0, 1200.0, 1200.0, 1200.0]
validation class_correct [711.0, 1078.0, 800.0, 788.0, 493.0, 509.0]
validation confusion_matrix [[711, 8, 17, 344, 84, 36], [1, 1078, 57, 0, 4, 60], [4, 128, 800, 3, 107, 158], [261, 0, 29, 788, 107, 15], [181, 33, 180, 158, 493, 155], [35, 256, 248, 27, 125, 509]]
test accuracy :  0.207916666667
class_total [400.0, 400.0, 400.0, 400.0, 400.0, 400.0]
class_correct [150.0, 4.0, 130.0, 49.0, 135.0, 31.0]
confusion_matrix [[150, 24, 25, 50, 89, 62], [35, 4, 101, 73, 137, 50], [3, 109, 130, 3, 53, 102], [39, 37, 84, 49, 112, 79], [25, 6, 131, 21, 135, 82], [100, 0, 36, 130, 103, 31]]
traning started for  105 epoch
epoch 106 loss: 0.987765431404
validation accuracy :  0.60875
validation class_total [1200.0, 1200.0, 1200.0, 1200.0, 1200.0, 1200.0]
validation class_correct [724.0, 1074.0, 784.0, 785.0, 496.0, 520.0]
validation confusion_matrix [[724, 13, 25, 326, 80, 32], [2, 1074, 60, 1, 6, 57], [3, 148, 784, 10, 95, 160], [281, 1, 26, 785, 97, 10], [186, 32, 172, 159, 496, 155], [55, 246, 242, 19, 118, 520]]
test accuracy :  0.206666666667
class_total [400.0, 400.0, 400.0, 400.0, 400.0, 400.0]
class_correct [151.0, 5.0, 127.0, 52.0, 131.0, 30.0]
confusion_matrix [[151, 21, 25, 49, 83, 71], [36, 5, 106, 71, 138, 44], [7, 106, 127, 4, 51, 105], [39, 38, 89, 52, 105, 77], [32, 6, 135, 17, 131, 79], [95, 0, 45, 128, 102, 30]]
traning started for  106 epoch
epoch 107 loss: 0.964497208595
validation accuracy :  0.610138888889
validation class_total [1200.0, 1200.0, 1200.0, 1200.0, 1200.0, 1200.0]
validation class_correct [725.0, 1080.0, 796.0, 775.0, 521.0, 496.0]
validation confusion_matrix [[725, 9, 16, 314, 91, 45], [4, 1080, 55, 0, 7, 54], [5, 153, 796, 5, 94, 147], [265, 0, 20, 775, 127, 13], [166, 27, 168, 155, 521, 163], [49, 263, 236, 22, 134, 496]]
test accuracy :  0.212083333333
class_total [400.0, 400.0, 400.0, 400.0, 400.0, 400.0]
class_correct [136.0, 2.0, 148.0, 44.0, 153.0, 26.0]
confusion_matrix [[136, 18, 34, 58, 76, 78], [30, 2, 109, 70, 137, 52], [3, 97, 148, 5, 49, 98], [43, 40, 96, 44, 103, 74], [30, 9, 114, 20, 153, 74], [92, 0, 50, 117, 115, 26]]
traning started for  107 epoch
epoch 108 loss: 0.893924117088
validation accuracy :  0.608194444444
validation class_total [1200.0, 1200.0, 1200.0, 1200.0, 1200.0, 1200.0]
validation class_correct [724.0, 1068.0, 806.0, 804.0, 479.0, 498.0]
validation confusion_matrix [[724, 9, 22, 336, 73, 36], [2, 1068, 70, 1, 6, 53], [4, 133, 806, 5, 89, 163], [255, 0, 28, 804, 98, 15], [181, 25, 161, 180, 479, 174], [43, 266, 244, 20, 129, 498]]
test accuracy :  0.21
class_total [400.0, 400.0, 400.0, 400.0, 400.0, 400.0]
class_correct [144.0, 4.0, 139.0, 42.0, 144.0, 31.0]
confusion_matrix [[144, 22, 32, 60, 80, 62], [32, 4, 103, 74, 132, 55], [2, 96, 139, 8, 49, 106], [42, 33, 83, 42, 126, 74], [33, 5, 128, 23, 144, 67], [106, 1, 35, 116, 111, 31]]
traning started for  108 epoch
epoch 109 loss: 1.52281284332
validation accuracy :  0.611944444444
validation class_total [1200.0, 1200.0, 1200.0, 1200.0, 1200.0, 1200.0]
validation class_correct [703.0, 1082.0, 798.0, 794.0, 499.0, 530.0]
validation confusion_matrix [[703, 9, 14, 334, 95, 45], [0, 1082, 62, 0, 4, 52], [6, 146, 798, 9, 83, 158], [255, 2, 27, 794, 112, 10], [182, 36, 173, 146, 499, 164], [41, 252, 218, 22, 137, 530]]
test accuracy :  0.203333333333
class_total [400.0, 400.0, 400.0, 400.0, 400.0, 400.0]
class_correct [136.0, 4.0, 140.0, 53.0, 126.0, 29.0]
confusion_matrix [[136, 15, 30, 57, 76, 86], [38, 4, 90, 78, 141, 49], [8, 104, 140, 4, 53, 91], [38, 37, 82, 53, 97, 93], [24, 6, 153, 20, 126, 71], [96, 0, 43, 126, 106, 29]]
traning started for  109 epoch
epoch 110 loss: 0.982655644417
validation accuracy :  0.611944444444
validation class_total [1200.0, 1200.0, 1200.0, 1200.0, 1200.0, 1200.0]
validation class_correct [722.0, 1077.0, 815.0, 788.0, 500.0, 504.0]
validation confusion_matrix [[722, 10, 13, 346, 69, 40], [0, 1077, 60, 3, 8, 52], [8, 138, 815, 4, 92, 143], [278, 1, 20, 788, 104, 9], [194, 37, 156, 162, 500, 151], [41, 260, 242, 28, 125, 504]]
test accuracy :  0.20875
class_total [400.0, 400.0, 400.0, 400.0, 400.0, 400.0]
class_correct [138.0, 4.0, 132.0, 51.0, 148.0, 28.0]
confusion_matrix [[138, 15, 23, 57, 88, 79], [30, 4, 96, 78, 128, 64], [5, 106, 132, 9, 54, 94], [39, 47, 85, 51, 94, 84], [22, 11, 120, 17, 148, 82], [89, 1, 53, 114, 115, 28]]
traning started for  110 epoch
epoch 111 loss: 0.945008635521
validation accuracy :  0.606944444444
validation class_total [1200.0, 1200.0, 1200.0, 1200.0, 1200.0, 1200.0]
validation class_correct [726.0, 1071.0, 801.0, 781.0, 501.0, 490.0]
validation confusion_matrix [[726, 12, 12, 329, 89, 32], [1, 1071, 68, 1, 7, 52], [2, 130, 801, 7, 95, 165], [252, 1, 27, 781, 127, 12], [193, 23, 179, 150, 501, 154], [41, 260, 267, 23, 119, 490]]
test accuracy :  0.2025
class_total [400.0, 400.0, 400.0, 400.0, 400.0, 400.0]
class_correct [147.0, 5.0, 127.0, 42.0, 140.0, 25.0]
confusion_matrix [[147, 20, 32, 46, 92, 63], [30, 5, 94, 63, 147, 61], [4, 101, 127, 4, 53, 111], [46, 30, 106, 42, 99, 77], [33, 4, 129, 22, 140, 72], [98, 0, 39, 126, 112, 25]]
traning started for  111 epoch
epoch 112 loss: 1.17668879032
validation accuracy :  0.611388888889
validation class_total [1200.0, 1200.0, 1200.0, 1200.0, 1200.0, 1200.0]
validation class_correct [743.0, 1069.0, 804.0, 799.0, 480.0, 507.0]
validation confusion_matrix [[743, 10, 18, 304, 85, 40], [0, 1069, 74, 2, 2, 53], [3, 146, 804, 2, 90, 155], [267, 1, 34, 799, 85, 14], [196, 38, 155, 167, 480, 164], [42, 247, 262, 21, 121, 507]]
test accuracy :  0.198333333333
class_total [400.0, 400.0, 400.0, 400.0, 400.0, 400.0]
class_correct [137.0, 3.0, 122.0, 41.0, 147.0, 26.0]
confusion_matrix [[137, 24, 36, 55, 75, 73], [40, 3, 87, 76, 140, 54], [3, 99, 122, 6, 53, 117], [33, 45, 81, 41, 116, 84], [20, 7, 129, 27, 147, 70], [99, 1, 46, 124, 104, 26]]
traning started for  112 epoch
epoch 113 loss: 1.22450399399
validation accuracy :  0.617777777778
validation class_total [1200.0, 1200.0, 1200.0, 1200.0, 1200.0, 1200.0]
validation class_correct [710.0, 1077.0, 829.0, 797.0, 517.0, 518.0]
validation confusion_matrix [[710, 11, 23, 337, 80, 39], [2, 1077, 65, 0, 6, 50], [2, 131, 829, 3, 92, 143], [256, 0, 28, 797, 109, 10], [179, 27, 160, 154, 517, 163], [49, 239, 229, 23, 142, 518]]
test accuracy :  0.197916666667
class_total [400.0, 400.0, 400.0, 400.0, 400.0, 400.0]
class_correct [127.0, 8.0, 123.0, 56.0, 132.0, 29.0]
confusion_matrix [[127, 16, 32, 54, 88, 83], [31, 8, 114, 71, 126, 50], [5, 105, 123, 7, 51, 109], [35, 32, 88, 56, 96, 93], [28, 4, 132, 28, 132, 76], [94, 3, 39, 117, 118, 29]]
traning started for  113 epoch
epoch 114 loss: 1.31359744072
validation accuracy :  0.61625
validation class_total [1200.0, 1200.0, 1200.0, 1200.0, 1200.0, 1200.0]
validation class_correct [752.0, 1082.0, 813.0, 799.0, 484.0, 507.0]
validation confusion_matrix [[752, 11, 18, 310, 76, 33], [1, 1082, 66, 2, 1, 48], [2, 133, 813, 5, 82, 165], [255, 0, 19, 799, 115, 12], [193, 29, 178, 155, 484, 161], [55, 247, 232, 18, 141, 507]]
test accuracy :  0.203333333333
class_total [400.0, 400.0, 400.0, 400.0, 400.0, 400.0]
class_correct [139.0, 9.0, 134.0, 40.0, 135.0, 31.0]
confusion_matrix [[139, 16, 28, 53, 86, 78], [35, 9, 101, 64, 146, 45], [5, 109, 134, 4, 49, 99], [33, 43, 86, 40, 110, 88], [29, 4, 138, 14, 135, 80], [85, 1, 43, 134, 106, 31]]
traning started for  114 epoch
epoch 115 loss: 1.03777444363
validation accuracy :  0.614444444444
validation class_total [1200.0, 1200.0, 1200.0, 1200.0, 1200.0, 1200.0]
validation class_correct [743.0, 1074.0, 809.0, 770.0, 507.0, 521.0]
validation confusion_matrix [[743, 10, 12, 306, 86, 43], [1, 1074, 61, 2, 8, 54], [5, 149, 809, 4, 90, 143], [277, 0, 30, 770, 106, 17], [209, 28, 151, 150, 507, 155], [40, 261, 216, 17, 145, 521]]
test accuracy :  0.206666666667
class_total [400.0, 400.0, 400.0, 400.0, 400.0, 400.0]
class_correct [148.0, 6.0, 127.0, 50.0, 139.0, 26.0]
confusion_matrix [[148, 20, 23, 49, 85, 75], [34, 6, 103, 67, 131, 59], [5, 111, 127, 6, 60, 91], [32, 38, 86, 50, 109, 85], [26, 8, 126, 20, 139, 81], [99, 2, 44, 137, 92, 26]]
traning started for  115 epoch
epoch 116 loss: 0.74907541275
validation accuracy :  0.617916666667
validation class_total [1200.0, 1200.0, 1200.0, 1200.0, 1200.0, 1200.0]
validation class_correct [733.0, 1091.0, 793.0, 785.0, 530.0, 517.0]
validation confusion_matrix [[733, 13, 23, 309, 82, 40], [0, 1091, 51, 2, 9, 47], [8, 139, 793, 5, 95, 160], [274, 1, 21, 785, 108, 11], [159, 28, 166, 155, 530, 162], [49, 246, 253, 16, 119, 517]]
test accuracy :  0.1925
class_total [400.0, 400.0, 400.0, 400.0, 400.0, 400.0]
class_correct [125.0, 2.0, 135.0, 47.0, 123.0, 30.0]
confusion_matrix [[125, 19, 30, 74, 84, 68], [33, 2, 98, 75, 133, 59], [5, 102, 135, 6, 43, 109], [47, 31, 85, 47, 109, 81], [32, 2, 145, 19, 123, 79], [98, 1, 57, 129, 85, 30]]
traning started for  116 epoch
