cuda
traning started for  1 epoch
epoch 1 loss: 1.77682805061
validation accuracy :  0.257083333333
validation class_total [1200.0, 1200.0, 1200.0, 1200.0, 1200.0, 1200.0]
validation class_correct [449.0, 373.0, 460.0, 170.0, 243.0, 156.0]
validation confusion_matrix [[449, 188, 192, 119, 145, 107], [318, 373, 171, 74, 120, 144], [181, 102, 460, 104, 255, 98], [331, 145, 240, 170, 187, 127], [241, 139, 361, 122, 243, 94], [304, 238, 228, 123, 151, 156]]
test accuracy :  0.175833333333
class_total [400.0, 400.0, 400.0, 400.0, 400.0, 400.0]
class_correct [101.0, 33.0, 104.0, 50.0, 82.0, 52.0]
confusion_matrix [[101, 82, 86, 37, 58, 36], [71, 33, 121, 44, 90, 41], [69, 48, 104, 49, 88, 42], [76, 48, 106, 50, 74, 46], [79, 39, 128, 45, 82, 27], [107, 61, 79, 40, 61, 52]]
traning started for  2 epoch
epoch 2 loss: 0.798083782196
validation accuracy :  0.580555555556
validation class_total [1200.0, 1200.0, 1200.0, 1200.0, 1200.0, 1200.0]
validation class_correct [301.0, 1077.0, 947.0, 696.0, 735.0, 424.0]
validation confusion_matrix [[301, 1, 4, 711, 154, 29], [0, 1077, 71, 0, 4, 48], [0, 105, 947, 0, 30, 118], [244, 0, 10, 696, 205, 45], [8, 5, 232, 30, 735, 190], [1, 131, 469, 2, 173, 424]]
test accuracy :  0.17
class_total [400.0, 400.0, 400.0, 400.0, 400.0, 400.0]
class_correct [23.0, 1.0, 211.0, 40.0, 96.0, 37.0]
confusion_matrix [[23, 19, 20, 69, 155, 114], [0, 1, 83, 20, 254, 42], [0, 114, 211, 0, 9, 66], [7, 9, 52, 40, 212, 80], [1, 3, 207, 0, 96, 93], [3, 0, 34, 36, 290, 37]]
traning started for  3 epoch
epoch 3 loss: 1.03285646439
validation accuracy :  0.719722222222
validation class_total [1200.0, 1200.0, 1200.0, 1200.0, 1200.0, 1200.0]
validation class_correct [631.0, 1160.0, 1170.0, 549.0, 1048.0, 624.0]
validation confusion_matrix [[631, 1, 0, 461, 98, 9], [0, 1160, 19, 1, 3, 17], [0, 22, 1170, 0, 0, 8], [567, 32, 0, 549, 33, 19], [6, 1, 30, 7, 1048, 108], [2, 54, 381, 6, 133, 624]]
test accuracy :  0.1225
class_total [400.0, 400.0, 400.0, 400.0, 400.0, 400.0]
class_correct [20.0, 1.0, 166.0, 24.0, 54.0, 29.0]
confusion_matrix [[20, 151, 5, 67, 41, 116], [2, 1, 40, 3, 251, 103], [0, 186, 166, 0, 1, 47], [21, 8, 16, 24, 193, 138], [1, 10, 118, 4, 54, 213], [5, 0, 14, 2, 350, 29]]
traning started for  4 epoch
epoch 4 loss: 0.617932319641
validation accuracy :  0.746111111111
validation class_total [1200.0, 1200.0, 1200.0, 1200.0, 1200.0, 1200.0]
validation class_correct [618.0, 1014.0, 1200.0, 942.0, 1094.0, 504.0]
validation confusion_matrix [[618, 0, 0, 298, 275, 9], [0, 1014, 147, 1, 1, 37], [0, 0, 1200, 0, 0, 0], [3, 116, 3, 942, 20, 116], [0, 0, 33, 0, 1094, 73], [0, 8, 637, 1, 50, 504]]
test accuracy :  0.20875
class_total [400.0, 400.0, 400.0, 400.0, 400.0, 400.0]
class_correct [1.0, 0.0, 356.0, 5.0, 15.0, 124.0]
confusion_matrix [[1, 77, 66, 62, 9, 185], [1, 0, 52, 4, 190, 153], [0, 25, 356, 0, 0, 19], [1, 0, 47, 5, 198, 149], [0, 3, 235, 0, 15, 147], [0, 0, 95, 0, 181, 124]]
traning started for  5 epoch
epoch 5 loss: 0.0594601631165
validation accuracy :  0.955277777778
validation class_total [1200.0, 1200.0, 1200.0, 1200.0, 1200.0, 1200.0]
validation class_correct [1086.0, 1169.0, 1184.0, 1149.0, 1171.0, 1119.0]
validation confusion_matrix [[1086, 0, 0, 35, 78, 1], [0, 1169, 2, 13, 0, 16], [0, 8, 1184, 0, 0, 8], [15, 9, 0, 1149, 3, 24], [0, 0, 2, 0, 1171, 27], [0, 3, 20, 6, 52, 1119]]
test accuracy :  0.13875
class_total [400.0, 400.0, 400.0, 400.0, 400.0, 400.0]
class_correct [6.0, 0.0, 89.0, 5.0, 43.0, 190.0]
confusion_matrix [[6, 43, 0, 260, 7, 84], [1, 0, 3, 0, 295, 101], [0, 110, 89, 6, 0, 195], [9, 1, 0, 5, 233, 152], [0, 2, 11, 7, 43, 337], [1, 0, 5, 1, 203, 190]]
traning started for  6 epoch
epoch 6 loss: 0.526993274689
validation accuracy :  0.970277777778
validation class_total [1200.0, 1200.0, 1200.0, 1200.0, 1200.0, 1200.0]
validation class_correct [1158.0, 1160.0, 1186.0, 1166.0, 1189.0, 1127.0]
validation confusion_matrix [[1158, 0, 0, 5, 37, 0], [0, 1160, 24, 7, 0, 9], [0, 2, 1186, 0, 2, 10], [22, 0, 0, 1166, 2, 10], [3, 0, 1, 0, 1189, 7], [0, 4, 25, 2, 42, 1127]]
test accuracy :  0.164583333333
class_total [400.0, 400.0, 400.0, 400.0, 400.0, 400.0]
class_correct [8.0, 0.0, 88.0, 5.0, 80.0, 214.0]
confusion_matrix [[8, 42, 2, 222, 11, 115], [8, 0, 1, 0, 291, 100], [0, 111, 88, 5, 3, 193], [15, 1, 1, 5, 273, 105], [1, 2, 2, 12, 80, 303], [6, 1, 4, 3, 172, 214]]
traning started for  7 epoch
epoch 7 loss: 0.00315475463867
validation accuracy :  0.989861111111
validation class_total [1200.0, 1200.0, 1200.0, 1200.0, 1200.0, 1200.0]
validation class_correct [1185.0, 1188.0, 1189.0, 1194.0, 1181.0, 1190.0]
validation confusion_matrix [[1185, 0, 0, 11, 4, 0], [0, 1188, 0, 10, 0, 2], [0, 2, 1189, 0, 1, 8], [5, 0, 0, 1194, 0, 1], [6, 0, 0, 0, 1181, 13], [0, 2, 3, 3, 2, 1190]]
test accuracy :  0.149166666667
class_total [400.0, 400.0, 400.0, 400.0, 400.0, 400.0]
class_correct [5.0, 0.0, 52.0, 7.0, 52.0, 242.0]
confusion_matrix [[5, 4, 0, 373, 0, 18], [7, 0, 0, 16, 226, 151], [0, 119, 52, 4, 4, 221], [9, 1, 2, 7, 207, 174], [1, 2, 2, 11, 52, 332], [5, 1, 2, 28, 122, 242]]
traning started for  8 epoch
epoch 8 loss: 0.0460343360901
validation accuracy :  0.990138888889
validation class_total [1200.0, 1200.0, 1200.0, 1200.0, 1200.0, 1200.0]
validation class_correct [1190.0, 1193.0, 1193.0, 1182.0, 1189.0, 1182.0]
validation confusion_matrix [[1190, 0, 0, 4, 6, 0], [0, 1193, 1, 6, 0, 0], [0, 4, 1193, 0, 0, 3], [15, 3, 0, 1182, 0, 0], [6, 0, 1, 0, 1189, 4], [0, 6, 1, 7, 4, 1182]]
test accuracy :  0.162916666667
class_total [400.0, 400.0, 400.0, 400.0, 400.0, 400.0]
class_correct [15.0, 1.0, 130.0, 8.0, 59.0, 178.0]
confusion_matrix [[15, 44, 0, 335, 2, 4], [9, 1, 0, 11, 256, 123], [0, 201, 130, 4, 4, 61], [9, 0, 5, 8, 250, 128], [0, 17, 4, 18, 59, 302], [7, 1, 2, 39, 173, 178]]
traning started for  9 epoch
epoch 9 loss: 0.00231170654297
validation accuracy :  0.975
validation class_total [1200.0, 1200.0, 1200.0, 1200.0, 1200.0, 1200.0]
validation class_correct [1165.0, 1182.0, 1200.0, 1136.0, 1195.0, 1142.0]
validation confusion_matrix [[1165, 0, 0, 1, 34, 0], [0, 1182, 7, 2, 3, 6], [0, 0, 1200, 0, 0, 0], [34, 3, 0, 1136, 7, 20], [0, 0, 5, 0, 1195, 0], [0, 0, 42, 0, 16, 1142]]
test accuracy :  0.194166666667
class_total [400.0, 400.0, 400.0, 400.0, 400.0, 400.0]
class_correct [42.0, 0.0, 240.0, 1.0, 85.0, 98.0]
confusion_matrix [[42, 45, 36, 102, 57, 118], [1, 0, 21, 0, 309, 69], [0, 107, 240, 0, 3, 50], [3, 0, 11, 1, 259, 126], [0, 2, 45, 0, 85, 268], [6, 1, 8, 4, 283, 98]]
traning started for  10 epoch
epoch 10 loss: 0.0122470855713
validation accuracy :  0.986666666667
validation class_total [1200.0, 1200.0, 1200.0, 1200.0, 1200.0, 1200.0]
validation class_correct [1195.0, 1194.0, 1198.0, 1195.0, 1149.0, 1173.0]
validation confusion_matrix [[1195, 0, 0, 5, 0, 0], [0, 1194, 0, 6, 0, 0], [0, 2, 1198, 0, 0, 0], [5, 0, 0, 1195, 0, 0], [37, 0, 1, 2, 1149, 11], [0, 3, 7, 17, 0, 1173]]
test accuracy :  0.113333333333
class_total [400.0, 400.0, 400.0, 400.0, 400.0, 400.0]
class_correct [1.0, 2.0, 100.0, 13.0, 40.0, 116.0]
confusion_matrix [[1, 49, 1, 345, 1, 3], [13, 2, 7, 50, 127, 201], [0, 201, 100, 12, 0, 87], [19, 0, 4, 13, 132, 232], [1, 11, 14, 34, 40, 300], [50, 3, 3, 84, 144, 116]]
traning started for  11 epoch
epoch 11 loss: 0.131093978882
validation accuracy :  0.987916666667
validation class_total [1200.0, 1200.0, 1200.0, 1200.0, 1200.0, 1200.0]
validation class_correct [1198.0, 1196.0, 1188.0, 1175.0, 1171.0, 1185.0]
validation confusion_matrix [[1198, 0, 0, 1, 1, 0], [0, 1196, 0, 3, 1, 0], [0, 3, 1188, 0, 1, 8], [21, 1, 0, 1175, 0, 3], [24, 0, 1, 0, 1171, 4], [0, 0, 0, 10, 5, 1185]]
test accuracy :  0.19
class_total [400.0, 400.0, 400.0, 400.0, 400.0, 400.0]
class_correct [17.0, 0.0, 69.0, 10.0, 115.0, 245.0]
confusion_matrix [[17, 21, 0, 356, 0, 6], [32, 0, 2, 7, 289, 70], [0, 162, 69, 9, 7, 153], [61, 1, 0, 10, 214, 114], [5, 3, 5, 12, 115, 260], [15, 1, 4, 19, 116, 245]]
traning started for  12 epoch
epoch 12 loss: 0.00885105133057
validation accuracy :  0.996805555556
validation class_total [1200.0, 1200.0, 1200.0, 1200.0, 1200.0, 1200.0]
validation class_correct [1194.0, 1199.0, 1199.0, 1199.0, 1197.0, 1189.0]
validation confusion_matrix [[1194, 0, 0, 4, 2, 0], [0, 1199, 0, 1, 0, 0], [0, 1, 1199, 0, 0, 0], [0, 1, 0, 1199, 0, 0], [3, 0, 0, 0, 1197, 0], [0, 4, 0, 6, 1, 1189]]
test accuracy :  0.178333333333
class_total [400.0, 400.0, 400.0, 400.0, 400.0, 400.0]
class_correct [7.0, 0.0, 143.0, 25.0, 38.0, 215.0]
confusion_matrix [[7, 88, 0, 304, 0, 1], [28, 0, 4, 31, 241, 96], [0, 211, 143, 4, 1, 41], [32, 3, 0, 25, 171, 169], [2, 5, 23, 20, 38, 312], [5, 1, 3, 43, 133, 215]]
traning started for  13 epoch
epoch 13 loss: 5.91278076172e-05
validation accuracy :  0.994861111111
validation class_total [1200.0, 1200.0, 1200.0, 1200.0, 1200.0, 1200.0]
validation class_correct [1190.0, 1197.0, 1200.0, 1183.0, 1199.0, 1194.0]
validation confusion_matrix [[1190, 0, 0, 0, 10, 0], [0, 1197, 3, 0, 0, 0], [0, 0, 1200, 0, 0, 0], [2, 4, 0, 1183, 1, 10], [1, 0, 0, 0, 1199, 0], [0, 0, 4, 0, 2, 1194]]
test accuracy :  0.228333333333
class_total [400.0, 400.0, 400.0, 400.0, 400.0, 400.0]
class_correct [5.0, 0.0, 309.0, 1.0, 74.0, 159.0]
confusion_matrix [[5, 85, 4, 279, 3, 24], [2, 0, 12, 1, 176, 209], [0, 66, 309, 0, 2, 23], [3, 0, 4, 1, 208, 184], [0, 3, 89, 1, 74, 233], [0, 1, 14, 8, 218, 159]]
traning started for  14 epoch
epoch 14 loss: 0.00381278991699
validation accuracy :  0.995138888889
validation class_total [1200.0, 1200.0, 1200.0, 1200.0, 1200.0, 1200.0]
validation class_correct [1184.0, 1199.0, 1198.0, 1197.0, 1195.0, 1192.0]
validation confusion_matrix [[1184, 0, 0, 11, 5, 0], [0, 1199, 0, 1, 0, 0], [0, 1, 1198, 0, 1, 0], [2, 1, 0, 1197, 0, 0], [2, 0, 0, 0, 1195, 3], [0, 0, 0, 0, 8, 1192]]
test accuracy :  0.204166666667
class_total [400.0, 400.0, 400.0, 400.0, 400.0, 400.0]
class_correct [0.0, 1.0, 240.0, 4.0, 131.0, 114.0]
confusion_matrix [[0, 133, 0, 261, 0, 6], [3, 1, 8, 4, 258, 126], [0, 129, 240, 0, 11, 20], [7, 1, 1, 4, 251, 136], [0, 4, 12, 7, 131, 246], [11, 3, 3, 25, 244, 114]]
traning started for  15 epoch
epoch 15 loss: 9.82284545898e-05
validation accuracy :  0.996944444444
validation class_total [1200.0, 1200.0, 1200.0, 1200.0, 1200.0, 1200.0]
validation class_correct [1200.0, 1198.0, 1200.0, 1197.0, 1198.0, 1185.0]
validation confusion_matrix [[1200, 0, 0, 0, 0, 0], [0, 1198, 2, 0, 0, 0], [0, 0, 1200, 0, 0, 0], [3, 0, 0, 1197, 0, 0], [2, 0, 0, 0, 1198, 0], [0, 0, 3, 3, 9, 1185]]
test accuracy :  0.231666666667
class_total [400.0, 400.0, 400.0, 400.0, 400.0, 400.0]
class_correct [10.0, 1.0, 234.0, 7.0, 129.0, 175.0]
confusion_matrix [[10, 53, 0, 334, 0, 3], [29, 1, 5, 17, 274, 74], [1, 122, 234, 2, 10, 31], [23, 0, 4, 7, 240, 126], [8, 3, 20, 13, 129, 227], [16, 1, 6, 36, 166, 175]]
traning started for  16 epoch
epoch 16 loss: 2.86102294922e-05
validation accuracy :  1.0
validation class_total [1200.0, 1200.0, 1200.0, 1200.0, 1200.0, 1200.0]
validation class_correct [1200.0, 1200.0, 1200.0, 1200.0, 1200.0, 1200.0]
validation confusion_matrix [[1200, 0, 0, 0, 0, 0], [0, 1200, 0, 0, 0, 0], [0, 0, 1200, 0, 0, 0], [0, 0, 0, 1200, 0, 0], [0, 0, 0, 0, 1200, 0], [0, 0, 0, 0, 0, 1200]]
test accuracy :  0.21125
class_total [400.0, 400.0, 400.0, 400.0, 400.0, 400.0]
class_correct [0.0, 0.0, 209.0, 3.0, 69.0, 226.0]
confusion_matrix [[0, 83, 2, 305, 0, 10], [0, 0, 8, 3, 176, 213], [0, 79, 209, 1, 9, 102], [4, 1, 2, 3, 166, 224], [0, 2, 6, 0, 69, 323], [1, 0, 9, 5, 159, 226]]
traning started for  17 epoch
epoch 17 loss: 0.000886917114258
validation accuracy :  0.998333333333
validation class_total [1200.0, 1200.0, 1200.0, 1200.0, 1200.0, 1200.0]
validation class_correct [1200.0, 1191.0, 1200.0, 1197.0, 1200.0, 1200.0]
validation confusion_matrix [[1200, 0, 0, 0, 0, 0], [0, 1191, 8, 1, 0, 0], [0, 0, 1200, 0, 0, 0], [2, 1, 0, 1197, 0, 0], [0, 0, 0, 0, 1200, 0], [0, 0, 0, 0, 0, 1200]]
test accuracy :  0.154166666667
class_total [400.0, 400.0, 400.0, 400.0, 400.0, 400.0]
class_correct [7.0, 0.0, 122.0, 3.0, 24.0, 214.0]
confusion_matrix [[7, 18, 1, 333, 1, 40], [0, 0, 3, 4, 172, 221], [0, 45, 122, 0, 0, 233], [5, 0, 1, 3, 154, 237], [0, 1, 1, 3, 24, 371], [4, 1, 6, 16, 159, 214]]
traning started for  18 epoch
epoch 18 loss: 0.00189018249512
validation accuracy :  0.998472222222
validation class_total [1200.0, 1200.0, 1200.0, 1200.0, 1200.0, 1200.0]
validation class_correct [1199.0, 1199.0, 1194.0, 1199.0, 1198.0, 1200.0]
validation confusion_matrix [[1199, 0, 0, 1, 0, 0], [0, 1199, 0, 1, 0, 0], [0, 0, 1194, 0, 0, 6], [0, 1, 0, 1199, 0, 0], [0, 0, 0, 0, 1198, 2], [0, 0, 0, 0, 0, 1200]]
test accuracy :  0.152916666667
class_total [400.0, 400.0, 400.0, 400.0, 400.0, 400.0]
class_correct [3.0, 0.0, 112.0, 8.0, 14.0, 230.0]
confusion_matrix [[3, 25, 1, 354, 2, 15], [0, 0, 2, 6, 152, 240], [0, 94, 112, 1, 1, 192], [9, 1, 2, 8, 115, 265], [1, 2, 1, 1, 14, 381], [0, 1, 1, 10, 158, 230]]
traning started for  19 epoch
epoch 19 loss: 0.000330924987793
validation accuracy :  0.999722222222
validation class_total [1200.0, 1200.0, 1200.0, 1200.0, 1200.0, 1200.0]
validation class_correct [1199.0, 1200.0, 1200.0, 1200.0, 1199.0, 1200.0]
validation confusion_matrix [[1199, 0, 0, 1, 0, 0], [0, 1200, 0, 0, 0, 0], [0, 0, 1200, 0, 0, 0], [0, 0, 0, 1200, 0, 0], [0, 0, 1, 0, 1199, 0], [0, 0, 0, 0, 0, 1200]]
test accuracy :  0.166666666667
class_total [400.0, 400.0, 400.0, 400.0, 400.0, 400.0]
class_correct [1.0, 0.0, 225.0, 4.0, 18.0, 152.0]
confusion_matrix [[1, 119, 7, 238, 0, 35], [0, 0, 13, 1, 112, 274], [0, 98, 225, 0, 1, 76], [6, 2, 4, 4, 174, 210], [0, 3, 21, 0, 18, 358], [1, 2, 22, 5, 218, 152]]
traning started for  20 epoch
