cuda
traning started for  1 epoch
epoch 1 loss: 1.50389528275
validation accuracy :  0.163055555556
validation class_total [1200.0, 1200.0, 1200.0, 1200.0, 1200.0, 1200.0]
validation class_correct [75.0, 167.0, 24.0, 141.0, 22.0, 745.0]
validation confusion_matrix [[75, 170, 31, 147, 20, 757], [70, 167, 20, 157, 22, 764], [77, 184, 24, 186, 23, 706], [83, 180, 22, 141, 23, 751], [89, 196, 26, 120, 22, 747], [87, 175, 25, 146, 22, 745]]
test accuracy :  0.160833333333
class_total [400.0, 400.0, 400.0, 400.0, 400.0, 400.0]
class_correct [25.0, 56.0, 7.0, 44.0, 7.0, 247.0]
confusion_matrix [[25, 51, 8, 56, 4, 256], [33, 56, 11, 60, 11, 229], [21, 60, 7, 60, 13, 239], [19, 70, 8, 44, 7, 252], [27, 62, 8, 40, 7, 256], [19, 67, 8, 52, 7, 247]]
traning started for  2 epoch
epoch 2 loss: 1.54535317421
validation accuracy :  0.166805555556
validation class_total [1200.0, 1200.0, 1200.0, 1200.0, 1200.0, 1200.0]
validation class_correct [102.0, 183.0, 44.0, 202.0, 44.0, 626.0]
validation confusion_matrix [[102, 220, 39, 184, 38, 617], [114, 183, 38, 185, 46, 634], [100, 188, 44, 208, 44, 616], [119, 180, 52, 202, 41, 606], [103, 195, 33, 179, 44, 646], [99, 188, 44, 191, 52, 626]]
test accuracy :  0.1675
class_total [400.0, 400.0, 400.0, 400.0, 400.0, 400.0]
class_correct [31.0, 71.0, 18.0, 59.0, 12.0, 211.0]
confusion_matrix [[31, 75, 19, 58, 9, 208], [41, 71, 7, 70, 13, 198], [34, 68, 18, 69, 16, 195], [38, 72, 19, 59, 15, 197], [36, 70, 12, 74, 12, 196], [39, 74, 18, 47, 11, 211]]
traning started for  3 epoch
epoch 3 loss: 1.68300187588
validation accuracy :  0.167083333333
validation class_total [1200.0, 1200.0, 1200.0, 1200.0, 1200.0, 1200.0]
validation class_correct [128.0, 207.0, 63.0, 219.0, 51.0, 535.0]
validation confusion_matrix [[128, 223, 80, 189, 54, 526], [143, 207, 67, 222, 55, 506], [135, 209, 63, 223, 57, 513], [145, 221, 67, 219, 59, 489], [166, 189, 96, 197, 51, 501], [131, 196, 61, 209, 68, 535]]
test accuracy :  0.16375
class_total [400.0, 400.0, 400.0, 400.0, 400.0, 400.0]
class_correct [48.0, 63.0, 28.0, 69.0, 15.0, 170.0]
confusion_matrix [[48, 73, 12, 70, 18, 179], [42, 63, 18, 87, 25, 165], [49, 72, 28, 67, 15, 169], [45, 80, 15, 69, 13, 178], [55, 71, 18, 80, 15, 161], [53, 66, 21, 65, 25, 170]]
traning started for  4 epoch
epoch 4 loss: 1.54937243462
validation accuracy :  0.167777777778
validation class_total [1200.0, 1200.0, 1200.0, 1200.0, 1200.0, 1200.0]
validation class_correct [168.0, 204.0, 95.0, 224.0, 67.0, 450.0]
validation confusion_matrix [[168, 204, 76, 234, 68, 450], [168, 204, 96, 231, 74, 427], [177, 206, 95, 210, 61, 451], [149, 216, 72, 224, 76, 463], [173, 195, 85, 202, 67, 478], [170, 194, 82, 241, 63, 450]]
test accuracy :  0.169166666667
class_total [400.0, 400.0, 400.0, 400.0, 400.0, 400.0]
class_correct [55.0, 53.0, 34.0, 72.0, 23.0, 169.0]
confusion_matrix [[55, 63, 32, 68, 24, 158], [66, 53, 24, 85, 34, 138], [57, 58, 34, 74, 20, 157], [39, 74, 38, 72, 31, 146], [52, 73, 20, 89, 23, 143], [54, 65, 31, 64, 17, 169]]
traning started for  5 epoch
epoch 5 loss: 1.74565398693
validation accuracy :  0.169722222222
validation class_total [1200.0, 1200.0, 1200.0, 1200.0, 1200.0, 1200.0]
validation class_correct [175.0, 174.0, 110.0, 252.0, 90.0, 421.0]
validation confusion_matrix [[175, 213, 85, 213, 97, 417], [179, 174, 119, 225, 91, 412], [187, 218, 110, 238, 69, 378], [184, 195, 86, 252, 88, 395], [179, 193, 112, 246, 90, 380], [168, 211, 91, 208, 101, 421]]
test accuracy :  0.167083333333
class_total [400.0, 400.0, 400.0, 400.0, 400.0, 400.0]
class_correct [64.0, 61.0, 31.0, 73.0, 25.0, 147.0]
confusion_matrix [[64, 73, 50, 76, 27, 110], [55, 61, 33, 86, 32, 133], [60, 78, 31, 76, 28, 127], [59, 78, 34, 73, 25, 131], [64, 83, 18, 79, 25, 131], [53, 64, 37, 67, 32, 147]]
traning started for  6 epoch
epoch 6 loss: 2.15285587311
validation accuracy :  0.172361111111
validation class_total [1200.0, 1200.0, 1200.0, 1200.0, 1200.0, 1200.0]
validation class_correct [207.0, 204.0, 123.0, 243.0, 89.0, 375.0]
validation confusion_matrix [[207, 225, 110, 215, 75, 368], [197, 204, 113, 234, 95, 357], [176, 222, 123, 232, 103, 344], [199, 215, 103, 243, 84, 356], [197, 217, 118, 233, 89, 346], [190, 178, 112, 254, 91, 375]]
test accuracy :  0.163333333333
class_total [400.0, 400.0, 400.0, 400.0, 400.0, 400.0]
class_correct [62.0, 67.0, 33.0, 80.0, 28.0, 122.0]
confusion_matrix [[62, 63, 47, 74, 33, 121], [63, 67, 35, 80, 33, 122], [57, 77, 33, 80, 36, 117], [69, 70, 37, 80, 36, 108], [61, 75, 48, 89, 28, 99], [66, 65, 40, 76, 31, 122]]
traning started for  7 epoch
epoch 7 loss: 1.55166399479
validation accuracy :  0.165277777778
validation class_total [1200.0, 1200.0, 1200.0, 1200.0, 1200.0, 1200.0]
validation class_correct [176.0, 184.0, 163.0, 258.0, 96.0, 313.0]
validation confusion_matrix [[176, 210, 156, 233, 95, 330], [192, 184, 133, 258, 86, 347], [213, 201, 163, 223, 88, 312], [199, 186, 126, 258, 120, 311], [224, 193, 122, 231, 96, 334], [198, 226, 125, 232, 106, 313]]
test accuracy :  0.170416666667
class_total [400.0, 400.0, 400.0, 400.0, 400.0, 400.0]
class_correct [72.0, 62.0, 40.0, 81.0, 45.0, 109.0]
confusion_matrix [[72, 67, 34, 84, 37, 106], [57, 62, 45, 85, 40, 111], [64, 79, 40, 90, 27, 100], [65, 60, 59, 81, 36, 99], [63, 64, 51, 67, 45, 110], [65, 54, 54, 78, 40, 109]]
traning started for  8 epoch
epoch 8 loss: 1.51417148113
validation accuracy :  0.1825
validation class_total [1200.0, 1200.0, 1200.0, 1200.0, 1200.0, 1200.0]
validation class_correct [233.0, 208.0, 151.0, 274.0, 108.0, 340.0]
validation confusion_matrix [[233, 201, 134, 230, 98, 304], [208, 208, 133, 238, 110, 303], [229, 211, 151, 196, 119, 294], [192, 194, 134, 274, 114, 292], [191, 216, 155, 230, 108, 300], [196, 186, 141, 212, 125, 340]]
test accuracy :  0.158333333333
class_total [400.0, 400.0, 400.0, 400.0, 400.0, 400.0]
class_correct [63.0, 46.0, 46.0, 95.0, 39.0, 91.0]
confusion_matrix [[63, 75, 62, 75, 33, 92], [66, 46, 45, 88, 40, 115], [68, 72, 46, 78, 37, 99], [59, 68, 47, 95, 31, 100], [76, 68, 38, 88, 39, 91], [63, 71, 56, 83, 36, 91]]
traning started for  9 epoch
epoch 9 loss: 1.71806454659
validation accuracy :  0.178055555556
validation class_total [1200.0, 1200.0, 1200.0, 1200.0, 1200.0, 1200.0]
validation class_correct [237.0, 211.0, 164.0, 262.0, 122.0, 286.0]
validation confusion_matrix [[237, 195, 158, 230, 115, 265], [200, 211, 140, 241, 98, 310], [211, 189, 164, 233, 110, 293], [214, 190, 140, 262, 110, 284], [238, 198, 161, 232, 122, 249], [220, 187, 162, 228, 117, 286]]
test accuracy :  0.168333333333
class_total [400.0, 400.0, 400.0, 400.0, 400.0, 400.0]
class_correct [80.0, 54.0, 57.0, 86.0, 35.0, 92.0]
confusion_matrix [[80, 68, 48, 75, 36, 93], [71, 54, 56, 80, 46, 93], [68, 64, 57, 78, 46, 87], [65, 67, 51, 86, 41, 90], [80, 71, 51, 69, 35, 94], [69, 67, 50, 79, 43, 92]]
traning started for  10 epoch
epoch 10 loss: 2.06854963303
validation accuracy :  0.174722222222
validation class_total [1200.0, 1200.0, 1200.0, 1200.0, 1200.0, 1200.0]
validation class_correct [212.0, 200.0, 165.0, 245.0, 142.0, 294.0]
validation confusion_matrix [[212, 193, 154, 234, 130, 277], [233, 200, 160, 218, 118, 271], [206, 220, 165, 236, 113, 260], [222, 174, 151, 245, 130, 278], [216, 183, 176, 199, 142, 284], [209, 170, 161, 233, 133, 294]]
test accuracy :  0.178333333333
class_total [400.0, 400.0, 400.0, 400.0, 400.0, 400.0]
class_correct [75.0, 83.0, 56.0, 70.0, 48.0, 96.0]
confusion_matrix [[75, 66, 63, 76, 40, 80], [79, 83, 56, 64, 27, 91], [73, 72, 56, 76, 47, 76], [72, 70, 66, 70, 39, 83], [66, 69, 55, 71, 48, 91], [71, 68, 53, 76, 36, 96]]
traning started for  11 epoch
epoch 11 loss: 1.59258592129
validation accuracy :  0.180277777778
validation class_total [1200.0, 1200.0, 1200.0, 1200.0, 1200.0, 1200.0]
validation class_correct [244.0, 213.0, 164.0, 241.0, 147.0, 289.0]
validation confusion_matrix [[244, 185, 145, 220, 131, 275], [203, 213, 162, 257, 118, 247], [211, 202, 164, 227, 132, 264], [223, 192, 178, 241, 121, 245], [215, 185, 185, 211, 147, 257], [246, 179, 149, 218, 119, 289]]
test accuracy :  0.17
class_total [400.0, 400.0, 400.0, 400.0, 400.0, 400.0]
class_correct [69.0, 73.0, 57.0, 73.0, 45.0, 91.0]
confusion_matrix [[69, 64, 62, 80, 42, 83], [66, 73, 53, 73, 49, 86], [60, 76, 57, 73, 38, 96], [58, 70, 50, 73, 54, 95], [66, 63, 55, 86, 45, 85], [66, 66, 63, 82, 32, 91]]
traning started for  12 epoch
epoch 12 loss: 1.91481161118
validation accuracy :  0.174444444444
validation class_total [1200.0, 1200.0, 1200.0, 1200.0, 1200.0, 1200.0]
validation class_correct [224.0, 191.0, 203.0, 240.0, 130.0, 268.0]
validation confusion_matrix [[224, 208, 171, 213, 114, 270], [224, 191, 180, 226, 134, 245], [210, 179, 203, 221, 140, 247], [230, 166, 156, 240, 116, 292], [204, 220, 190, 205, 130, 251], [228, 200, 155, 212, 137, 268]]
test accuracy :  0.165416666667
class_total [400.0, 400.0, 400.0, 400.0, 400.0, 400.0]
class_correct [75.0, 56.0, 55.0, 69.0, 53.0, 89.0]
confusion_matrix [[75, 66, 70, 69, 42, 78], [71, 56, 57, 84, 43, 89], [77, 60, 55, 78, 37, 93], [77, 64, 64, 69, 44, 82], [71, 58, 67, 80, 53, 71], [78, 50, 57, 80, 46, 89]]
traning started for  13 epoch
epoch 13 loss: 1.55795311928
validation accuracy :  0.183194444444
validation class_total [1200.0, 1200.0, 1200.0, 1200.0, 1200.0, 1200.0]
validation class_correct [254.0, 197.0, 180.0, 243.0, 157.0, 288.0]
validation confusion_matrix [[254, 200, 174, 213, 124, 235], [230, 197, 163, 214, 148, 248], [224, 215, 180, 220, 128, 233], [218, 182, 172, 243, 137, 248], [195, 191, 186, 229, 157, 242], [216, 161, 163, 231, 141, 288]]
test accuracy :  0.172916666667
class_total [400.0, 400.0, 400.0, 400.0, 400.0, 400.0]
class_correct [83.0, 60.0, 65.0, 85.0, 41.0, 81.0]
confusion_matrix [[83, 61, 61, 69, 45, 81], [87, 60, 49, 77, 40, 87], [60, 80, 65, 66, 48, 81], [77, 55, 53, 85, 41, 89], [72, 51, 64, 93, 41, 79], [71, 57, 60, 75, 56, 81]]
traning started for  14 epoch
epoch 14 loss: 1.74116361141
validation accuracy :  0.180555555556
validation class_total [1200.0, 1200.0, 1200.0, 1200.0, 1200.0, 1200.0]
validation class_correct [255.0, 217.0, 211.0, 212.0, 146.0, 259.0]
validation confusion_matrix [[255, 201, 164, 215, 134, 231], [225, 217, 170, 225, 107, 256], [216, 200, 211, 211, 116, 246], [232, 182, 190, 212, 134, 250], [240, 208, 162, 193, 146, 251], [221, 189, 175, 213, 143, 259]]
test accuracy :  0.16125
class_total [400.0, 400.0, 400.0, 400.0, 400.0, 400.0]
class_correct [70.0, 74.0, 62.0, 63.0, 49.0, 69.0]
confusion_matrix [[70, 69, 56, 67, 44, 94], [61, 74, 65, 67, 46, 87], [64, 78, 62, 68, 49, 79], [79, 55, 60, 63, 49, 94], [56, 70, 64, 92, 49, 69], [69, 76, 58, 72, 56, 69]]
traning started for  15 epoch
epoch 15 loss: 1.74788212776
validation accuracy :  0.181666666667
validation class_total [1200.0, 1200.0, 1200.0, 1200.0, 1200.0, 1200.0]
validation class_correct [203.0, 221.0, 226.0, 265.0, 140.0, 253.0]
validation confusion_matrix [[203, 193, 204, 205, 131, 264], [212, 221, 174, 217, 136, 240], [217, 176, 226, 221, 144, 216], [209, 195, 183, 265, 128, 220], [209, 202, 189, 224, 140, 236], [212, 204, 176, 224, 131, 253]]
test accuracy :  0.166666666667
class_total [400.0, 400.0, 400.0, 400.0, 400.0, 400.0]
class_correct [78.0, 64.0, 63.0, 72.0, 43.0, 80.0]
confusion_matrix [[78, 69, 68, 68, 41, 76], [81, 64, 52, 66, 55, 82], [74, 66, 63, 65, 51, 81], [69, 61, 75, 72, 43, 80], [69, 67, 57, 84, 43, 80], [72, 55, 57, 91, 45, 80]]
traning started for  16 epoch
epoch 16 loss: 1.70560228825
validation accuracy :  0.182361111111
validation class_total [1200.0, 1200.0, 1200.0, 1200.0, 1200.0, 1200.0]
validation class_correct [235.0, 220.0, 215.0, 249.0, 154.0, 240.0]
validation confusion_matrix [[235, 199, 166, 210, 148, 242], [217, 220, 168, 216, 132, 247], [223, 204, 215, 204, 138, 216], [212, 182, 173, 249, 139, 245], [213, 176, 192, 215, 154, 250], [239, 180, 187, 202, 152, 240]]
test accuracy :  0.162916666667
class_total [400.0, 400.0, 400.0, 400.0, 400.0, 400.0]
class_correct [75.0, 64.0, 61.0, 72.0, 45.0, 74.0]
confusion_matrix [[75, 66, 78, 81, 38, 62], [73, 64, 57, 77, 52, 77], [71, 68, 61, 71, 46, 83], [85, 66, 56, 72, 47, 74], [76, 63, 60, 78, 45, 78], [73, 58, 71, 68, 56, 74]]
traning started for  17 epoch
epoch 17 loss: 1.62726688385
validation accuracy :  0.183333333333
validation class_total [1200.0, 1200.0, 1200.0, 1200.0, 1200.0, 1200.0]
validation class_correct [228.0, 222.0, 232.0, 241.0, 152.0, 245.0]
validation confusion_matrix [[228, 182, 180, 216, 139, 255], [198, 222, 199, 219, 137, 225], [231, 177, 232, 212, 112, 236], [210, 213, 180, 241, 142, 214], [226, 169, 198, 217, 152, 238], [232, 188, 174, 208, 153, 245]]
test accuracy :  0.169166666667
class_total [400.0, 400.0, 400.0, 400.0, 400.0, 400.0]
class_correct [86.0, 70.0, 57.0, 76.0, 44.0, 73.0]
confusion_matrix [[86, 72, 58, 67, 47, 70], [75, 70, 54, 76, 43, 82], [72, 67, 57, 61, 60, 83], [74, 75, 64, 76, 42, 69], [78, 72, 57, 73, 44, 76], [78, 65, 68, 77, 39, 73]]
traning started for  18 epoch
epoch 18 loss: 2.1237912178
validation accuracy :  0.183472222222
validation class_total [1200.0, 1200.0, 1200.0, 1200.0, 1200.0, 1200.0]
validation class_correct [232.0, 218.0, 226.0, 240.0, 158.0, 247.0]
validation confusion_matrix [[232, 184, 212, 189, 145, 238], [212, 218, 198, 195, 141, 236], [225, 202, 226, 196, 125, 226], [225, 182, 200, 240, 137, 216], [221, 187, 203, 222, 158, 209], [217, 190, 195, 202, 149, 247]]
test accuracy :  0.16
class_total [400.0, 400.0, 400.0, 400.0, 400.0, 400.0]
class_correct [84.0, 50.0, 71.0, 61.0, 51.0, 67.0]
confusion_matrix [[84, 59, 67, 71, 34, 85], [59, 50, 64, 88, 56, 83], [64, 64, 71, 84, 47, 70], [64, 59, 70, 61, 50, 96], [70, 58, 63, 81, 51, 77], [65, 78, 70, 76, 44, 67]]
traning started for  19 epoch
epoch 19 loss: 1.92863607407
validation accuracy :  0.186944444444
validation class_total [1200.0, 1200.0, 1200.0, 1200.0, 1200.0, 1200.0]
validation class_correct [234.0, 226.0, 225.0, 262.0, 165.0, 234.0]
validation confusion_matrix [[234, 180, 199, 212, 137, 238], [212, 226, 197, 196, 139, 230], [213, 169, 225, 234, 160, 199], [223, 185, 176, 262, 150, 204], [215, 209, 200, 203, 165, 208], [229, 185, 172, 227, 153, 234]]
test accuracy :  0.1725
class_total [400.0, 400.0, 400.0, 400.0, 400.0, 400.0]
class_correct [84.0, 53.0, 67.0, 74.0, 55.0, 81.0]
confusion_matrix [[84, 60, 64, 76, 33, 83], [78, 53, 55, 87, 57, 70], [60, 56, 67, 84, 57, 76], [72, 71, 63, 74, 50, 70], [77, 71, 60, 73, 55, 64], [77, 47, 69, 73, 53, 81]]
traning started for  20 epoch
epoch 20 loss: 1.5169018507
validation accuracy :  0.187083333333
validation class_total [1200.0, 1200.0, 1200.0, 1200.0, 1200.0, 1200.0]
validation class_correct [253.0, 199.0, 233.0, 251.0, 165.0, 246.0]
validation confusion_matrix [[253, 205, 193, 200, 125, 224], [217, 199, 209, 215, 122, 238], [220, 195, 233, 219, 143, 190], [211, 175, 180, 251, 162, 221], [229, 178, 196, 207, 165, 225], [233, 180, 192, 197, 152, 246]]
test accuracy :  0.164166666667
class_total [400.0, 400.0, 400.0, 400.0, 400.0, 400.0]
class_correct [75.0, 55.0, 63.0, 65.0, 52.0, 84.0]
confusion_matrix [[75, 57, 78, 75, 43, 72], [83, 55, 62, 75, 51, 74], [72, 57, 63, 81, 52, 75], [80, 58, 73, 65, 49, 75], [56, 71, 65, 84, 52, 72], [71, 60, 58, 80, 47, 84]]
traning started for  21 epoch
epoch 21 loss: 1.82708954811
validation accuracy :  0.187777777778
validation class_total [1200.0, 1200.0, 1200.0, 1200.0, 1200.0, 1200.0]
validation class_correct [266.0, 205.0, 233.0, 234.0, 160.0, 254.0]
validation confusion_matrix [[266, 199, 172, 222, 111, 230], [224, 205, 183, 210, 145, 233], [223, 186, 233, 203, 156, 199], [229, 184, 175, 234, 145, 233], [231, 179, 199, 203, 160, 228], [225, 188, 184, 203, 146, 254]]
test accuracy :  0.174166666667
class_total [400.0, 400.0, 400.0, 400.0, 400.0, 400.0]
class_correct [75.0, 61.0, 78.0, 70.0, 59.0, 75.0]
confusion_matrix [[75, 72, 70, 65, 51, 67], [68, 61, 51, 80, 52, 88], [64, 57, 78, 76, 49, 76], [79, 59, 62, 70, 67, 63], [57, 60, 70, 76, 59, 78], [62, 63, 72, 63, 65, 75]]
traning started for  22 epoch
