cuda
<torch.optim.lr_scheduler.MultiStepLR object at 0x7f25f791fdd0>
traning started for  0 epoch
epoch 1 loss: 1.71931111813
validation accuracy :  0.193888888889
validation class_total [1200.0, 1200.0, 1200.0, 1200.0, 1200.0, 1200.0]
validation class_correct [242.0, 242.0, 195.0, 248.0, 213.0, 256.0]
validation confusion_matrix [[242, 205, 156, 191, 180, 226], [196, 242, 166, 199, 171, 226], [200, 219, 195, 206, 213, 167], [165, 208, 159, 248, 192, 228], [193, 206, 169, 211, 213, 208], [191, 197, 154, 214, 188, 256]]
test accuracy :  0.163333333333
class_total [400.0, 400.0, 400.0, 400.0, 400.0, 400.0]
class_correct [60.0, 76.0, 53.0, 69.0, 63.0, 71.0]
confusion_matrix [[60, 81, 45, 77, 63, 74], [62, 76, 60, 56, 66, 80], [60, 75, 53, 76, 67, 69], [64, 78, 51, 69, 69, 69], [54, 66, 71, 82, 63, 64], [46, 80, 72, 76, 55, 71]]
traning started for  1 epoch
epoch 2 loss: 1.85675299168
validation accuracy :  0.206944444444
validation class_total [1200.0, 1200.0, 1200.0, 1200.0, 1200.0, 1200.0]
validation class_correct [255.0, 256.0, 193.0, 264.0, 226.0, 296.0]
validation confusion_matrix [[255, 220, 133, 199, 163, 230], [208, 256, 140, 204, 176, 216], [189, 174, 193, 206, 207, 231], [216, 198, 147, 264, 168, 207], [181, 192, 145, 222, 226, 234], [195, 186, 159, 196, 168, 296]]
test accuracy :  0.175
class_total [400.0, 400.0, 400.0, 400.0, 400.0, 400.0]
class_correct [72.0, 64.0, 47.0, 69.0, 77.0, 91.0]
confusion_matrix [[72, 82, 38, 53, 67, 88], [71, 64, 65, 72, 54, 74], [70, 59, 47, 82, 75, 67], [61, 65, 58, 69, 73, 74], [80, 56, 48, 76, 77, 63], [58, 65, 53, 74, 59, 91]]
traning started for  2 epoch
epoch 3 loss: 1.61940741539
validation accuracy :  0.225138888889
validation class_total [1200.0, 1200.0, 1200.0, 1200.0, 1200.0, 1200.0]
validation class_correct [288.0, 277.0, 226.0, 249.0, 244.0, 337.0]
validation confusion_matrix [[288, 176, 138, 166, 170, 262], [229, 277, 137, 167, 157, 233], [176, 159, 226, 204, 223, 212], [216, 187, 160, 249, 170, 218], [229, 189, 164, 167, 244, 207], [204, 170, 129, 191, 169, 337]]
test accuracy :  0.176666666667
class_total [400.0, 400.0, 400.0, 400.0, 400.0, 400.0]
class_correct [80.0, 61.0, 48.0, 75.0, 68.0, 92.0]
confusion_matrix [[80, 65, 46, 55, 56, 98], [69, 61, 48, 66, 65, 91], [70, 68, 48, 74, 62, 78], [50, 53, 63, 75, 72, 87], [76, 67, 58, 58, 68, 73], [63, 76, 36, 81, 52, 92]]
traning started for  3 epoch
epoch 4 loss: 1.40312314034
validation accuracy :  0.242361111111
validation class_total [1200.0, 1200.0, 1200.0, 1200.0, 1200.0, 1200.0]
validation class_correct [276.0, 252.0, 272.0, 302.0, 248.0, 395.0]
validation confusion_matrix [[276, 169, 151, 201, 151, 252], [199, 252, 150, 184, 146, 269], [151, 115, 272, 208, 208, 246], [182, 137, 159, 302, 170, 250], [155, 150, 186, 200, 248, 261], [157, 151, 130, 203, 164, 395]]
test accuracy :  0.179583333333
class_total [400.0, 400.0, 400.0, 400.0, 400.0, 400.0]
class_correct [66.0, 61.0, 62.0, 76.0, 64.0, 102.0]
confusion_matrix [[66, 69, 47, 51, 56, 111], [62, 61, 61, 85, 50, 81], [53, 51, 62, 62, 65, 107], [58, 53, 61, 76, 55, 97], [55, 62, 63, 81, 64, 75], [50, 63, 42, 87, 56, 102]]
traning started for  4 epoch
epoch 5 loss: 1.7520775795
validation accuracy :  0.262361111111
validation class_total [1200.0, 1200.0, 1200.0, 1200.0, 1200.0, 1200.0]
validation class_correct [384.0, 280.0, 304.0, 294.0, 286.0, 341.0]
validation confusion_matrix [[384, 189, 131, 146, 160, 190], [226, 280, 141, 173, 159, 221], [178, 142, 304, 189, 230, 157], [214, 158, 168, 294, 152, 214], [218, 165, 172, 180, 286, 179], [234, 178, 127, 159, 161, 341]]
test accuracy :  0.177916666667
class_total [400.0, 400.0, 400.0, 400.0, 400.0, 400.0]
class_correct [90.0, 56.0, 57.0, 64.0, 75.0, 85.0]
confusion_matrix [[90, 78, 37, 54, 57, 84], [69, 56, 63, 58, 84, 70], [62, 51, 57, 70, 77, 83], [68, 63, 65, 64, 76, 64], [75, 47, 60, 71, 75, 72], [67, 67, 58, 61, 62, 85]]
traning started for  5 epoch
epoch 6 loss: 1.75773942471
validation accuracy :  0.255694444444
validation class_total [1200.0, 1200.0, 1200.0, 1200.0, 1200.0, 1200.0]
validation class_correct [346.0, 315.0, 289.0, 254.0, 292.0, 345.0]
validation confusion_matrix [[346, 186, 144, 155, 177, 192], [231, 315, 146, 160, 165, 183], [181, 160, 289, 197, 197, 176], [205, 173, 162, 254, 194, 212], [205, 144, 187, 199, 292, 173], [225, 179, 135, 154, 162, 345]]
test accuracy :  0.201666666667
class_total [400.0, 400.0, 400.0, 400.0, 400.0, 400.0]
class_correct [99.0, 54.0, 72.0, 71.0, 91.0, 97.0]
confusion_matrix [[99, 67, 50, 49, 59, 76], [69, 54, 62, 68, 64, 83], [56, 55, 72, 80, 61, 76], [70, 58, 54, 71, 72, 75], [67, 54, 56, 66, 91, 66], [67, 63, 51, 68, 54, 97]]
traning started for  6 epoch
epoch 7 loss: 1.39304447174
validation accuracy :  0.262222222222
validation class_total [1200.0, 1200.0, 1200.0, 1200.0, 1200.0, 1200.0]
validation class_correct [370.0, 290.0, 286.0, 301.0, 279.0, 362.0]
validation confusion_matrix [[370, 176, 145, 152, 164, 193], [222, 290, 135, 180, 160, 213], [172, 131, 286, 205, 216, 190], [201, 163, 162, 301, 173, 200], [194, 155, 188, 165, 279, 219], [207, 180, 126, 174, 151, 362]]
test accuracy :  0.19375
class_total [400.0, 400.0, 400.0, 400.0, 400.0, 400.0]
class_correct [96.0, 61.0, 68.0, 70.0, 87.0, 83.0]
confusion_matrix [[96, 81, 36, 47, 61, 79], [61, 61, 52, 79, 66, 81], [68, 56, 68, 75, 60, 73], [68, 55, 47, 70, 79, 81], [76, 39, 62, 74, 87, 62], [61, 71, 46, 84, 55, 83]]
traning started for  7 epoch
epoch 8 loss: 1.8176561594
validation accuracy :  0.263611111111
validation class_total [1200.0, 1200.0, 1200.0, 1200.0, 1200.0, 1200.0]
validation class_correct [342.0, 312.0, 291.0, 307.0, 292.0, 354.0]
validation confusion_matrix [[342, 195, 142, 156, 146, 219], [221, 312, 133, 174, 146, 214], [159, 150, 291, 199, 209, 192], [192, 181, 162, 307, 168, 190], [180, 180, 169, 183, 292, 196], [213, 184, 147, 158, 144, 354]]
test accuracy :  0.184583333333
class_total [400.0, 400.0, 400.0, 400.0, 400.0, 400.0]
class_correct [97.0, 53.0, 65.0, 73.0, 82.0, 73.0]
confusion_matrix [[97, 82, 26, 55, 54, 86], [61, 53, 64, 67, 65, 90], [64, 51, 65, 87, 67, 66], [70, 47, 52, 73, 83, 75], [71, 53, 61, 67, 82, 66], [70, 56, 46, 97, 58, 73]]
traning started for  8 epoch
epoch 9 loss: 1.62911641598
validation accuracy :  0.269583333333
validation class_total [1200.0, 1200.0, 1200.0, 1200.0, 1200.0, 1200.0]
validation class_correct [365.0, 333.0, 291.0, 305.0, 281.0, 366.0]
validation confusion_matrix [[365, 192, 123, 143, 183, 194], [204, 333, 144, 177, 151, 191], [163, 143, 291, 221, 207, 175], [198, 170, 133, 305, 180, 214], [189, 153, 191, 191, 281, 195], [193, 176, 144, 144, 177, 366]]
test accuracy :  0.189583333333
class_total [400.0, 400.0, 400.0, 400.0, 400.0, 400.0]
class_correct [94.0, 54.0, 51.0, 81.0, 98.0, 77.0]
confusion_matrix [[94, 72, 35, 56, 56, 87], [55, 54, 67, 81, 71, 72], [69, 55, 51, 86, 70, 69], [75, 50, 56, 81, 64, 74], [61, 59, 60, 62, 98, 60], [71, 63, 54, 74, 61, 77]]
traning started for  9 epoch
epoch 10 loss: 1.42965388298
validation accuracy :  0.264583333333
validation class_total [1200.0, 1200.0, 1200.0, 1200.0, 1200.0, 1200.0]
validation class_correct [351.0, 325.0, 264.0, 299.0, 293.0, 373.0]
validation confusion_matrix [[351, 196, 128, 167, 155, 203], [210, 325, 138, 152, 168, 207], [168, 152, 264, 209, 227, 180], [193, 161, 147, 299, 176, 224], [175, 164, 162, 199, 293, 207], [194, 172, 124, 170, 167, 373]]
test accuracy :  0.188333333333
class_total [400.0, 400.0, 400.0, 400.0, 400.0, 400.0]
class_correct [89.0, 67.0, 51.0, 82.0, 70.0, 93.0]
confusion_matrix [[89, 80, 43, 64, 48, 76], [59, 67, 66, 71, 55, 82], [68, 53, 51, 68, 77, 83], [50, 58, 39, 82, 75, 96], [69, 37, 72, 76, 70, 76], [65, 59, 50, 74, 59, 93]]
traning started for  10 epoch
epoch 11 loss: 1.75084173679
validation accuracy :  0.271805555556
validation class_total [1200.0, 1200.0, 1200.0, 1200.0, 1200.0, 1200.0]
validation class_correct [360.0, 321.0, 272.0, 319.0, 317.0, 368.0]
validation confusion_matrix [[360, 161, 144, 154, 161, 220], [191, 321, 133, 169, 163, 223], [150, 132, 272, 220, 225, 201], [196, 163, 149, 319, 175, 198], [177, 154, 139, 203, 317, 210], [202, 194, 114, 155, 167, 368]]
test accuracy :  0.177916666667
class_total [400.0, 400.0, 400.0, 400.0, 400.0, 400.0]
class_correct [78.0, 61.0, 59.0, 73.0, 63.0, 93.0]
confusion_matrix [[78, 81, 37, 50, 59, 95], [57, 61, 71, 58, 75, 78], [66, 51, 59, 72, 86, 66], [62, 45, 60, 73, 84, 76], [73, 45, 70, 77, 63, 72], [71, 56, 51, 76, 53, 93]]
traning started for  11 epoch
epoch 12 loss: 1.67377781868
validation accuracy :  0.271944444444
validation class_total [1200.0, 1200.0, 1200.0, 1200.0, 1200.0, 1200.0]
validation class_correct [354.0, 322.0, 279.0, 322.0, 316.0, 365.0]
validation confusion_matrix [[354, 179, 139, 159, 158, 211], [195, 322, 140, 167, 170, 206], [168, 141, 279, 205, 231, 176], [164, 177, 141, 322, 177, 219], [178, 148, 168, 190, 316, 200], [195, 162, 138, 178, 162, 365]]
test accuracy :  0.1825
class_total [400.0, 400.0, 400.0, 400.0, 400.0, 400.0]
class_correct [88.0, 57.0, 63.0, 72.0, 76.0, 82.0]
confusion_matrix [[88, 76, 23, 59, 66, 88], [63, 57, 57, 86, 62, 75], [69, 58, 63, 68, 71, 71], [67, 56, 49, 72, 72, 84], [63, 50, 65, 69, 76, 77], [58, 64, 54, 82, 60, 82]]
traning started for  12 epoch
epoch 13 loss: 1.45617759228
validation accuracy :  0.256805555556
validation class_total [1200.0, 1200.0, 1200.0, 1200.0, 1200.0, 1200.0]
validation class_correct [361.0, 309.0, 267.0, 286.0, 283.0, 343.0]
validation confusion_matrix [[361, 175, 118, 155, 176, 215], [222, 309, 140, 157, 151, 221], [180, 154, 267, 196, 229, 174], [185, 149, 176, 286, 177, 227], [181, 172, 159, 200, 283, 205], [193, 170, 148, 200, 146, 343]]
test accuracy :  0.195833333333
class_total [400.0, 400.0, 400.0, 400.0, 400.0, 400.0]
class_correct [95.0, 67.0, 54.0, 76.0, 83.0, 95.0]
confusion_matrix [[95, 70, 38, 49, 60, 88], [52, 67, 65, 62, 68, 86], [65, 53, 54, 80, 70, 78], [62, 57, 56, 76, 65, 84], [58, 49, 54, 80, 83, 76], [64, 58, 51, 75, 57, 95]]
traning started for  13 epoch
epoch 14 loss: 1.59089887142
validation accuracy :  0.271388888889
validation class_total [1200.0, 1200.0, 1200.0, 1200.0, 1200.0, 1200.0]
validation class_correct [371.0, 324.0, 288.0, 317.0, 315.0, 339.0]
validation confusion_matrix [[371, 188, 112, 165, 155, 209], [200, 324, 137, 168, 157, 214], [148, 138, 288, 200, 220, 206], [177, 179, 149, 317, 170, 208], [193, 171, 160, 172, 315, 189], [204, 193, 134, 169, 161, 339]]
test accuracy :  0.18875
class_total [400.0, 400.0, 400.0, 400.0, 400.0, 400.0]
class_correct [83.0, 58.0, 73.0, 74.0, 77.0, 88.0]
confusion_matrix [[83, 73, 34, 57, 64, 89], [60, 58, 52, 72, 75, 83], [68, 45, 73, 67, 71, 76], [69, 60, 58, 74, 69, 70], [73, 66, 63, 55, 77, 66], [62, 74, 54, 67, 55, 88]]
traning started for  14 epoch
epoch 15 loss: 1.60850918293
validation accuracy :  0.268055555556
validation class_total [1200.0, 1200.0, 1200.0, 1200.0, 1200.0, 1200.0]
validation class_correct [369.0, 324.0, 266.0, 292.0, 309.0, 370.0]
validation confusion_matrix [[369, 191, 126, 156, 164, 194], [222, 324, 119, 141, 174, 220], [164, 152, 266, 199, 215, 204], [180, 174, 175, 292, 164, 215], [198, 166, 149, 187, 309, 191], [194, 175, 117, 188, 156, 370]]
test accuracy :  0.180416666667
class_total [400.0, 400.0, 400.0, 400.0, 400.0, 400.0]
class_correct [85.0, 51.0, 58.0, 68.0, 80.0, 91.0]
confusion_matrix [[85, 66, 43, 65, 59, 82], [62, 51, 68, 72, 62, 85], [68, 53, 58, 66, 69, 86], [44, 65, 56, 68, 91, 76], [76, 34, 71, 78, 80, 61], [58, 61, 48, 88, 54, 91]]
traning started for  15 epoch
epoch 16 loss: 1.41823101044
validation accuracy :  0.266527777778
validation class_total [1200.0, 1200.0, 1200.0, 1200.0, 1200.0, 1200.0]
validation class_correct [329.0, 347.0, 269.0, 297.0, 299.0, 378.0]
validation confusion_matrix [[329, 203, 139, 177, 147, 205], [202, 347, 130, 155, 164, 202], [182, 130, 269, 226, 224, 169], [211, 154, 164, 297, 166, 208], [204, 162, 161, 198, 299, 176], [206, 196, 115, 156, 149, 378]]
test accuracy :  0.185416666667
class_total [400.0, 400.0, 400.0, 400.0, 400.0, 400.0]
class_correct [86.0, 51.0, 63.0, 69.0, 82.0, 94.0]
confusion_matrix [[86, 74, 37, 63, 60, 80], [60, 51, 47, 78, 61, 103], [71, 45, 63, 76, 68, 77], [62, 58, 55, 69, 81, 75], [67, 55, 70, 63, 82, 63], [78, 64, 41, 76, 47, 94]]
traning started for  16 epoch
epoch 17 loss: 1.36783325672
validation accuracy :  0.27625
validation class_total [1200.0, 1200.0, 1200.0, 1200.0, 1200.0, 1200.0]
validation class_correct [375.0, 345.0, 269.0, 323.0, 304.0, 373.0]
validation confusion_matrix [[375, 166, 130, 165, 169, 195], [208, 345, 142, 147, 164, 194], [158, 153, 269, 210, 200, 210], [200, 148, 156, 323, 152, 221], [189, 144, 146, 215, 304, 202], [207, 156, 132, 166, 166, 373]]
test accuracy :  0.18625
class_total [400.0, 400.0, 400.0, 400.0, 400.0, 400.0]
class_correct [98.0, 51.0, 67.0, 62.0, 76.0, 93.0]
confusion_matrix [[98, 86, 39, 43, 57, 77], [54, 51, 64, 73, 70, 88], [64, 54, 67, 65, 71, 79], [61, 50, 63, 62, 85, 79], [65, 49, 59, 86, 76, 65], [66, 67, 40, 75, 59, 93]]
traning started for  17 epoch
