cuda
traning started for  1 epoch
epoch 1 loss: 1.72300517559
validation accuracy :  0.228194444444
validation class_total [1200.0, 1200.0, 1200.0, 1200.0, 1200.0, 1200.0]
validation class_correct [434.0, 277.0, 582.0, 54.0, 185.0, 111.0]
validation confusion_matrix [[434, 261, 198, 53, 144, 110], [411, 277, 249, 37, 114, 112], [178, 148, 582, 43, 186, 63], [368, 235, 283, 54, 158, 102], [315, 185, 379, 45, 185, 91], [376, 281, 256, 42, 134, 111]]
test accuracy :  0.14125
class_total [400.0, 400.0, 400.0, 400.0, 400.0, 400.0]
class_correct [101.0, 63.0, 75.0, 18.0, 49.0, 33.0]
confusion_matrix [[101, 86, 131, 11, 54, 17], [73, 63, 158, 14, 65, 27], [148, 95, 75, 9, 43, 30], [102, 75, 108, 18, 56, 41], [116, 83, 108, 15, 49, 29], [117, 77, 99, 16, 58, 33]]
traning started for  2 epoch
epoch 2 loss: 1.91722941399
validation accuracy :  0.41125
validation class_total [1200.0, 1200.0, 1200.0, 1200.0, 1200.0, 1200.0]
validation class_correct [756.0, 167.0, 1055.0, 347.0, 362.0, 274.0]
validation confusion_matrix [[756, 66, 12, 268, 57, 41], [191, 167, 233, 215, 223, 171], [1, 8, 1055, 1, 84, 51], [578, 76, 50, 347, 81, 68], [50, 101, 361, 109, 362, 217], [40, 119, 357, 72, 338, 274]]
test accuracy :  0.200416666667
class_total [400.0, 400.0, 400.0, 400.0, 400.0, 400.0]
class_correct [79.0, 12.0, 167.0, 24.0, 122.0, 77.0]
confusion_matrix [[79, 38, 40, 114, 82, 47], [4, 12, 244, 14, 86, 40], [2, 8, 167, 3, 130, 90], [16, 39, 113, 24, 129, 79], [3, 17, 166, 4, 122, 88], [8, 31, 156, 19, 109, 77]]
traning started for  3 epoch
epoch 3 loss: 1.55692481995
validation accuracy :  0.551805555556
validation class_total [1200.0, 1200.0, 1200.0, 1200.0, 1200.0, 1200.0]
validation class_correct [336.0, 473.0, 1012.0, 805.0, 572.0, 775.0]
validation confusion_matrix [[336, 5, 0, 759, 100, 0], [3, 473, 51, 4, 247, 422], [0, 12, 1012, 0, 6, 170], [260, 5, 0, 805, 130, 0], [23, 306, 52, 49, 572, 198], [2, 165, 178, 2, 78, 775]]
test accuracy :  0.1075
class_total [400.0, 400.0, 400.0, 400.0, 400.0, 400.0]
class_correct [33.0, 50.0, 29.0, 25.0, 77.0, 44.0]
confusion_matrix [[33, 43, 2, 105, 212, 5], [13, 50, 60, 36, 175, 66], [0, 55, 29, 1, 15, 300], [6, 85, 9, 25, 186, 89], [1, 109, 45, 1, 77, 167], [18, 76, 23, 34, 205, 44]]
traning started for  4 epoch
epoch 4 loss: 3.46001338959
validation accuracy :  0.751666666667
validation class_total [1200.0, 1200.0, 1200.0, 1200.0, 1200.0, 1200.0]
validation class_correct [690.0, 934.0, 1101.0, 963.0, 865.0, 859.0]
validation confusion_matrix [[690, 9, 0, 458, 43, 0], [1, 934, 15, 6, 167, 77], [0, 1, 1101, 0, 18, 80], [72, 3, 3, 963, 159, 0], [6, 31, 66, 176, 865, 56], [0, 3, 268, 4, 66, 859]]
test accuracy :  0.150416666667
class_total [400.0, 400.0, 400.0, 400.0, 400.0, 400.0]
class_correct [12.0, 0.0, 107.0, 42.0, 196.0, 4.0]
confusion_matrix [[12, 13, 5, 139, 224, 7], [0, 0, 93, 68, 225, 14], [0, 5, 107, 0, 16, 272], [0, 7, 53, 42, 238, 60], [0, 6, 89, 1, 196, 108], [0, 0, 30, 69, 297, 4]]
traning started for  5 epoch
epoch 5 loss: 0.426164627075
validation accuracy :  0.836666666667
validation class_total [1200.0, 1200.0, 1200.0, 1200.0, 1200.0, 1200.0]
validation class_correct [699.0, 1141.0, 1145.0, 1014.0, 1017.0, 1008.0]
validation confusion_matrix [[699, 6, 0, 437, 57, 1], [3, 1141, 8, 0, 26, 22], [0, 0, 1145, 0, 6, 49], [7, 0, 8, 1014, 170, 1], [1, 6, 88, 38, 1017, 50], [0, 5, 167, 0, 20, 1008]]
test accuracy :  0.106666666667
class_total [400.0, 400.0, 400.0, 400.0, 400.0, 400.0]
class_correct [2.0, 0.0, 87.0, 19.0, 131.0, 17.0]
confusion_matrix [[2, 8, 49, 109, 220, 12], [0, 0, 158, 28, 186, 28], [0, 3, 87, 0, 18, 292], [0, 4, 100, 19, 187, 90], [0, 0, 115, 1, 131, 153], [0, 0, 51, 3, 329, 17]]
traning started for  6 epoch
epoch 6 loss: 0.565389156342
validation accuracy :  0.79625
validation class_total [1200.0, 1200.0, 1200.0, 1200.0, 1200.0, 1200.0]
validation class_correct [818.0, 825.0, 1187.0, 1016.0, 866.0, 1021.0]
validation confusion_matrix [[818, 8, 1, 231, 142, 0], [1, 825, 39, 0, 90, 245], [0, 0, 1187, 0, 0, 13], [0, 0, 51, 1016, 132, 1], [0, 0, 234, 6, 866, 94], [0, 1, 175, 0, 3, 1021]]
test accuracy :  0.07625
class_total [400.0, 400.0, 400.0, 400.0, 400.0, 400.0]
class_correct [0.0, 0.0, 109.0, 3.0, 27.0, 44.0]
confusion_matrix [[0, 7, 155, 50, 139, 49], [0, 0, 270, 3, 63, 64], [0, 0, 109, 0, 3, 288], [0, 0, 126, 3, 73, 198], [0, 0, 105, 0, 27, 268], [0, 0, 173, 3, 180, 44]]
traning started for  7 epoch
epoch 7 loss: 0.0192217826843
validation accuracy :  0.967777777778
validation class_total [1200.0, 1200.0, 1200.0, 1200.0, 1200.0, 1200.0]
validation class_correct [1149.0, 1180.0, 1174.0, 1190.0, 1161.0, 1114.0]
validation confusion_matrix [[1149, 0, 0, 48, 3, 0], [3, 1180, 1, 0, 16, 0], [0, 0, 1174, 1, 15, 10], [1, 0, 3, 1190, 6, 0], [5, 0, 11, 22, 1161, 1], [0, 1, 34, 1, 50, 1114]]
test accuracy :  0.162083333333
class_total [400.0, 400.0, 400.0, 400.0, 400.0, 400.0]
class_correct [9.0, 0.0, 24.0, 55.0, 300.0, 1.0]
confusion_matrix [[9, 7, 35, 189, 153, 7], [0, 0, 125, 54, 199, 22], [0, 31, 24, 2, 119, 224], [0, 1, 28, 55, 273, 43], [0, 0, 34, 6, 300, 60], [0, 0, 39, 17, 343, 1]]
traning started for  8 epoch
epoch 8 loss: 0.0243921279907
validation accuracy :  0.892916666667
validation class_total [1200.0, 1200.0, 1200.0, 1200.0, 1200.0, 1200.0]
validation class_correct [709.0, 1116.0, 1186.0, 1151.0, 1190.0, 1077.0]
validation confusion_matrix [[709, 2, 0, 339, 150, 0], [0, 1116, 6, 0, 69, 9], [0, 0, 1186, 1, 9, 4], [0, 0, 10, 1151, 39, 0], [0, 0, 8, 2, 1190, 0], [0, 0, 72, 0, 51, 1077]]
test accuracy :  0.172916666667
class_total [400.0, 400.0, 400.0, 400.0, 400.0, 400.0]
class_correct [0.0, 0.0, 98.0, 29.0, 283.0, 5.0]
confusion_matrix [[0, 5, 98, 133, 141, 23], [0, 0, 106, 27, 244, 23], [0, 3, 98, 0, 95, 204], [0, 0, 43, 29, 288, 40], [0, 0, 30, 3, 283, 84], [0, 0, 27, 6, 362, 5]]
traning started for  9 epoch
epoch 9 loss: 0.0434112548828
validation accuracy :  0.925555555556
validation class_total [1200.0, 1200.0, 1200.0, 1200.0, 1200.0, 1200.0]
validation class_correct [1135.0, 1171.0, 1198.0, 1179.0, 1056.0, 925.0]
validation confusion_matrix [[1135, 3, 0, 59, 3, 0], [5, 1171, 12, 6, 6, 0], [0, 1, 1198, 1, 0, 0], [0, 0, 17, 1179, 4, 0], [6, 20, 88, 18, 1056, 12], [0, 7, 261, 0, 7, 925]]
test accuracy :  0.167916666667
class_total [400.0, 400.0, 400.0, 400.0, 400.0, 400.0]
class_correct [7.0, 0.0, 220.0, 52.0, 113.0, 11.0]
confusion_matrix [[7, 36, 108, 206, 33, 10], [0, 0, 281, 30, 76, 13], [0, 11, 220, 1, 17, 151], [0, 7, 136, 52, 142, 63], [0, 2, 127, 3, 113, 155], [0, 0, 125, 39, 225, 11]]
traning started for  10 epoch
epoch 10 loss: 0.00112009048462
validation accuracy :  0.988055555556
validation class_total [1200.0, 1200.0, 1200.0, 1200.0, 1200.0, 1200.0]
validation class_correct [1188.0, 1191.0, 1166.0, 1199.0, 1185.0, 1185.0]
validation confusion_matrix [[1188, 1, 0, 10, 1, 0], [5, 1191, 0, 0, 4, 0], [0, 0, 1166, 5, 7, 22], [1, 0, 0, 1199, 0, 0], [3, 1, 0, 11, 1185, 0], [0, 3, 3, 0, 9, 1185]]
test accuracy :  0.104166666667
class_total [400.0, 400.0, 400.0, 400.0, 400.0, 400.0]
class_correct [27.0, 0.0, 13.0, 79.0, 128.0, 3.0]
confusion_matrix [[27, 12, 4, 323, 22, 12], [2, 0, 38, 162, 146, 52], [0, 39, 13, 1, 29, 318], [1, 4, 8, 79, 181, 127], [0, 8, 10, 18, 128, 236], [1, 0, 12, 38, 346, 3]]
traning started for  11 epoch
epoch 11 loss: 0.0578393936157
validation accuracy :  0.980555555556
validation class_total [1200.0, 1200.0, 1200.0, 1200.0, 1200.0, 1200.0]
validation class_correct [1190.0, 1195.0, 1164.0, 1200.0, 1186.0, 1125.0]
validation confusion_matrix [[1190, 1, 0, 9, 0, 0], [3, 1195, 0, 0, 2, 0], [0, 0, 1164, 0, 15, 21], [0, 0, 0, 1200, 0, 0], [0, 0, 1, 13, 1186, 0], [0, 8, 5, 1, 61, 1125]]
test accuracy :  0.1475
class_total [400.0, 400.0, 400.0, 400.0, 400.0, 400.0]
class_correct [25.0, 0.0, 16.0, 70.0, 237.0, 6.0]
confusion_matrix [[25, 20, 6, 321, 26, 2], [1, 0, 45, 183, 167, 4], [0, 38, 16, 0, 83, 263], [3, 1, 12, 70, 267, 47], [1, 0, 10, 9, 237, 143], [0, 0, 8, 48, 338, 6]]
traning started for  12 epoch
epoch 12 loss: 0.041796207428
validation accuracy :  0.994583333333
validation class_total [1200.0, 1200.0, 1200.0, 1200.0, 1200.0, 1200.0]
validation class_correct [1199.0, 1193.0, 1192.0, 1198.0, 1198.0, 1181.0]
validation confusion_matrix [[1199, 0, 0, 1, 0, 0], [2, 1193, 0, 1, 4, 0], [0, 1, 1192, 1, 5, 1], [2, 0, 0, 1198, 0, 0], [0, 0, 0, 2, 1198, 0], [0, 3, 4, 5, 7, 1181]]
test accuracy :  0.125
class_total [400.0, 400.0, 400.0, 400.0, 400.0, 400.0]
class_correct [25.0, 0.0, 65.0, 83.0, 124.0, 3.0]
confusion_matrix [[25, 54, 14, 229, 73, 5], [2, 0, 57, 123, 190, 28], [0, 11, 65, 5, 55, 264], [4, 2, 10, 83, 202, 99], [1, 0, 17, 70, 124, 188], [0, 0, 11, 61, 325, 3]]
traning started for  13 epoch
epoch 13 loss: 0.000802993774414
validation accuracy :  0.994166666667
validation class_total [1200.0, 1200.0, 1200.0, 1200.0, 1200.0, 1200.0]
validation class_correct [1183.0, 1186.0, 1198.0, 1195.0, 1199.0, 1197.0]
validation confusion_matrix [[1183, 0, 0, 10, 7, 0], [1, 1186, 0, 0, 8, 5], [0, 0, 1198, 0, 0, 2], [0, 0, 2, 1195, 2, 1], [0, 0, 1, 0, 1199, 0], [0, 0, 0, 0, 3, 1197]]
test accuracy :  0.0929166666667
class_total [400.0, 400.0, 400.0, 400.0, 400.0, 400.0]
class_correct [11.0, 0.0, 47.0, 19.0, 133.0, 13.0]
confusion_matrix [[11, 34, 25, 229, 57, 44], [0, 0, 76, 36, 228, 60], [0, 2, 47, 0, 16, 335], [0, 0, 13, 19, 210, 158], [0, 0, 23, 1, 133, 243], [0, 0, 24, 27, 336, 13]]
traning started for  14 epoch
epoch 14 loss: 0.000870704650879
validation accuracy :  0.981527777778
validation class_total [1200.0, 1200.0, 1200.0, 1200.0, 1200.0, 1200.0]
validation class_correct [1165.0, 1193.0, 1200.0, 1200.0, 1139.0, 1170.0]
validation confusion_matrix [[1165, 0, 0, 34, 1, 0], [1, 1193, 4, 0, 1, 1], [0, 0, 1200, 0, 0, 0], [0, 0, 0, 1200, 0, 0], [1, 2, 2, 55, 1139, 1], [0, 0, 14, 14, 2, 1170]]
test accuracy :  0.132916666667
class_total [400.0, 400.0, 400.0, 400.0, 400.0, 400.0]
class_correct [3.0, 0.0, 41.0, 183.0, 87.0, 5.0]
confusion_matrix [[3, 10, 20, 353, 7, 7], [0, 0, 85, 256, 35, 24], [1, 24, 41, 18, 7, 309], [5, 3, 29, 183, 79, 101], [2, 0, 19, 78, 87, 214], [0, 0, 28, 180, 187, 5]]
traning started for  15 epoch
epoch 15 loss: 0.00135040283203
validation accuracy :  0.993333333333
validation class_total [1200.0, 1200.0, 1200.0, 1200.0, 1200.0, 1200.0]
validation class_correct [1194.0, 1196.0, 1197.0, 1198.0, 1195.0, 1172.0]
validation confusion_matrix [[1194, 0, 0, 5, 1, 0], [1, 1196, 1, 0, 1, 1], [0, 0, 1197, 0, 3, 0], [0, 0, 1, 1198, 1, 0], [1, 2, 1, 1, 1195, 0], [0, 0, 19, 1, 8, 1172]]
test accuracy :  0.184166666667
class_total [400.0, 400.0, 400.0, 400.0, 400.0, 400.0]
class_correct [4.0, 0.0, 77.0, 50.0, 302.0, 9.0]
confusion_matrix [[4, 19, 31, 253, 82, 11], [0, 0, 76, 77, 235, 12], [0, 6, 77, 0, 59, 258], [1, 0, 29, 50, 264, 56], [0, 0, 27, 2, 302, 69], [0, 0, 23, 35, 333, 9]]
traning started for  16 epoch
epoch 16 loss: 1.90734863281e-06
validation accuracy :  0.996944444444
validation class_total [1200.0, 1200.0, 1200.0, 1200.0, 1200.0, 1200.0]
validation class_correct [1193.0, 1200.0, 1200.0, 1188.0, 1199.0, 1198.0]
validation confusion_matrix [[1193, 2, 0, 1, 4, 0], [0, 1200, 0, 0, 0, 0], [0, 0, 1200, 0, 0, 0], [0, 0, 1, 1188, 11, 0], [0, 0, 1, 0, 1199, 0], [0, 0, 2, 0, 0, 1198]]
test accuracy :  0.130833333333
class_total [400.0, 400.0, 400.0, 400.0, 400.0, 400.0]
class_correct [18.0, 0.0, 123.0, 27.0, 134.0, 12.0]
confusion_matrix [[18, 37, 15, 272, 35, 23], [0, 0, 116, 32, 185, 67], [0, 7, 123, 0, 11, 259], [0, 2, 24, 27, 155, 192], [0, 3, 64, 0, 134, 199], [0, 0, 29, 3, 356, 12]]
traning started for  17 epoch
epoch 17 loss: 2.86102294922e-05
validation accuracy :  0.995694444444
validation class_total [1200.0, 1200.0, 1200.0, 1200.0, 1200.0, 1200.0]
validation class_correct [1195.0, 1200.0, 1190.0, 1200.0, 1189.0, 1195.0]
validation confusion_matrix [[1195, 2, 0, 2, 1, 0], [0, 1200, 0, 0, 0, 0], [0, 6, 1190, 0, 0, 4], [0, 0, 0, 1200, 0, 0], [0, 3, 2, 3, 1189, 3], [0, 3, 0, 0, 2, 1195]]
test accuracy :  0.0733333333333
class_total [400.0, 400.0, 400.0, 400.0, 400.0, 400.0]
class_correct [10.0, 1.0, 13.0, 48.0, 95.0, 9.0]
confusion_matrix [[10, 70, 24, 262, 6, 28], [0, 1, 76, 89, 109, 125], [0, 11, 13, 0, 4, 372], [0, 5, 10, 48, 88, 249], [0, 0, 7, 0, 95, 298], [0, 0, 32, 41, 318, 9]]
traning started for  18 epoch
epoch 18 loss: 8.58306884766e-06
validation accuracy :  0.998888888889
validation class_total [1200.0, 1200.0, 1200.0, 1200.0, 1200.0, 1200.0]
validation class_correct [1200.0, 1200.0, 1196.0, 1199.0, 1198.0, 1199.0]
validation confusion_matrix [[1200, 0, 0, 0, 0, 0], [0, 1200, 0, 0, 0, 0], [0, 0, 1196, 0, 0, 4], [1, 0, 0, 1199, 0, 0], [2, 0, 0, 0, 1198, 0], [0, 0, 0, 1, 0, 1199]]
test accuracy :  0.136666666667
class_total [400.0, 400.0, 400.0, 400.0, 400.0, 400.0]
class_correct [33.0, 0.0, 29.0, 89.0, 166.0, 11.0]
confusion_matrix [[33, 27, 6, 327, 1, 6], [2, 0, 57, 156, 129, 56], [0, 27, 29, 1, 13, 330], [16, 8, 19, 89, 111, 157], [2, 8, 21, 6, 166, 197], [0, 0, 23, 30, 336, 11]]
traning started for  19 epoch
epoch 19 loss: 0.0
validation accuracy :  0.999861111111
validation class_total [1200.0, 1200.0, 1200.0, 1200.0, 1200.0, 1200.0]
validation class_correct [1200.0, 1200.0, 1199.0, 1200.0, 1200.0, 1200.0]
validation confusion_matrix [[1200, 0, 0, 0, 0, 0], [0, 1200, 0, 0, 0, 0], [0, 0, 1199, 1, 0, 0], [0, 0, 0, 1200, 0, 0], [0, 0, 0, 0, 1200, 0], [0, 0, 0, 0, 0, 1200]]
test accuracy :  0.105833333333
class_total [400.0, 400.0, 400.0, 400.0, 400.0, 400.0]
class_correct [14.0, 0.0, 38.0, 42.0, 148.0, 12.0]
confusion_matrix [[14, 26, 17, 285, 24, 34], [0, 0, 67, 56, 201, 76], [0, 21, 38, 0, 19, 322], [1, 6, 12, 42, 168, 171], [0, 4, 19, 1, 148, 228], [0, 0, 24, 23, 341, 12]]
traning started for  20 epoch
epoch 20 loss: 0.00383853912354
validation accuracy :  0.923333333333
validation class_total [1200.0, 1200.0, 1200.0, 1200.0, 1200.0, 1200.0]
validation class_correct [988.0, 917.0, 1196.0, 1199.0, 1199.0, 1149.0]
validation confusion_matrix [[988, 0, 0, 192, 20, 0], [0, 917, 1, 1, 273, 8], [0, 0, 1196, 1, 3, 0], [0, 0, 1, 1199, 0, 0], [0, 0, 1, 0, 1199, 0], [0, 0, 7, 1, 43, 1149]]
test accuracy :  0.184583333333
class_total [400.0, 400.0, 400.0, 400.0, 400.0, 400.0]
class_correct [7.0, 0.0, 76.0, 37.0, 323.0, 0.0]
confusion_matrix [[7, 5, 17, 276, 79, 16], [0, 0, 24, 49, 317, 10], [0, 0, 76, 0, 79, 245], [0, 0, 6, 37, 272, 85], [0, 0, 16, 3, 323, 58], [0, 0, 16, 41, 343, 0]]
traning started for  21 epoch
epoch 21 loss: 1.90734863281e-06
validation accuracy :  0.99625
validation class_total [1200.0, 1200.0, 1200.0, 1200.0, 1200.0, 1200.0]
validation class_correct [1199.0, 1195.0, 1195.0, 1199.0, 1185.0, 1200.0]
validation confusion_matrix [[1199, 1, 0, 0, 0, 0], [2, 1195, 0, 0, 0, 3], [0, 0, 1195, 0, 0, 5], [1, 0, 0, 1199, 0, 0], [2, 0, 0, 2, 1185, 11], [0, 0, 0, 0, 0, 1200]]
test accuracy :  0.0729166666667
class_total [400.0, 400.0, 400.0, 400.0, 400.0, 400.0]
class_correct [11.0, 0.0, 19.0, 53.0, 45.0, 47.0]
confusion_matrix [[11, 22, 7, 291, 1, 68], [0, 0, 55, 113, 108, 124], [0, 3, 19, 0, 3, 375], [1, 0, 8, 53, 88, 250], [0, 2, 11, 4, 45, 338], [0, 0, 23, 35, 295, 47]]
traning started for  22 epoch
epoch 22 loss: 0.000102043151855
validation accuracy :  0.997361111111
validation class_total [1200.0, 1200.0, 1200.0, 1200.0, 1200.0, 1200.0]
validation class_correct [1198.0, 1200.0, 1189.0, 1200.0, 1194.0, 1200.0]
validation confusion_matrix [[1198, 0, 0, 2, 0, 0], [0, 1200, 0, 0, 0, 0], [0, 2, 1189, 1, 0, 8], [0, 0, 0, 1200, 0, 0], [1, 1, 0, 1, 1194, 3], [0, 0, 0, 0, 0, 1200]]
test accuracy :  0.0808333333333
class_total [400.0, 400.0, 400.0, 400.0, 400.0, 400.0]
class_correct [65.0, 2.0, 9.0, 63.0, 41.0, 14.0]
confusion_matrix [[65, 64, 2, 241, 10, 18], [1, 2, 54, 91, 127, 125], [0, 4, 9, 0, 0, 387], [2, 5, 2, 63, 68, 260], [2, 7, 5, 7, 41, 338], [0, 0, 19, 48, 319, 14]]
traning started for  23 epoch
epoch 23 loss: 3.81469726562e-06
validation accuracy :  0.999305555556
validation class_total [1200.0, 1200.0, 1200.0, 1200.0, 1200.0, 1200.0]
validation class_correct [1199.0, 1200.0, 1199.0, 1200.0, 1198.0, 1199.0]
validation confusion_matrix [[1199, 0, 0, 0, 1, 0], [0, 1200, 0, 0, 0, 0], [0, 0, 1199, 0, 0, 1], [0, 0, 0, 1200, 0, 0], [0, 1, 1, 0, 1198, 0], [0, 0, 0, 0, 1, 1199]]
test accuracy :  0.0979166666667
class_total [400.0, 400.0, 400.0, 400.0, 400.0, 400.0]
class_correct [12.0, 3.0, 22.0, 22.0, 166.0, 10.0]
confusion_matrix [[12, 54, 12, 280, 21, 21], [0, 3, 118, 21, 213, 45], [0, 39, 22, 0, 13, 326], [1, 6, 12, 22, 184, 175], [0, 5, 11, 1, 166, 217], [0, 0, 26, 27, 337, 10]]
traning started for  24 epoch
epoch 24 loss: 1.90734863281e-06
validation accuracy :  0.999305555556
validation class_total [1200.0, 1200.0, 1200.0, 1200.0, 1200.0, 1200.0]
validation class_correct [1200.0, 1198.0, 1200.0, 1200.0, 1198.0, 1199.0]
validation confusion_matrix [[1200, 0, 0, 0, 0, 0], [2, 1198, 0, 0, 0, 0], [0, 0, 1200, 0, 0, 0], [0, 0, 0, 1200, 0, 0], [1, 1, 0, 0, 1198, 0], [0, 0, 1, 0, 0, 1199]]
test accuracy :  0.0908333333333
class_total [400.0, 400.0, 400.0, 400.0, 400.0, 400.0]
class_correct [18.0, 2.0, 60.0, 24.0, 105.0, 9.0]
confusion_matrix [[18, 45, 9, 290, 16, 22], [1, 2, 124, 39, 173, 61], [0, 37, 60, 0, 7, 296], [3, 12, 16, 24, 147, 198], [0, 5, 17, 1, 105, 272], [0, 0, 34, 34, 323, 9]]
traning started for  25 epoch
epoch 25 loss: 0.0
validation accuracy :  1.0
validation class_total [1200.0, 1200.0, 1200.0, 1200.0, 1200.0, 1200.0]
validation class_correct [1200.0, 1200.0, 1200.0, 1200.0, 1200.0, 1200.0]
validation confusion_matrix [[1200, 0, 0, 0, 0, 0], [0, 1200, 0, 0, 0, 0], [0, 0, 1200, 0, 0, 0], [0, 0, 0, 1200, 0, 0], [0, 0, 0, 0, 1200, 0], [0, 0, 0, 0, 0, 1200]]
test accuracy :  0.09375
class_total [400.0, 400.0, 400.0, 400.0, 400.0, 400.0]
class_correct [8.0, 0.0, 64.0, 31.0, 115.0, 7.0]
confusion_matrix [[8, 21, 8, 321, 21, 21], [1, 0, 83, 46, 222, 48], [0, 20, 64, 0, 14, 302], [3, 1, 6, 31, 176, 183], [0, 2, 15, 2, 115, 266], [0, 0, 19, 40, 334, 7]]
traning started for  26 epoch
epoch 26 loss: 0.0
validation accuracy :  1.0
validation class_total [1200.0, 1200.0, 1200.0, 1200.0, 1200.0, 1200.0]
validation class_correct [1200.0, 1200.0, 1200.0, 1200.0, 1200.0, 1200.0]
validation confusion_matrix [[1200, 0, 0, 0, 0, 0], [0, 1200, 0, 0, 0, 0], [0, 0, 1200, 0, 0, 0], [0, 0, 0, 1200, 0, 0], [0, 0, 0, 0, 1200, 0], [0, 0, 0, 0, 0, 1200]]
test accuracy :  0.10625
class_total [400.0, 400.0, 400.0, 400.0, 400.0, 400.0]
class_correct [12.0, 0.0, 55.0, 23.0, 157.0, 8.0]
confusion_matrix [[12, 26, 11, 297, 33, 21], [0, 0, 68, 33, 262, 37], [0, 17, 55, 0, 18, 310], [2, 3, 10, 23, 200, 162], [0, 1, 21, 2, 157, 219], [0, 0, 23, 34, 335, 8]]
traning started for  27 epoch
epoch 27 loss: 5.53131103516e-05
validation accuracy :  0.999861111111
validation class_total [1200.0, 1200.0, 1200.0, 1200.0, 1200.0, 1200.0]
validation class_correct [1200.0, 1199.0, 1200.0, 1200.0, 1200.0, 1200.0]
validation confusion_matrix [[1200, 0, 0, 0, 0, 0], [1, 1199, 0, 0, 0, 0], [0, 0, 1200, 0, 0, 0], [0, 0, 0, 1200, 0, 0], [0, 0, 0, 0, 1200, 0], [0, 0, 0, 0, 0, 1200]]
test accuracy :  0.10125
class_total [400.0, 400.0, 400.0, 400.0, 400.0, 400.0]
class_correct [7.0, 0.0, 40.0, 41.0, 146.0, 9.0]
confusion_matrix [[7, 25, 9, 308, 21, 30], [1, 0, 90, 47, 207, 55], [0, 11, 40, 0, 11, 338], [1, 1, 6, 41, 170, 181], [0, 1, 15, 2, 146, 236], [0, 0, 25, 52, 314, 9]]
traning started for  28 epoch
epoch 28 loss: 0.0623226165771
validation accuracy :  0.994027777778
validation class_total [1200.0, 1200.0, 1200.0, 1200.0, 1200.0, 1200.0]
validation class_correct [1195.0, 1198.0, 1187.0, 1198.0, 1198.0, 1181.0]
validation confusion_matrix [[1195, 0, 0, 1, 4, 0], [0, 1198, 0, 0, 1, 1], [0, 0, 1187, 0, 7, 6], [0, 0, 1, 1198, 1, 0], [1, 1, 0, 0, 1198, 0], [0, 0, 0, 0, 19, 1181]]
test accuracy :  0.110416666667
class_total [400.0, 400.0, 400.0, 400.0, 400.0, 400.0]
class_correct [7.0, 0.0, 15.0, 22.0, 211.0, 10.0]
confusion_matrix [[7, 34, 21, 227, 41, 70], [0, 0, 72, 52, 218, 58], [0, 9, 15, 0, 40, 336], [0, 0, 8, 22, 224, 146], [0, 0, 11, 1, 211, 177], [1, 0, 19, 31, 339, 10]]
traning started for  29 epoch
epoch 29 loss: 0.000189781188965
validation accuracy :  0.999444444444
validation class_total [1200.0, 1200.0, 1200.0, 1200.0, 1200.0, 1200.0]
validation class_correct [1199.0, 1199.0, 1198.0, 1200.0, 1200.0, 1200.0]
validation confusion_matrix [[1199, 0, 0, 1, 0, 0], [0, 1199, 1, 0, 0, 0], [0, 1, 1198, 0, 0, 1], [0, 0, 0, 1200, 0, 0], [0, 0, 0, 0, 1200, 0], [0, 0, 0, 0, 0, 1200]]
test accuracy :  0.0904166666667
class_total [400.0, 400.0, 400.0, 400.0, 400.0, 400.0]
class_correct [9.0, 0.0, 23.0, 46.0, 132.0, 7.0]
confusion_matrix [[9, 28, 14, 286, 29, 34], [0, 0, 88, 89, 160, 63], [0, 50, 23, 0, 16, 311], [0, 2, 10, 46, 171, 171], [0, 1, 16, 1, 132, 250], [0, 0, 32, 38, 323, 7]]
traning started for  30 epoch
epoch 30 loss: 0.000174522399902
validation accuracy :  0.999861111111
validation class_total [1200.0, 1200.0, 1200.0, 1200.0, 1200.0, 1200.0]
validation class_correct [1200.0, 1200.0, 1200.0, 1200.0, 1199.0, 1200.0]
validation confusion_matrix [[1200, 0, 0, 0, 0, 0], [0, 1200, 0, 0, 0, 0], [0, 0, 1200, 0, 0, 0], [0, 0, 0, 1200, 0, 0], [0, 1, 0, 0, 1199, 0], [0, 0, 0, 0, 0, 1200]]
test accuracy :  0.1175
class_total [400.0, 400.0, 400.0, 400.0, 400.0, 400.0]
class_correct [10.0, 0.0, 56.0, 36.0, 172.0, 8.0]
confusion_matrix [[10, 32, 20, 257, 37, 44], [0, 0, 74, 86, 167, 73], [0, 34, 56, 0, 13, 297], [0, 2, 10, 36, 178, 174], [0, 1, 21, 0, 172, 206], [0, 0, 28, 43, 321, 8]]
traning started for  31 epoch
epoch 31 loss: 9.53674316406e-07
validation accuracy :  0.998055555556
validation class_total [1200.0, 1200.0, 1200.0, 1200.0, 1200.0, 1200.0]
validation class_correct [1195.0, 1199.0, 1193.0, 1200.0, 1199.0, 1200.0]
validation confusion_matrix [[1195, 0, 0, 4, 1, 0], [1, 1199, 0, 0, 0, 0], [0, 5, 1193, 0, 0, 2], [0, 0, 0, 1200, 0, 0], [0, 1, 0, 0, 1199, 0], [0, 0, 0, 0, 0, 1200]]
test accuracy :  0.0654166666667
class_total [400.0, 400.0, 400.0, 400.0, 400.0, 400.0]
class_correct [35.0, 4.0, 19.0, 46.0, 30.0, 23.0]
confusion_matrix [[35, 71, 11, 217, 42, 24], [0, 4, 63, 77, 105, 151], [0, 18, 19, 0, 2, 361], [0, 2, 9, 46, 95, 248], [0, 1, 8, 0, 30, 361], [0, 0, 29, 68, 280, 23]]
traning started for  32 epoch
epoch 32 loss: 0.000144958496094
validation accuracy :  0.998611111111
validation class_total [1200.0, 1200.0, 1200.0, 1200.0, 1200.0, 1200.0]
validation class_correct [1197.0, 1200.0, 1200.0, 1200.0, 1193.0, 1200.0]
validation confusion_matrix [[1197, 0, 0, 3, 0, 0], [0, 1200, 0, 0, 0, 0], [0, 0, 1200, 0, 0, 0], [0, 0, 0, 1200, 0, 0], [0, 6, 1, 0, 1193, 0], [0, 0, 0, 0, 0, 1200]]
test accuracy :  0.100416666667
class_total [400.0, 400.0, 400.0, 400.0, 400.0, 400.0]
class_correct [14.0, 2.0, 63.0, 66.0, 84.0, 12.0]
confusion_matrix [[14, 47, 17, 299, 5, 18], [1, 2, 95, 110, 116, 76], [0, 28, 63, 0, 5, 304], [3, 3, 20, 66, 121, 187], [0, 1, 31, 1, 84, 283], [0, 0, 68, 25, 295, 12]]
traning started for  33 epoch
epoch 33 loss: 0.000199317932129
validation accuracy :  0.999861111111
validation class_total [1200.0, 1200.0, 1200.0, 1200.0, 1200.0, 1200.0]
validation class_correct [1200.0, 1199.0, 1200.0, 1200.0, 1200.0, 1200.0]
validation confusion_matrix [[1200, 0, 0, 0, 0, 0], [1, 1199, 0, 0, 0, 0], [0, 0, 1200, 0, 0, 0], [0, 0, 0, 1200, 0, 0], [0, 0, 0, 0, 1200, 0], [0, 0, 0, 0, 0, 1200]]
test accuracy :  0.104166666667
class_total [400.0, 400.0, 400.0, 400.0, 400.0, 400.0]
class_correct [18.0, 0.0, 51.0, 72.0, 96.0, 13.0]
confusion_matrix [[18, 26, 8, 329, 7, 12], [0, 0, 68, 155, 112, 65], [0, 9, 51, 0, 18, 322], [3, 1, 8, 72, 153, 163], [0, 0, 12, 3, 96, 289], [0, 0, 36, 38, 313, 13]]
traning started for  34 epoch
epoch 34 loss: 5.72204589844e-06
validation accuracy :  0.999722222222
validation class_total [1200.0, 1200.0, 1200.0, 1200.0, 1200.0, 1200.0]
validation class_correct [1199.0, 1200.0, 1200.0, 1200.0, 1200.0, 1199.0]
validation confusion_matrix [[1199, 0, 0, 1, 0, 0], [0, 1200, 0, 0, 0, 0], [0, 0, 1200, 0, 0, 0], [0, 0, 0, 1200, 0, 0], [0, 0, 0, 0, 1200, 0], [0, 1, 0, 0, 0, 1199]]
test accuracy :  0.0925
class_total [400.0, 400.0, 400.0, 400.0, 400.0, 400.0]
class_correct [9.0, 0.0, 59.0, 44.0, 99.0, 11.0]
confusion_matrix [[9, 28, 12, 320, 14, 17], [1, 0, 77, 103, 146, 73], [0, 13, 59, 0, 14, 314], [1, 0, 10, 44, 169, 176], [0, 0, 14, 0, 99, 287], [0, 0, 34, 34, 321, 11]]
traning started for  35 epoch
epoch 35 loss: 0.000157356262207
validation accuracy :  1.0
validation class_total [1200.0, 1200.0, 1200.0, 1200.0, 1200.0, 1200.0]
validation class_correct [1200.0, 1200.0, 1200.0, 1200.0, 1200.0, 1200.0]
validation confusion_matrix [[1200, 0, 0, 0, 0, 0], [0, 1200, 0, 0, 0, 0], [0, 0, 1200, 0, 0, 0], [0, 0, 0, 1200, 0, 0], [0, 0, 0, 0, 1200, 0], [0, 0, 0, 0, 0, 1200]]
test accuracy :  0.0779166666667
class_total [400.0, 400.0, 400.0, 400.0, 400.0, 400.0]
class_correct [14.0, 1.0, 63.0, 35.0, 64.0, 10.0]
confusion_matrix [[14, 47, 10, 310, 8, 11], [1, 1, 68, 101, 151, 78], [0, 18, 63, 0, 10, 309], [0, 3, 12, 35, 153, 197], [0, 0, 23, 0, 64, 313], [0, 0, 25, 27, 338, 10]]
traning started for  36 epoch
epoch 36 loss: 1.90734863281e-06
