cuda
traning started for  1 epoch
epoch 1 loss: 1.82383668423
validation accuracy :  0.227361111111
validation class_total [1200.0, 1200.0, 1200.0, 1200.0, 1200.0, 1200.0]
validation class_correct [372.0, 157.0, 685.0, 106.0, 314.0, 3.0]
validation confusion_matrix [[372, 129, 370, 100, 227, 2], [325, 157, 393, 86, 237, 2], [119, 70, 685, 58, 266, 2], [292, 109, 455, 106, 237, 1], [166, 95, 547, 77, 314, 1], [259, 145, 462, 82, 249, 3]]
test accuracy :  0.1775
class_total [400.0, 400.0, 400.0, 400.0, 400.0, 400.0]
class_correct [90.0, 28.0, 208.0, 18.0, 81.0, 1.0]
confusion_matrix [[90, 41, 157, 32, 79, 1], [34, 28, 233, 19, 85, 1], [59, 28, 208, 21, 83, 1], [63, 23, 197, 18, 99, 0], [54, 31, 210, 23, 81, 1], [92, 45, 152, 29, 81, 1]]
traning started for  2 epoch
epoch 2 loss: 1.25215768814
validation accuracy :  0.467916666667
validation class_total [1200.0, 1200.0, 1200.0, 1200.0, 1200.0, 1200.0]
validation class_correct [391.0, 686.0, 937.0, 711.0, 161.0, 483.0]
validation confusion_matrix [[391, 133, 2, 645, 8, 21], [78, 686, 40, 128, 95, 173], [0, 8, 937, 0, 70, 185], [413, 56, 3, 711, 10, 7], [3, 76, 603, 5, 161, 352], [4, 96, 438, 8, 171, 483]]
test accuracy :  0.1925
class_total [400.0, 400.0, 400.0, 400.0, 400.0, 400.0]
class_correct [59.0, 41.0, 144.0, 12.0, 68.0, 138.0]
confusion_matrix [[59, 203, 4, 77, 23, 34], [2, 41, 161, 1, 62, 133], [0, 15, 144, 0, 80, 161], [6, 94, 77, 12, 71, 140], [3, 29, 158, 1, 68, 141], [10, 63, 113, 7, 69, 138]]
traning started for  3 epoch
epoch 3 loss: 1.84225535393
validation accuracy :  0.708611111111
validation class_total [1200.0, 1200.0, 1200.0, 1200.0, 1200.0, 1200.0]
validation class_correct [328.0, 1085.0, 1080.0, 802.0, 894.0, 913.0]
validation confusion_matrix [[328, 36, 0, 726, 100, 10], [2, 1085, 0, 7, 7, 99], [0, 0, 1080, 0, 53, 67], [277, 5, 0, 802, 115, 1], [4, 1, 66, 14, 894, 221], [0, 85, 75, 3, 124, 913]]
test accuracy :  0.170416666667
class_total [400.0, 400.0, 400.0, 400.0, 400.0, 400.0]
class_correct [61.0, 0.0, 28.0, 16.0, 294.0, 10.0]
confusion_matrix [[61, 34, 0, 177, 111, 17], [5, 0, 18, 20, 320, 37], [0, 22, 28, 0, 52, 298], [3, 7, 9, 16, 228, 137], [2, 1, 49, 0, 294, 54], [1, 0, 21, 5, 363, 10]]
traning started for  4 epoch
epoch 4 loss: 0.07741355896
validation accuracy :  0.782361111111
validation class_total [1200.0, 1200.0, 1200.0, 1200.0, 1200.0, 1200.0]
validation class_correct [402.0, 1136.0, 1178.0, 671.0, 1083.0, 1163.0]
validation confusion_matrix [[402, 8, 0, 532, 251, 7], [0, 1136, 0, 2, 2, 60], [0, 2, 1178, 0, 3, 17], [360, 15, 0, 671, 145, 9], [0, 0, 53, 4, 1083, 60], [0, 10, 16, 0, 11, 1163]]
test accuracy :  0.0745833333333
class_total [400.0, 400.0, 400.0, 400.0, 400.0, 400.0]
class_correct [18.0, 1.0, 6.0, 6.0, 137.0, 11.0]
confusion_matrix [[18, 38, 0, 107, 163, 74], [1, 1, 62, 0, 201, 135], [0, 15, 6, 0, 3, 376], [0, 2, 12, 6, 151, 229], [0, 2, 15, 0, 137, 246], [0, 0, 37, 0, 352, 11]]
traning started for  5 epoch
epoch 5 loss: 0.0427827835083
validation accuracy :  0.852222222222
validation class_total [1200.0, 1200.0, 1200.0, 1200.0, 1200.0, 1200.0]
validation class_correct [627.0, 1166.0, 1180.0, 867.0, 1166.0, 1130.0]
validation confusion_matrix [[627, 0, 0, 567, 6, 0], [4, 1166, 0, 22, 3, 5], [0, 0, 1180, 0, 8, 12], [325, 1, 0, 867, 7, 0], [5, 0, 3, 22, 1166, 4], [0, 8, 5, 3, 54, 1130]]
test accuracy :  0.20125
class_total [400.0, 400.0, 400.0, 400.0, 400.0, 400.0]
class_correct [168.0, 1.0, 41.0, 30.0, 240.0, 3.0]
confusion_matrix [[168, 16, 0, 196, 16, 4], [4, 1, 19, 25, 317, 34], [0, 7, 41, 0, 48, 304], [2, 5, 0, 30, 213, 150], [3, 0, 7, 11, 240, 139], [2, 0, 4, 40, 351, 3]]
traning started for  6 epoch
epoch 6 loss: 1.73360586166
validation accuracy :  0.919583333333
validation class_total [1200.0, 1200.0, 1200.0, 1200.0, 1200.0, 1200.0]
validation class_correct [864.0, 1156.0, 1196.0, 1105.0, 1146.0, 1154.0]
validation confusion_matrix [[864, 0, 0, 254, 81, 1], [5, 1156, 0, 19, 3, 17], [0, 0, 1196, 0, 2, 2], [20, 0, 0, 1105, 75, 0], [0, 0, 41, 4, 1146, 9], [0, 3, 10, 10, 23, 1154]]
test accuracy :  0.187916666667
class_total [400.0, 400.0, 400.0, 400.0, 400.0, 400.0]
class_correct [33.0, 0.0, 141.0, 34.0, 240.0, 3.0]
confusion_matrix [[33, 5, 0, 342, 19, 1], [0, 0, 74, 16, 294, 16], [0, 7, 141, 6, 29, 217], [1, 0, 21, 34, 228, 116], [1, 1, 49, 10, 240, 99], [0, 0, 33, 2, 362, 3]]
traning started for  7 epoch
epoch 7 loss: 0.125179290771
validation accuracy :  0.967361111111
validation class_total [1200.0, 1200.0, 1200.0, 1200.0, 1200.0, 1200.0]
validation class_correct [1166.0, 1177.0, 1199.0, 1143.0, 1192.0, 1088.0]
validation confusion_matrix [[1166, 0, 0, 10, 24, 0], [6, 1177, 0, 4, 5, 8], [0, 0, 1199, 0, 1, 0], [23, 0, 4, 1143, 30, 0], [4, 0, 4, 0, 1192, 0], [0, 1, 11, 1, 99, 1088]]
test accuracy :  0.220416666667
class_total [400.0, 400.0, 400.0, 400.0, 400.0, 400.0]
class_correct [29.0, 0.0, 134.0, 22.0, 344.0, 0.0]
confusion_matrix [[29, 12, 29, 251, 73, 6], [4, 0, 22, 5, 362, 7], [0, 23, 134, 1, 92, 150], [8, 3, 16, 22, 269, 82], [3, 0, 30, 1, 344, 22], [1, 0, 18, 4, 377, 0]]
traning started for  8 epoch
epoch 8 loss: 0.000344276428223
validation accuracy :  0.970972222222
validation class_total [1200.0, 1200.0, 1200.0, 1200.0, 1200.0, 1200.0]
validation class_correct [1059.0, 1181.0, 1196.0, 1175.0, 1190.0, 1190.0]
validation confusion_matrix [[1059, 1, 0, 35, 105, 0], [0, 1181, 0, 1, 9, 9], [0, 0, 1196, 0, 2, 2], [0, 0, 2, 1175, 23, 0], [0, 0, 6, 2, 1190, 2], [0, 0, 0, 0, 10, 1190]]
test accuracy :  0.104166666667
class_total [400.0, 400.0, 400.0, 400.0, 400.0, 400.0]
class_correct [3.0, 0.0, 150.0, 9.0, 86.0, 2.0]
confusion_matrix [[3, 18, 10, 334, 20, 15], [0, 0, 41, 5, 286, 68], [0, 6, 150, 1, 9, 234], [0, 1, 9, 9, 146, 235], [0, 0, 93, 0, 86, 221], [0, 0, 21, 7, 370, 2]]
traning started for  9 epoch
epoch 9 loss: 0.00155735015869
validation accuracy :  0.974861111111
validation class_total [1200.0, 1200.0, 1200.0, 1200.0, 1200.0, 1200.0]
validation class_correct [1193.0, 1191.0, 1152.0, 1168.0, 1118.0, 1197.0]
validation confusion_matrix [[1193, 0, 0, 1, 4, 2], [0, 1191, 0, 0, 0, 9], [0, 0, 1152, 0, 0, 48], [12, 3, 2, 1168, 12, 3], [8, 0, 0, 0, 1118, 74], [0, 3, 0, 0, 0, 1197]]
test accuracy :  0.0658333333333
class_total [400.0, 400.0, 400.0, 400.0, 400.0, 400.0]
class_correct [32.0, 0.0, 29.0, 3.0, 71.0, 23.0]
confusion_matrix [[32, 53, 13, 230, 23, 49], [4, 0, 8, 1, 127, 260], [0, 30, 29, 0, 4, 337], [4, 1, 2, 3, 120, 270], [1, 2, 14, 0, 71, 312], [5, 0, 13, 15, 344, 23]]
traning started for  10 epoch
epoch 10 loss: 0.0101327896118
validation accuracy :  0.974305555556
validation class_total [1200.0, 1200.0, 1200.0, 1200.0, 1200.0, 1200.0]
validation class_correct [1195.0, 1175.0, 1195.0, 1196.0, 1058.0, 1196.0]
validation confusion_matrix [[1195, 0, 0, 2, 3, 0], [14, 1175, 1, 3, 0, 7], [0, 0, 1195, 1, 0, 4], [3, 0, 0, 1196, 0, 1], [6, 1, 85, 2, 1058, 48], [0, 0, 2, 0, 2, 1196]]
test accuracy :  0.0383333333333
class_total [400.0, 400.0, 400.0, 400.0, 400.0, 400.0]
class_correct [11.0, 0.0, 38.0, 8.0, 15.0, 20.0]
confusion_matrix [[11, 4, 1, 379, 4, 1], [2, 0, 103, 25, 126, 144], [0, 7, 38, 1, 0, 354], [7, 3, 5, 8, 77, 300], [0, 0, 13, 0, 15, 372], [2, 0, 58, 58, 262, 20]]
traning started for  11 epoch
epoch 11 loss: 0.0135440826416
validation accuracy :  0.980555555556
validation class_total [1200.0, 1200.0, 1200.0, 1200.0, 1200.0, 1200.0]
validation class_correct [1141.0, 1170.0, 1197.0, 1173.0, 1199.0, 1180.0]
validation confusion_matrix [[1141, 0, 0, 11, 48, 0], [11, 1170, 1, 0, 12, 6], [0, 0, 1197, 0, 3, 0], [4, 0, 1, 1173, 22, 0], [0, 0, 1, 0, 1199, 0], [0, 0, 8, 0, 12, 1180]]
test accuracy :  0.11125
class_total [400.0, 400.0, 400.0, 400.0, 400.0, 400.0]
class_correct [12.0, 0.0, 60.0, 4.0, 191.0, 0.0]
confusion_matrix [[12, 8, 2, 362, 14, 2], [0, 0, 48, 1, 312, 39], [0, 31, 60, 1, 34, 274], [2, 3, 3, 4, 281, 107], [0, 0, 23, 0, 191, 186], [0, 0, 24, 6, 370, 0]]
traning started for  12 epoch
epoch 12 loss: 0.000241279602051
validation accuracy :  0.994861111111
validation class_total [1200.0, 1200.0, 1200.0, 1200.0, 1200.0, 1200.0]
validation class_correct [1199.0, 1200.0, 1199.0, 1197.0, 1168.0, 1200.0]
validation confusion_matrix [[1199, 0, 0, 0, 1, 0], [0, 1200, 0, 0, 0, 0], [0, 0, 1199, 0, 0, 1], [1, 1, 1, 1197, 0, 0], [3, 0, 1, 0, 1168, 28], [0, 0, 0, 0, 0, 1200]]
test accuracy :  0.0829166666667
class_total [400.0, 400.0, 400.0, 400.0, 400.0, 400.0]
class_correct [15.0, 0.0, 96.0, 12.0, 65.0, 11.0]
confusion_matrix [[15, 50, 4, 323, 0, 8], [1, 0, 67, 4, 109, 219], [0, 13, 96, 1, 7, 283], [5, 3, 4, 12, 121, 255], [0, 0, 16, 0, 65, 319], [0, 0, 25, 35, 329, 11]]
traning started for  13 epoch
epoch 13 loss: 1.04904174805e-05
validation accuracy :  0.974722222222
validation class_total [1200.0, 1200.0, 1200.0, 1200.0, 1200.0, 1200.0]
validation class_correct [1172.0, 1199.0, 1175.0, 1178.0, 1094.0, 1200.0]
validation confusion_matrix [[1172, 12, 0, 0, 16, 0], [0, 1199, 0, 0, 0, 1], [0, 0, 1175, 1, 0, 24], [5, 3, 1, 1178, 11, 2], [0, 0, 4, 0, 1094, 102], [0, 0, 0, 0, 0, 1200]]
test accuracy :  0.0254166666667
class_total [400.0, 400.0, 400.0, 400.0, 400.0, 400.0]
class_correct [9.0, 0.0, 10.0, 3.0, 4.0, 35.0]
confusion_matrix [[9, 57, 10, 289, 20, 15], [0, 0, 29, 0, 113, 258], [0, 52, 10, 0, 1, 337], [1, 8, 2, 3, 51, 335], [1, 1, 2, 0, 4, 392], [0, 0, 27, 7, 331, 35]]
traning started for  14 epoch
epoch 14 loss: 7.05718994141e-05
validation accuracy :  0.997916666667
validation class_total [1200.0, 1200.0, 1200.0, 1200.0, 1200.0, 1200.0]
validation class_correct [1192.0, 1200.0, 1200.0, 1198.0, 1195.0, 1200.0]
validation confusion_matrix [[1192, 0, 0, 7, 1, 0], [0, 1200, 0, 0, 0, 0], [0, 0, 1200, 0, 0, 0], [1, 0, 0, 1198, 1, 0], [2, 0, 0, 0, 1195, 3], [0, 0, 0, 0, 0, 1200]]
test accuracy :  0.10875
class_total [400.0, 400.0, 400.0, 400.0, 400.0, 400.0]
class_correct [37.0, 0.0, 77.0, 15.0, 132.0, 0.0]
confusion_matrix [[37, 69, 1, 284, 5, 4], [0, 0, 63, 12, 212, 113], [0, 33, 77, 1, 7, 282], [8, 2, 11, 15, 165, 199], [3, 0, 18, 0, 132, 247], [1, 0, 17, 44, 338, 0]]
traning started for  15 epoch
epoch 15 loss: 0.0010404586792
validation accuracy :  0.994722222222
validation class_total [1200.0, 1200.0, 1200.0, 1200.0, 1200.0, 1200.0]
validation class_correct [1191.0, 1200.0, 1196.0, 1194.0, 1189.0, 1192.0]
validation confusion_matrix [[1191, 0, 0, 9, 0, 0], [0, 1200, 0, 0, 0, 0], [0, 0, 1196, 4, 0, 0], [4, 2, 0, 1194, 0, 0], [10, 0, 0, 0, 1189, 1], [0, 7, 0, 0, 1, 1192]]
test accuracy :  0.125
class_total [400.0, 400.0, 400.0, 400.0, 400.0, 400.0]
class_correct [25.0, 3.0, 124.0, 13.0, 135.0, 0.0]
confusion_matrix [[25, 94, 0, 280, 0, 1], [2, 3, 34, 23, 263, 75], [0, 96, 124, 10, 19, 151], [3, 10, 6, 13, 220, 148], [1, 5, 12, 3, 135, 244], [8, 0, 12, 57, 323, 0]]
traning started for  16 epoch
epoch 16 loss: 0.000670433044434
validation accuracy :  0.998611111111
validation class_total [1200.0, 1200.0, 1200.0, 1200.0, 1200.0, 1200.0]
validation class_correct [1200.0, 1199.0, 1200.0, 1197.0, 1194.0, 1200.0]
validation confusion_matrix [[1200, 0, 0, 0, 0, 0], [0, 1199, 0, 1, 0, 0], [0, 0, 1200, 0, 0, 0], [2, 0, 0, 1197, 1, 0], [1, 0, 1, 0, 1194, 4], [0, 0, 0, 0, 0, 1200]]
test accuracy :  0.12875
class_total [400.0, 400.0, 400.0, 400.0, 400.0, 400.0]
class_correct [26.0, 0.0, 152.0, 21.0, 103.0, 7.0]
confusion_matrix [[26, 24, 2, 347, 0, 1], [5, 0, 52, 44, 226, 73], [0, 66, 152, 12, 7, 163], [8, 3, 9, 21, 229, 130], [2, 1, 26, 2, 103, 266], [5, 0, 27, 61, 300, 7]]
traning started for  17 epoch
epoch 17 loss: 0.000158309936523
validation accuracy :  0.996666666667
validation class_total [1200.0, 1200.0, 1200.0, 1200.0, 1200.0, 1200.0]
validation class_correct [1192.0, 1189.0, 1200.0, 1199.0, 1198.0, 1198.0]
validation confusion_matrix [[1192, 0, 0, 7, 1, 0], [6, 1189, 0, 4, 0, 1], [0, 0, 1200, 0, 0, 0], [0, 0, 0, 1199, 1, 0], [0, 0, 1, 1, 1198, 0], [0, 0, 0, 0, 2, 1198]]
test accuracy :  0.166666666667
class_total [400.0, 400.0, 400.0, 400.0, 400.0, 400.0]
class_correct [16.0, 0.0, 154.0, 21.0, 209.0, 0.0]
confusion_matrix [[16, 15, 1, 362, 3, 3], [0, 0, 73, 20, 237, 70], [0, 19, 154, 10, 46, 171], [3, 2, 5, 21, 217, 152], [0, 0, 28, 1, 209, 162], [0, 0, 32, 70, 298, 0]]
traning started for  18 epoch
epoch 18 loss: 0.000298500061035
validation accuracy :  0.999583333333
validation class_total [1200.0, 1200.0, 1200.0, 1200.0, 1200.0, 1200.0]
validation class_correct [1200.0, 1200.0, 1200.0, 1198.0, 1199.0, 1200.0]
validation confusion_matrix [[1200, 0, 0, 0, 0, 0], [0, 1200, 0, 0, 0, 0], [0, 0, 1200, 0, 0, 0], [2, 0, 0, 1198, 0, 0], [1, 0, 0, 0, 1199, 0], [0, 0, 0, 0, 0, 1200]]
test accuracy :  0.1025
class_total [400.0, 400.0, 400.0, 400.0, 400.0, 400.0]
class_correct [21.0, 0.0, 89.0, 4.0, 132.0, 0.0]
confusion_matrix [[21, 59, 1, 316, 0, 3], [8, 0, 49, 14, 258, 71], [0, 48, 89, 2, 18, 243], [14, 4, 5, 4, 209, 164], [1, 6, 8, 1, 132, 252], [0, 0, 22, 15, 363, 0]]
traning started for  19 epoch
epoch 19 loss: 0.000367164611816
validation accuracy :  0.994027777778
validation class_total [1200.0, 1200.0, 1200.0, 1200.0, 1200.0, 1200.0]
validation class_correct [1182.0, 1198.0, 1199.0, 1199.0, 1200.0, 1179.0]
validation confusion_matrix [[1182, 0, 0, 6, 12, 0], [0, 1198, 0, 0, 2, 0], [0, 0, 1199, 0, 1, 0], [0, 0, 0, 1199, 1, 0], [0, 0, 0, 0, 1200, 0], [0, 0, 0, 0, 21, 1179]]
test accuracy :  0.10875
class_total [400.0, 400.0, 400.0, 400.0, 400.0, 400.0]
class_correct [12.0, 0.0, 104.0, 11.0, 134.0, 0.0]
confusion_matrix [[12, 37, 1, 346, 1, 3], [1, 0, 42, 18, 305, 34], [0, 68, 104, 2, 14, 212], [9, 5, 9, 11, 235, 131], [0, 6, 10, 2, 134, 248], [0, 0, 11, 25, 364, 0]]
traning started for  20 epoch
epoch 20 loss: 0.00035285949707
validation accuracy :  0.999166666667
validation class_total [1200.0, 1200.0, 1200.0, 1200.0, 1200.0, 1200.0]
validation class_correct [1200.0, 1197.0, 1200.0, 1198.0, 1200.0, 1199.0]
validation confusion_matrix [[1200, 0, 0, 0, 0, 0], [2, 1197, 0, 1, 0, 0], [0, 0, 1200, 0, 0, 0], [2, 0, 0, 1198, 0, 0], [0, 0, 0, 0, 1200, 0], [0, 0, 0, 0, 1, 1199]]
test accuracy :  0.120416666667
class_total [400.0, 400.0, 400.0, 400.0, 400.0, 400.0]
class_correct [9.0, 0.0, 76.0, 10.0, 192.0, 2.0]
confusion_matrix [[9, 22, 2, 366, 0, 1], [0, 0, 20, 25, 240, 115], [0, 108, 76, 25, 32, 159], [6, 1, 7, 10, 208, 168], [0, 7, 16, 4, 192, 181], [2, 0, 13, 56, 327, 2]]
traning started for  21 epoch
epoch 21 loss: 0.000300407409668
validation accuracy :  0.997361111111
validation class_total [1200.0, 1200.0, 1200.0, 1200.0, 1200.0, 1200.0]
validation class_correct [1195.0, 1196.0, 1200.0, 1195.0, 1196.0, 1199.0]
validation confusion_matrix [[1195, 0, 0, 0, 5, 0], [0, 1196, 0, 1, 0, 3], [0, 0, 1200, 0, 0, 0], [2, 0, 1, 1195, 2, 0], [0, 0, 1, 1, 1196, 2], [0, 0, 1, 0, 0, 1199]]
test accuracy :  0.06375
class_total [400.0, 400.0, 400.0, 400.0, 400.0, 400.0]
class_correct [21.0, 0.0, 53.0, 1.0, 78.0, 0.0]
confusion_matrix [[21, 15, 3, 343, 12, 6], [0, 0, 56, 2, 228, 114], [0, 42, 53, 1, 8, 296], [0, 0, 13, 1, 171, 215], [0, 1, 26, 0, 78, 295], [0, 0, 27, 41, 332, 0]]
traning started for  22 epoch
epoch 22 loss: 0.00461769104004
validation accuracy :  0.972222222222
validation class_total [1200.0, 1200.0, 1200.0, 1200.0, 1200.0, 1200.0]
validation class_correct [1193.0, 1167.0, 1186.0, 1193.0, 1200.0, 1061.0]
validation confusion_matrix [[1193, 0, 0, 1, 6, 0], [30, 1167, 0, 1, 2, 0], [0, 0, 1186, 0, 14, 0], [2, 0, 0, 1193, 5, 0], [0, 0, 0, 0, 1200, 0], [0, 0, 0, 0, 139, 1061]]
test accuracy :  0.182083333333
class_total [400.0, 400.0, 400.0, 400.0, 400.0, 400.0]
class_correct [47.0, 0.0, 61.0, 0.0, 329.0, 0.0]
confusion_matrix [[47, 10, 0, 315, 28, 0], [2, 0, 10, 3, 384, 1], [0, 65, 61, 10, 149, 115], [7, 1, 0, 0, 367, 25], [1, 1, 7, 2, 329, 60], [0, 0, 2, 8, 390, 0]]
traning started for  23 epoch
epoch 23 loss: 1.90734863281e-06
validation accuracy :  0.999444444444
validation class_total [1200.0, 1200.0, 1200.0, 1200.0, 1200.0, 1200.0]
validation class_correct [1200.0, 1199.0, 1200.0, 1200.0, 1198.0, 1199.0]
validation confusion_matrix [[1200, 0, 0, 0, 0, 0], [0, 1199, 0, 1, 0, 0], [0, 0, 1200, 0, 0, 0], [0, 0, 0, 1200, 0, 0], [1, 0, 0, 0, 1198, 1], [0, 0, 0, 0, 1, 1199]]
test accuracy :  0.08
class_total [400.0, 400.0, 400.0, 400.0, 400.0, 400.0]
class_correct [12.0, 0.0, 75.0, 10.0, 95.0, 0.0]
confusion_matrix [[12, 36, 4, 346, 0, 2], [1, 0, 65, 18, 253, 63], [0, 82, 75, 4, 19, 220], [8, 1, 11, 10, 179, 191], [0, 4, 41, 1, 95, 259], [0, 0, 35, 45, 320, 0]]
traning started for  24 epoch
epoch 24 loss: 0.0117044448853
validation accuracy :  0.997222222222
validation class_total [1200.0, 1200.0, 1200.0, 1200.0, 1200.0, 1200.0]
validation class_correct [1200.0, 1197.0, 1193.0, 1197.0, 1195.0, 1198.0]
validation confusion_matrix [[1200, 0, 0, 0, 0, 0], [1, 1197, 0, 2, 0, 0], [0, 0, 1193, 1, 6, 0], [2, 0, 0, 1197, 1, 0], [1, 0, 0, 0, 1195, 4], [0, 2, 0, 0, 0, 1198]]
test accuracy :  0.114583333333
class_total [400.0, 400.0, 400.0, 400.0, 400.0, 400.0]
class_correct [28.0, 1.0, 27.0, 7.0, 209.0, 3.0]
confusion_matrix [[28, 32, 0, 338, 1, 1], [8, 1, 14, 33, 285, 59], [0, 48, 27, 1, 62, 262], [7, 2, 0, 7, 238, 146], [0, 0, 1, 0, 209, 190], [8, 0, 5, 17, 367, 3]]
traning started for  25 epoch
epoch 25 loss: 2.86102294922e-05
validation accuracy :  0.999722222222
validation class_total [1200.0, 1200.0, 1200.0, 1200.0, 1200.0, 1200.0]
validation class_correct [1200.0, 1200.0, 1199.0, 1200.0, 1200.0, 1199.0]
validation confusion_matrix [[1200, 0, 0, 0, 0, 0], [0, 1200, 0, 0, 0, 0], [0, 0, 1199, 0, 1, 0], [0, 0, 0, 1200, 0, 0], [0, 0, 0, 0, 1200, 0], [0, 1, 0, 0, 0, 1199]]
test accuracy :  0.0991666666667
class_total [400.0, 400.0, 400.0, 400.0, 400.0, 400.0]
class_correct [13.0, 0.0, 60.0, 11.0, 154.0, 0.0]
confusion_matrix [[13, 35, 0, 348, 1, 3], [2, 0, 35, 9, 274, 80], [0, 120, 60, 5, 19, 196], [9, 5, 2, 11, 217, 156], [1, 5, 24, 0, 154, 216], [1, 0, 11, 37, 351, 0]]
traning started for  26 epoch
epoch 26 loss: 3.33786010742e-05
validation accuracy :  0.996805555556
validation class_total [1200.0, 1200.0, 1200.0, 1200.0, 1200.0, 1200.0]
validation class_correct [1200.0, 1200.0, 1190.0, 1198.0, 1190.0, 1199.0]
validation confusion_matrix [[1200, 0, 0, 0, 0, 0], [0, 1200, 0, 0, 0, 0], [0, 0, 1190, 5, 2, 3], [2, 0, 0, 1198, 0, 0], [10, 0, 0, 0, 1190, 0], [0, 1, 0, 0, 0, 1199]]
test accuracy :  0.0945833333333
class_total [400.0, 400.0, 400.0, 400.0, 400.0, 400.0]
class_correct [30.0, 3.0, 45.0, 20.0, 127.0, 2.0]
confusion_matrix [[30, 38, 0, 332, 0, 0], [6, 3, 21, 36, 236, 98], [0, 130, 45, 7, 19, 199], [15, 10, 2, 20, 155, 198], [1, 16, 24, 8, 127, 224], [31, 1, 3, 86, 277, 2]]
traning started for  27 epoch
epoch 27 loss: 4.48226928711e-05
validation accuracy :  0.998611111111
validation class_total [1200.0, 1200.0, 1200.0, 1200.0, 1200.0, 1200.0]
validation class_correct [1200.0, 1199.0, 1193.0, 1199.0, 1199.0, 1200.0]
validation confusion_matrix [[1200, 0, 0, 0, 0, 0], [0, 1199, 0, 0, 0, 1], [0, 0, 1193, 0, 6, 1], [1, 0, 0, 1199, 0, 0], [0, 0, 0, 0, 1199, 1], [0, 0, 0, 0, 0, 1200]]
test accuracy :  0.1425
class_total [400.0, 400.0, 400.0, 400.0, 400.0, 400.0]
class_correct [34.0, 0.0, 46.0, 11.0, 251.0, 0.0]
confusion_matrix [[34, 38, 0, 323, 3, 2], [10, 0, 18, 13, 298, 61], [0, 98, 46, 6, 38, 212], [8, 4, 1, 11, 205, 171], [4, 4, 9, 4, 251, 128], [5, 0, 1, 26, 368, 0]]
traning started for  28 epoch
epoch 28 loss: 0.00588607788086
validation accuracy :  0.995972222222
validation class_total [1200.0, 1200.0, 1200.0, 1200.0, 1200.0, 1200.0]
validation class_correct [1198.0, 1200.0, 1197.0, 1191.0, 1191.0, 1194.0]
validation confusion_matrix [[1198, 2, 0, 0, 0, 0], [0, 1200, 0, 0, 0, 0], [0, 0, 1197, 1, 0, 2], [8, 1, 0, 1191, 0, 0], [8, 0, 0, 0, 1191, 1], [0, 6, 0, 0, 0, 1194]]
test accuracy :  0.12375
class_total [400.0, 400.0, 400.0, 400.0, 400.0, 400.0]
class_correct [43.0, 3.0, 72.0, 10.0, 167.0, 2.0]
confusion_matrix [[43, 50, 0, 306, 0, 1], [8, 3, 22, 12, 270, 85], [0, 155, 72, 11, 25, 137], [11, 10, 2, 10, 181, 186], [2, 21, 28, 4, 167, 178], [33, 0, 6, 50, 309, 2]]
traning started for  29 epoch
epoch 29 loss: 0.000486373901367
validation accuracy :  0.999583333333
validation class_total [1200.0, 1200.0, 1200.0, 1200.0, 1200.0, 1200.0]
validation class_correct [1199.0, 1200.0, 1200.0, 1200.0, 1199.0, 1199.0]
validation confusion_matrix [[1199, 1, 0, 0, 0, 0], [0, 1200, 0, 0, 0, 0], [0, 0, 1200, 0, 0, 0], [0, 0, 0, 1200, 0, 0], [0, 0, 0, 0, 1199, 1], [0, 1, 0, 0, 0, 1199]]
test accuracy :  0.109583333333
class_total [400.0, 400.0, 400.0, 400.0, 400.0, 400.0]
class_correct [9.0, 0.0, 173.0, 15.0, 66.0, 0.0]
confusion_matrix [[9, 16, 4, 365, 2, 4], [3, 0, 80, 20, 218, 79], [0, 80, 173, 4, 2, 141], [7, 4, 22, 15, 94, 258], [0, 3, 80, 4, 66, 247], [1, 0, 19, 33, 347, 0]]
traning started for  30 epoch
epoch 30 loss: 0.000223159790039
validation accuracy :  1.0
validation class_total [1200.0, 1200.0, 1200.0, 1200.0, 1200.0, 1200.0]
validation class_correct [1200.0, 1200.0, 1200.0, 1200.0, 1200.0, 1200.0]
validation confusion_matrix [[1200, 0, 0, 0, 0, 0], [0, 1200, 0, 0, 0, 0], [0, 0, 1200, 0, 0, 0], [0, 0, 0, 1200, 0, 0], [0, 0, 0, 0, 1200, 0], [0, 0, 0, 0, 0, 1200]]
test accuracy :  0.125416666667
class_total [400.0, 400.0, 400.0, 400.0, 400.0, 400.0]
class_correct [5.0, 0.0, 180.0, 9.0, 107.0, 0.0]
confusion_matrix [[5, 17, 3, 371, 3, 1], [1, 0, 48, 26, 283, 42], [0, 55, 180, 3, 8, 154], [1, 4, 10, 9, 179, 197], [0, 4, 68, 2, 107, 219], [1, 0, 11, 27, 361, 0]]
traning started for  31 epoch
epoch 31 loss: 0.00375175476074
validation accuracy :  0.999861111111
validation class_total [1200.0, 1200.0, 1200.0, 1200.0, 1200.0, 1200.0]
validation class_correct [1200.0, 1200.0, 1199.0, 1200.0, 1200.0, 1200.0]
validation confusion_matrix [[1200, 0, 0, 0, 0, 0], [0, 1200, 0, 0, 0, 0], [0, 0, 1199, 1, 0, 0], [0, 0, 0, 1200, 0, 0], [0, 0, 0, 0, 1200, 0], [0, 0, 0, 0, 0, 1200]]
test accuracy :  0.105416666667
class_total [400.0, 400.0, 400.0, 400.0, 400.0, 400.0]
class_correct [12.0, 0.0, 112.0, 7.0, 122.0, 0.0]
confusion_matrix [[12, 43, 3, 339, 1, 2], [5, 0, 45, 21, 258, 71], [0, 63, 112, 3, 10, 212], [5, 5, 6, 7, 147, 230], [0, 1, 51, 1, 122, 225], [1, 0, 20, 27, 352, 0]]
traning started for  32 epoch
epoch 32 loss: 1.90734863281e-06
validation accuracy :  1.0
validation class_total [1200.0, 1200.0, 1200.0, 1200.0, 1200.0, 1200.0]
validation class_correct [1200.0, 1200.0, 1200.0, 1200.0, 1200.0, 1200.0]
validation confusion_matrix [[1200, 0, 0, 0, 0, 0], [0, 1200, 0, 0, 0, 0], [0, 0, 1200, 0, 0, 0], [0, 0, 0, 1200, 0, 0], [0, 0, 0, 0, 1200, 0], [0, 0, 0, 0, 0, 1200]]
test accuracy :  0.104583333333
class_total [400.0, 400.0, 400.0, 400.0, 400.0, 400.0]
class_correct [7.0, 0.0, 105.0, 6.0, 133.0, 0.0]
confusion_matrix [[7, 35, 1, 352, 4, 1], [1, 0, 38, 17, 285, 59], [0, 55, 105, 2, 13, 225], [3, 5, 4, 6, 168, 214], [0, 1, 42, 1, 133, 223], [0, 0, 16, 26, 358, 0]]
traning started for  33 epoch
epoch 33 loss: 2.28881835938e-05
validation accuracy :  1.0
validation class_total [1200.0, 1200.0, 1200.0, 1200.0, 1200.0, 1200.0]
validation class_correct [1200.0, 1200.0, 1200.0, 1200.0, 1200.0, 1200.0]
validation confusion_matrix [[1200, 0, 0, 0, 0, 0], [0, 1200, 0, 0, 0, 0], [0, 0, 1200, 0, 0, 0], [0, 0, 0, 1200, 0, 0], [0, 0, 0, 0, 1200, 0], [0, 0, 0, 0, 0, 1200]]
test accuracy :  0.14625
class_total [400.0, 400.0, 400.0, 400.0, 400.0, 400.0]
class_correct [6.0, 0.0, 180.0, 11.0, 154.0, 0.0]
confusion_matrix [[6, 21, 2, 368, 1, 2], [3, 0, 59, 28, 267, 43], [0, 62, 180, 2, 15, 141], [6, 3, 8, 11, 182, 190], [0, 1, 79, 0, 154, 166], [0, 0, 25, 39, 336, 0]]
traning started for  34 epoch
epoch 34 loss: 0.000214576721191
validation accuracy :  0.999583333333
validation class_total [1200.0, 1200.0, 1200.0, 1200.0, 1200.0, 1200.0]
validation class_correct [1200.0, 1198.0, 1200.0, 1199.0, 1200.0, 1200.0]
validation confusion_matrix [[1200, 0, 0, 0, 0, 0], [0, 1198, 0, 1, 1, 0], [0, 0, 1200, 0, 0, 0], [0, 0, 1, 1199, 0, 0], [0, 0, 0, 0, 1200, 0], [0, 0, 0, 0, 0, 1200]]
test accuracy :  0.156666666667
class_total [400.0, 400.0, 400.0, 400.0, 400.0, 400.0]
class_correct [1.0, 0.0, 207.0, 8.0, 160.0, 0.0]
confusion_matrix [[1, 14, 7, 372, 3, 3], [2, 0, 57, 20, 286, 35], [0, 33, 207, 3, 14, 143], [1, 2, 14, 8, 210, 165], [0, 0, 82, 1, 160, 157], [0, 0, 19, 18, 363, 0]]
traning started for  35 epoch
epoch 35 loss: 9.25064086914e-05
validation accuracy :  0.994722222222
validation class_total [1200.0, 1200.0, 1200.0, 1200.0, 1200.0, 1200.0]
validation class_correct [1183.0, 1197.0, 1200.0, 1183.0, 1200.0, 1199.0]
validation confusion_matrix [[1183, 0, 0, 0, 17, 0], [0, 1197, 0, 1, 0, 2], [0, 0, 1200, 0, 0, 0], [0, 0, 12, 1183, 5, 0], [0, 0, 0, 0, 1200, 0], [0, 1, 0, 0, 0, 1199]]
test accuracy :  0.104166666667
class_total [400.0, 400.0, 400.0, 400.0, 400.0, 400.0]
class_correct [2.0, 0.0, 119.0, 0.0, 129.0, 0.0]
confusion_matrix [[2, 28, 16, 343, 8, 3], [1, 0, 71, 3, 310, 15], [0, 47, 119, 1, 13, 220], [0, 1, 17, 0, 154, 228], [0, 0, 82, 1, 129, 188], [1, 0, 11, 13, 375, 0]]
traning started for  36 epoch
epoch 36 loss: 0.000109672546387
validation accuracy :  0.987361111111
validation class_total [1200.0, 1200.0, 1200.0, 1200.0, 1200.0, 1200.0]
validation class_correct [1195.0, 1195.0, 1197.0, 1198.0, 1176.0, 1148.0]
validation confusion_matrix [[1195, 0, 0, 4, 0, 1], [5, 1195, 0, 0, 0, 0], [0, 1, 1197, 2, 0, 0], [0, 1, 1, 1198, 0, 0], [7, 0, 16, 1, 1176, 0], [0, 43, 9, 0, 0, 1148]]
test accuracy :  0.0966666666667
class_total [400.0, 400.0, 400.0, 400.0, 400.0, 400.0]
class_correct [2.0, 3.0, 147.0, 18.0, 60.0, 2.0]
confusion_matrix [[2, 25, 8, 363, 1, 1], [7, 3, 139, 45, 179, 27], [1, 179, 147, 27, 3, 43], [7, 26, 64, 18, 88, 197], [1, 28, 171, 26, 60, 114], [6, 0, 16, 43, 333, 2]]
traning started for  37 epoch
epoch 37 loss: 1.90734863281e-06
validation accuracy :  1.0
validation class_total [1200.0, 1200.0, 1200.0, 1200.0, 1200.0, 1200.0]
validation class_correct [1200.0, 1200.0, 1200.0, 1200.0, 1200.0, 1200.0]
validation confusion_matrix [[1200, 0, 0, 0, 0, 0], [0, 1200, 0, 0, 0, 0], [0, 0, 1200, 0, 0, 0], [0, 0, 0, 1200, 0, 0], [0, 0, 0, 0, 1200, 0], [0, 0, 0, 0, 0, 1200]]
test accuracy :  0.0895833333333
class_total [400.0, 400.0, 400.0, 400.0, 400.0, 400.0]
class_correct [5.0, 0.0, 111.0, 12.0, 86.0, 1.0]
confusion_matrix [[5, 13, 3, 376, 1, 2], [2, 0, 85, 24, 223, 66], [0, 51, 111, 3, 3, 232], [6, 7, 19, 12, 97, 259], [0, 5, 114, 12, 86, 183], [0, 0, 17, 33, 349, 1]]
traning started for  38 epoch
epoch 38 loss: 6.67572021484e-06
validation accuracy :  0.999583333333
validation class_total [1200.0, 1200.0, 1200.0, 1200.0, 1200.0, 1200.0]
validation class_correct [1199.0, 1200.0, 1199.0, 1199.0, 1200.0, 1200.0]
validation confusion_matrix [[1199, 1, 0, 0, 0, 0], [0, 1200, 0, 0, 0, 0], [0, 0, 1199, 1, 0, 0], [0, 0, 0, 1199, 1, 0], [0, 0, 0, 0, 1200, 0], [0, 0, 0, 0, 0, 1200]]
test accuracy :  0.112083333333
class_total [400.0, 400.0, 400.0, 400.0, 400.0, 400.0]
class_correct [8.0, 0.0, 125.0, 8.0, 127.0, 1.0]
confusion_matrix [[8, 28, 6, 352, 2, 4], [4, 0, 58, 18, 285, 35], [0, 88, 125, 4, 9, 174], [6, 11, 14, 8, 181, 180], [0, 5, 117, 12, 127, 139], [0, 0, 15, 38, 346, 1]]
traning started for  39 epoch
epoch 39 loss: 0.000255584716797
validation accuracy :  0.999305555556
validation class_total [1200.0, 1200.0, 1200.0, 1200.0, 1200.0, 1200.0]
validation class_correct [1198.0, 1200.0, 1200.0, 1198.0, 1200.0, 1199.0]
validation confusion_matrix [[1198, 0, 0, 2, 0, 0], [0, 1200, 0, 0, 0, 0], [0, 0, 1200, 0, 0, 0], [2, 0, 0, 1198, 0, 0], [0, 0, 0, 0, 1200, 0], [0, 0, 0, 0, 1, 1199]]
test accuracy :  0.0958333333333
class_total [400.0, 400.0, 400.0, 400.0, 400.0, 400.0]
class_correct [30.0, 1.0, 55.0, 12.0, 131.0, 1.0]
confusion_matrix [[30, 28, 1, 337, 2, 2], [18, 1, 37, 58, 232, 54], [0, 86, 55, 7, 15, 237], [13, 13, 2, 12, 136, 224], [5, 13, 29, 15, 131, 207], [0, 0, 19, 63, 317, 1]]
traning started for  40 epoch
epoch 40 loss: 7.43865966797e-05
validation accuracy :  1.0
validation class_total [1200.0, 1200.0, 1200.0, 1200.0, 1200.0, 1200.0]
validation class_correct [1200.0, 1200.0, 1200.0, 1200.0, 1200.0, 1200.0]
validation confusion_matrix [[1200, 0, 0, 0, 0, 0], [0, 1200, 0, 0, 0, 0], [0, 0, 1200, 0, 0, 0], [0, 0, 0, 1200, 0, 0], [0, 0, 0, 0, 1200, 0], [0, 0, 0, 0, 0, 1200]]
test accuracy :  0.10625
class_total [400.0, 400.0, 400.0, 400.0, 400.0, 400.0]
class_correct [10.0, 1.0, 90.0, 10.0, 143.0, 1.0]
confusion_matrix [[10, 29, 2, 357, 0, 2], [6, 1, 46, 43, 255, 49], [0, 38, 90, 2, 25, 245], [6, 6, 4, 10, 159, 215], [0, 1, 46, 5, 143, 205], [0, 0, 18, 50, 331, 1]]
traning started for  41 epoch
epoch 41 loss: 1.14440917969e-05
validation accuracy :  0.999722222222
validation class_total [1200.0, 1200.0, 1200.0, 1200.0, 1200.0, 1200.0]
validation class_correct [1200.0, 1200.0, 1199.0, 1200.0, 1199.0, 1200.0]
validation confusion_matrix [[1200, 0, 0, 0, 0, 0], [0, 1200, 0, 0, 0, 0], [0, 0, 1199, 1, 0, 0], [0, 0, 0, 1200, 0, 0], [1, 0, 0, 0, 1199, 0], [0, 0, 0, 0, 0, 1200]]
test accuracy :  0.105416666667
class_total [400.0, 400.0, 400.0, 400.0, 400.0, 400.0]
class_correct [9.0, 0.0, 92.0, 6.0, 146.0, 0.0]
confusion_matrix [[9, 37, 3, 346, 1, 4], [6, 0, 47, 29, 273, 45], [0, 35, 92, 1, 25, 247], [3, 5, 3, 6, 166, 217], [0, 2, 38, 3, 146, 211], [0, 0, 22, 41, 337, 0]]
traning started for  42 epoch
epoch 42 loss: 0.000404357910156
validation accuracy :  0.999861111111
validation class_total [1200.0, 1200.0, 1200.0, 1200.0, 1200.0, 1200.0]
validation class_correct [1200.0, 1200.0, 1200.0, 1200.0, 1200.0, 1199.0]
validation confusion_matrix [[1200, 0, 0, 0, 0, 0], [0, 1200, 0, 0, 0, 0], [0, 0, 1200, 0, 0, 0], [0, 0, 0, 1200, 0, 0], [0, 0, 0, 0, 1200, 0], [0, 1, 0, 0, 0, 1199]]
test accuracy :  0.1075
class_total [400.0, 400.0, 400.0, 400.0, 400.0, 400.0]
class_correct [11.0, 0.0, 95.0, 8.0, 144.0, 0.0]
confusion_matrix [[11, 33, 0, 355, 0, 1], [5, 0, 49, 48, 256, 42], [0, 53, 95, 4, 26, 222], [7, 6, 5, 8, 170, 204], [0, 3, 49, 4, 144, 200], [0, 0, 20, 50, 330, 0]]
traning started for  43 epoch
epoch 43 loss: 3.81469726562e-06
validation accuracy :  0.999861111111
validation class_total [1200.0, 1200.0, 1200.0, 1200.0, 1200.0, 1200.0]
validation class_correct [1200.0, 1200.0, 1200.0, 1200.0, 1199.0, 1200.0]
validation confusion_matrix [[1200, 0, 0, 0, 0, 0], [0, 1200, 0, 0, 0, 0], [0, 0, 1200, 0, 0, 0], [0, 0, 0, 1200, 0, 0], [0, 0, 0, 1, 1199, 0], [0, 0, 0, 0, 0, 1200]]
test accuracy :  0.08875
class_total [400.0, 400.0, 400.0, 400.0, 400.0, 400.0]
class_correct [7.0, 0.0, 86.0, 9.0, 110.0, 1.0]
confusion_matrix [[7, 36, 1, 352, 1, 3], [8, 0, 50, 50, 217, 75], [0, 52, 86, 3, 18, 241], [7, 9, 5, 9, 117, 253], [1, 4, 37, 11, 110, 237], [0, 0, 24, 60, 315, 1]]
traning started for  44 epoch
epoch 44 loss: 5.6266784668e-05
validation accuracy :  0.999861111111
validation class_total [1200.0, 1200.0, 1200.0, 1200.0, 1200.0, 1200.0]
validation class_correct [1200.0, 1200.0, 1200.0, 1200.0, 1199.0, 1200.0]
validation confusion_matrix [[1200, 0, 0, 0, 0, 0], [0, 1200, 0, 0, 0, 0], [0, 0, 1200, 0, 0, 0], [0, 0, 0, 1200, 0, 0], [0, 0, 0, 1, 1199, 0], [0, 0, 0, 0, 0, 1200]]
test accuracy :  0.0966666666667
class_total [400.0, 400.0, 400.0, 400.0, 400.0, 400.0]
class_correct [9.0, 0.0, 91.0, 7.0, 125.0, 0.0]
confusion_matrix [[9, 33, 1, 353, 1, 3], [6, 0, 48, 30, 254, 62], [0, 50, 91, 2, 18, 239], [8, 8, 4, 7, 134, 239], [0, 3, 37, 6, 125, 229], [0, 0, 16, 43, 341, 0]]
traning started for  45 epoch
epoch 45 loss: 0.00275230407715
validation accuracy :  1.0
validation class_total [1200.0, 1200.0, 1200.0, 1200.0, 1200.0, 1200.0]
validation class_correct [1200.0, 1200.0, 1200.0, 1200.0, 1200.0, 1200.0]
validation confusion_matrix [[1200, 0, 0, 0, 0, 0], [0, 1200, 0, 0, 0, 0], [0, 0, 1200, 0, 0, 0], [0, 0, 0, 1200, 0, 0], [0, 0, 0, 0, 1200, 0], [0, 0, 0, 0, 0, 1200]]
test accuracy :  0.124583333333
class_total [400.0, 400.0, 400.0, 400.0, 400.0, 400.0]
class_correct [9.0, 0.0, 113.0, 9.0, 168.0, 0.0]
confusion_matrix [[9, 32, 2, 354, 0, 3], [7, 0, 50, 37, 272, 34], [0, 67, 113, 2, 28, 190], [7, 9, 5, 9, 180, 190], [1, 2, 46, 10, 168, 173], [0, 0, 14, 51, 335, 0]]
traning started for  46 epoch
epoch 46 loss: 0.0
validation accuracy :  1.0
validation class_total [1200.0, 1200.0, 1200.0, 1200.0, 1200.0, 1200.0]
validation class_correct [1200.0, 1200.0, 1200.0, 1200.0, 1200.0, 1200.0]
validation confusion_matrix [[1200, 0, 0, 0, 0, 0], [0, 1200, 0, 0, 0, 0], [0, 0, 1200, 0, 0, 0], [0, 0, 0, 1200, 0, 0], [0, 0, 0, 0, 1200, 0], [0, 0, 0, 0, 0, 1200]]
test accuracy :  0.115416666667
class_total [400.0, 400.0, 400.0, 400.0, 400.0, 400.0]
class_correct [21.0, 0.0, 84.0, 3.0, 169.0, 0.0]
confusion_matrix [[21, 54, 2, 315, 5, 3], [8, 0, 26, 12, 284, 70], [0, 47, 84, 2, 28, 239], [9, 5, 2, 3, 168, 213], [1, 3, 20, 4, 169, 203], [0, 0, 7, 37, 356, 0]]
traning started for  47 epoch
epoch 47 loss: 0.0
validation accuracy :  1.0
validation class_total [1200.0, 1200.0, 1200.0, 1200.0, 1200.0, 1200.0]
validation class_correct [1200.0, 1200.0, 1200.0, 1200.0, 1200.0, 1200.0]
validation confusion_matrix [[1200, 0, 0, 0, 0, 0], [0, 1200, 0, 0, 0, 0], [0, 0, 1200, 0, 0, 0], [0, 0, 0, 1200, 0, 0], [0, 0, 0, 0, 1200, 0], [0, 0, 0, 0, 0, 1200]]
test accuracy :  0.137916666667
class_total [400.0, 400.0, 400.0, 400.0, 400.0, 400.0]
class_correct [5.0, 0.0, 156.0, 7.0, 163.0, 0.0]
confusion_matrix [[5, 24, 5, 362, 1, 3], [2, 0, 71, 30, 265, 32], [0, 50, 156, 2, 21, 171], [7, 4, 8, 7, 171, 203], [0, 1, 57, 12, 163, 167], [0, 0, 18, 50, 332, 0]]
traning started for  48 epoch
epoch 48 loss: 7.15255737305e-05
validation accuracy :  0.999861111111
validation class_total [1200.0, 1200.0, 1200.0, 1200.0, 1200.0, 1200.0]
validation class_correct [1200.0, 1199.0, 1200.0, 1200.0, 1200.0, 1200.0]
validation confusion_matrix [[1200, 0, 0, 0, 0, 0], [0, 1199, 0, 1, 0, 0], [0, 0, 1200, 0, 0, 0], [0, 0, 0, 1200, 0, 0], [0, 0, 0, 0, 1200, 0], [0, 0, 0, 0, 0, 1200]]
test accuracy :  0.126666666667
class_total [400.0, 400.0, 400.0, 400.0, 400.0, 400.0]
class_correct [8.0, 0.0, 130.0, 7.0, 159.0, 0.0]
confusion_matrix [[8, 35, 2, 352, 1, 2], [3, 0, 55, 32, 265, 45], [0, 52, 130, 3, 23, 192], [6, 8, 3, 7, 153, 223], [0, 6, 46, 7, 159, 182], [0, 0, 19, 56, 325, 0]]
traning started for  49 epoch
epoch 49 loss: 0.0
validation accuracy :  0.999722222222
validation class_total [1200.0, 1200.0, 1200.0, 1200.0, 1200.0, 1200.0]
validation class_correct [1200.0, 1200.0, 1200.0, 1199.0, 1199.0, 1200.0]
validation confusion_matrix [[1200, 0, 0, 0, 0, 0], [0, 1200, 0, 0, 0, 0], [0, 0, 1200, 0, 0, 0], [1, 0, 0, 1199, 0, 0], [1, 0, 0, 0, 1199, 0], [0, 0, 0, 0, 0, 1200]]
test accuracy :  0.137083333333
class_total [400.0, 400.0, 400.0, 400.0, 400.0, 400.0]
class_correct [17.0, 0.0, 129.0, 7.0, 176.0, 0.0]
confusion_matrix [[17, 26, 1, 350, 2, 4], [9, 0, 44, 19, 291, 37], [0, 35, 129, 3, 24, 209], [10, 5, 3, 7, 171, 204], [0, 1, 45, 9, 176, 169], [0, 0, 12, 52, 336, 0]]
traning started for  50 epoch
epoch 50 loss: 0.0
validation accuracy :  1.0
validation class_total [1200.0, 1200.0, 1200.0, 1200.0, 1200.0, 1200.0]
validation class_correct [1200.0, 1200.0, 1200.0, 1200.0, 1200.0, 1200.0]
validation confusion_matrix [[1200, 0, 0, 0, 0, 0], [0, 1200, 0, 0, 0, 0], [0, 0, 1200, 0, 0, 0], [0, 0, 0, 1200, 0, 0], [0, 0, 0, 0, 1200, 0], [0, 0, 0, 0, 0, 1200]]
test accuracy :  0.128333333333
class_total [400.0, 400.0, 400.0, 400.0, 400.0, 400.0]
class_correct [9.0, 0.0, 130.0, 6.0, 163.0, 0.0]
confusion_matrix [[9, 28, 3, 355, 1, 4], [4, 0, 56, 30, 267, 43], [0, 36, 130, 3, 27, 204], [7, 5, 7, 6, 161, 214], [0, 4, 60, 6, 163, 167], [0, 0, 11, 54, 335, 0]]
traning started for  51 epoch
epoch 51 loss: 8.86917114258e-05
validation accuracy :  1.0
validation class_total [1200.0, 1200.0, 1200.0, 1200.0, 1200.0, 1200.0]
validation class_correct [1200.0, 1200.0, 1200.0, 1200.0, 1200.0, 1200.0]
validation confusion_matrix [[1200, 0, 0, 0, 0, 0], [0, 1200, 0, 0, 0, 0], [0, 0, 1200, 0, 0, 0], [0, 0, 0, 1200, 0, 0], [0, 0, 0, 0, 1200, 0], [0, 0, 0, 0, 0, 1200]]
test accuracy :  0.112083333333
class_total [400.0, 400.0, 400.0, 400.0, 400.0, 400.0]
class_correct [7.0, 0.0, 102.0, 5.0, 154.0, 1.0]
confusion_matrix [[7, 32, 1, 356, 1, 3], [6, 0, 37, 32, 279, 46], [0, 49, 102, 5, 18, 226], [8, 4, 2, 5, 156, 225], [0, 3, 46, 11, 154, 186], [2, 0, 12, 56, 329, 1]]
traning started for  52 epoch
epoch 52 loss: 6.29425048828e-05
validation accuracy :  0.999722222222
validation class_total [1200.0, 1200.0, 1200.0, 1200.0, 1200.0, 1200.0]
validation class_correct [1198.0, 1200.0, 1200.0, 1200.0, 1200.0, 1200.0]
validation confusion_matrix [[1198, 0, 0, 0, 2, 0], [0, 1200, 0, 0, 0, 0], [0, 0, 1200, 0, 0, 0], [0, 0, 0, 1200, 0, 0], [0, 0, 0, 0, 1200, 0], [0, 0, 0, 0, 0, 1200]]
test accuracy :  0.105
class_total [400.0, 400.0, 400.0, 400.0, 400.0, 400.0]
class_correct [3.0, 0.0, 88.0, 10.0, 151.0, 0.0]
confusion_matrix [[3, 18, 2, 375, 1, 1], [2, 0, 62, 25, 251, 60], [0, 142, 88, 18, 11, 141], [6, 4, 6, 10, 199, 175], [0, 3, 54, 17, 151, 175], [0, 0, 19, 39, 342, 0]]
traning started for  53 epoch
epoch 53 loss: 0.00120162963867
validation accuracy :  0.999861111111
validation class_total [1200.0, 1200.0, 1200.0, 1200.0, 1200.0, 1200.0]
validation class_correct [1200.0, 1200.0, 1200.0, 1200.0, 1199.0, 1200.0]
validation confusion_matrix [[1200, 0, 0, 0, 0, 0], [0, 1200, 0, 0, 0, 0], [0, 0, 1200, 0, 0, 0], [0, 0, 0, 1200, 0, 0], [0, 0, 0, 0, 1199, 1], [0, 0, 0, 0, 0, 1200]]
test accuracy :  0.13375
class_total [400.0, 400.0, 400.0, 400.0, 400.0, 400.0]
class_correct [6.0, 0.0, 97.0, 10.0, 208.0, 0.0]
confusion_matrix [[6, 26, 12, 353, 1, 2], [3, 0, 31, 8, 260, 98], [0, 88, 97, 5, 31, 179], [8, 2, 5, 10, 197, 178], [1, 2, 59, 9, 208, 121], [1, 0, 28, 39, 332, 0]]
traning started for  54 epoch
epoch 54 loss: 0.000404357910156
validation accuracy :  0.999722222222
validation class_total [1200.0, 1200.0, 1200.0, 1200.0, 1200.0, 1200.0]
validation class_correct [1200.0, 1200.0, 1199.0, 1200.0, 1200.0, 1199.0]
validation confusion_matrix [[1200, 0, 0, 0, 0, 0], [0, 1200, 0, 0, 0, 0], [0, 0, 1199, 1, 0, 0], [0, 0, 0, 1200, 0, 0], [0, 0, 0, 0, 1200, 0], [0, 0, 0, 0, 1, 1199]]
test accuracy :  0.149583333333
class_total [400.0, 400.0, 400.0, 400.0, 400.0, 400.0]
class_correct [4.0, 1.0, 129.0, 12.0, 213.0, 0.0]
confusion_matrix [[4, 24, 8, 357, 6, 1], [4, 1, 36, 6, 295, 58], [0, 88, 129, 10, 51, 122], [6, 2, 9, 12, 228, 143], [0, 1, 69, 13, 213, 104], [0, 0, 27, 37, 336, 0]]
traning started for  55 epoch
epoch 55 loss: 0.000113487243652
validation accuracy :  0.999444444444
validation class_total [1200.0, 1200.0, 1200.0, 1200.0, 1200.0, 1200.0]
validation class_correct [1199.0, 1198.0, 1200.0, 1200.0, 1200.0, 1199.0]
validation confusion_matrix [[1199, 0, 0, 1, 0, 0], [1, 1198, 0, 1, 0, 0], [0, 0, 1200, 0, 0, 0], [0, 0, 0, 1200, 0, 0], [0, 0, 0, 0, 1200, 0], [0, 1, 0, 0, 0, 1199]]
test accuracy :  0.135833333333
class_total [400.0, 400.0, 400.0, 400.0, 400.0, 400.0]
class_correct [5.0, 0.0, 113.0, 20.0, 188.0, 0.0]
confusion_matrix [[5, 25, 7, 360, 2, 1], [7, 0, 34, 21, 259, 79], [0, 122, 113, 11, 36, 118], [7, 5, 10, 20, 194, 164], [1, 5, 61, 19, 188, 126], [0, 0, 24, 46, 330, 0]]
traning started for  56 epoch
epoch 56 loss: 5.72204589844e-06
validation accuracy :  1.0
validation class_total [1200.0, 1200.0, 1200.0, 1200.0, 1200.0, 1200.0]
validation class_correct [1200.0, 1200.0, 1200.0, 1200.0, 1200.0, 1200.0]
validation confusion_matrix [[1200, 0, 0, 0, 0, 0], [0, 1200, 0, 0, 0, 0], [0, 0, 1200, 0, 0, 0], [0, 0, 0, 1200, 0, 0], [0, 0, 0, 0, 1200, 0], [0, 0, 0, 0, 0, 1200]]
test accuracy :  0.129583333333
class_total [400.0, 400.0, 400.0, 400.0, 400.0, 400.0]
class_correct [4.0, 0.0, 123.0, 18.0, 166.0, 0.0]
confusion_matrix [[4, 33, 8, 354, 0, 1], [2, 0, 47, 27, 250, 74], [0, 136, 123, 14, 23, 104], [7, 7, 10, 18, 182, 176], [2, 5, 81, 16, 166, 130], [1, 0, 28, 54, 317, 0]]
traning started for  57 epoch
epoch 57 loss: 0.00122928619385
validation accuracy :  1.0
validation class_total [1200.0, 1200.0, 1200.0, 1200.0, 1200.0, 1200.0]
validation class_correct [1200.0, 1200.0, 1200.0, 1200.0, 1200.0, 1200.0]
validation confusion_matrix [[1200, 0, 0, 0, 0, 0], [0, 1200, 0, 0, 0, 0], [0, 0, 1200, 0, 0, 0], [0, 0, 0, 1200, 0, 0], [0, 0, 0, 0, 1200, 0], [0, 0, 0, 0, 0, 1200]]
test accuracy :  0.129583333333
class_total [400.0, 400.0, 400.0, 400.0, 400.0, 400.0]
class_correct [4.0, 1.0, 124.0, 12.0, 170.0, 0.0]
confusion_matrix [[4, 39, 5, 350, 1, 1], [3, 1, 43, 17, 250, 86], [0, 119, 124, 15, 26, 116], [4, 5, 7, 12, 193, 179], [1, 3, 66, 16, 170, 144], [1, 0, 23, 44, 332, 0]]
traning started for  58 epoch
epoch 58 loss: 0.0
validation accuracy :  1.0
validation class_total [1200.0, 1200.0, 1200.0, 1200.0, 1200.0, 1200.0]
validation class_correct [1200.0, 1200.0, 1200.0, 1200.0, 1200.0, 1200.0]
validation confusion_matrix [[1200, 0, 0, 0, 0, 0], [0, 1200, 0, 0, 0, 0], [0, 0, 1200, 0, 0, 0], [0, 0, 0, 1200, 0, 0], [0, 0, 0, 0, 1200, 0], [0, 0, 0, 0, 0, 1200]]
test accuracy :  0.13375
class_total [400.0, 400.0, 400.0, 400.0, 400.0, 400.0]
class_correct [2.0, 1.0, 146.0, 15.0, 157.0, 0.0]
confusion_matrix [[2, 23, 6, 367, 1, 1], [3, 1, 51, 20, 249, 76], [0, 113, 146, 8, 23, 110], [8, 4, 11, 15, 189, 173], [2, 3, 72, 16, 157, 150], [0, 0, 26, 42, 332, 0]]
traning started for  59 epoch
epoch 59 loss: 0.0
validation accuracy :  1.0
validation class_total [1200.0, 1200.0, 1200.0, 1200.0, 1200.0, 1200.0]
validation class_correct [1200.0, 1200.0, 1200.0, 1200.0, 1200.0, 1200.0]
validation confusion_matrix [[1200, 0, 0, 0, 0, 0], [0, 1200, 0, 0, 0, 0], [0, 0, 1200, 0, 0, 0], [0, 0, 0, 1200, 0, 0], [0, 0, 0, 0, 1200, 0], [0, 0, 0, 0, 0, 1200]]
test accuracy :  0.13625
class_total [400.0, 400.0, 400.0, 400.0, 400.0, 400.0]
class_correct [2.0, 0.0, 139.0, 10.0, 176.0, 0.0]
confusion_matrix [[2, 28, 7, 361, 1, 1], [2, 0, 50, 17, 256, 75], [0, 110, 139, 8, 29, 114], [8, 4, 10, 10, 196, 172], [0, 5, 77, 9, 176, 133], [0, 0, 25, 39, 336, 0]]
traning started for  60 epoch
epoch 60 loss: 0.0
validation accuracy :  0.999861111111
validation class_total [1200.0, 1200.0, 1200.0, 1200.0, 1200.0, 1200.0]
validation class_correct [1200.0, 1199.0, 1200.0, 1200.0, 1200.0, 1200.0]
validation confusion_matrix [[1200, 0, 0, 0, 0, 0], [1, 1199, 0, 0, 0, 0], [0, 0, 1200, 0, 0, 0], [0, 0, 0, 1200, 0, 0], [0, 0, 0, 0, 1200, 0], [0, 0, 0, 0, 0, 1200]]
test accuracy :  0.13
class_total [400.0, 400.0, 400.0, 400.0, 400.0, 400.0]
class_correct [5.0, 0.0, 131.0, 15.0, 161.0, 0.0]
confusion_matrix [[5, 25, 7, 362, 0, 1], [6, 0, 44, 18, 250, 82], [0, 113, 131, 10, 26, 120], [8, 5, 6, 15, 186, 180], [1, 5, 73, 16, 161, 144], [0, 0, 27, 53, 320, 0]]
traning started for  61 epoch
epoch 61 loss: 0.0
validation accuracy :  0.999861111111
validation class_total [1200.0, 1200.0, 1200.0, 1200.0, 1200.0, 1200.0]
validation class_correct [1200.0, 1200.0, 1200.0, 1199.0, 1200.0, 1200.0]
validation confusion_matrix [[1200, 0, 0, 0, 0, 0], [0, 1200, 0, 0, 0, 0], [0, 0, 1200, 0, 0, 0], [1, 0, 0, 1199, 0, 0], [0, 0, 0, 0, 1200, 0], [0, 0, 0, 0, 0, 1200]]
test accuracy :  0.131666666667
class_total [400.0, 400.0, 400.0, 400.0, 400.0, 400.0]
class_correct [4.0, 0.0, 123.0, 11.0, 178.0, 0.0]
confusion_matrix [[4, 35, 7, 351, 2, 1], [5, 0, 34, 16, 258, 87], [0, 117, 123, 7, 28, 125], [4, 4, 6, 11, 196, 179], [0, 4, 61, 10, 178, 147], [1, 0, 21, 38, 340, 0]]
traning started for  62 epoch
epoch 62 loss: 3.14712524414e-05
validation accuracy :  0.999722222222
validation class_total [1200.0, 1200.0, 1200.0, 1200.0, 1200.0, 1200.0]
validation class_correct [1200.0, 1200.0, 1200.0, 1200.0, 1199.0, 1199.0]
validation confusion_matrix [[1200, 0, 0, 0, 0, 0], [0, 1200, 0, 0, 0, 0], [0, 0, 1200, 0, 0, 0], [0, 0, 0, 1200, 0, 0], [0, 0, 0, 1, 1199, 0], [0, 1, 0, 0, 0, 1199]]
test accuracy :  0.1325
class_total [400.0, 400.0, 400.0, 400.0, 400.0, 400.0]
class_correct [6.0, 0.0, 125.0, 13.0, 174.0, 0.0]
confusion_matrix [[6, 36, 6, 350, 1, 1], [3, 0, 46, 21, 256, 74], [0, 109, 125, 5, 29, 132], [6, 4, 10, 13, 193, 174], [0, 5, 79, 12, 174, 130], [0, 0, 21, 53, 326, 0]]
traning started for  63 epoch
epoch 63 loss: 1.90734863281e-06
validation accuracy :  1.0
validation class_total [1200.0, 1200.0, 1200.0, 1200.0, 1200.0, 1200.0]
validation class_correct [1200.0, 1200.0, 1200.0, 1200.0, 1200.0, 1200.0]
validation confusion_matrix [[1200, 0, 0, 0, 0, 0], [0, 1200, 0, 0, 0, 0], [0, 0, 1200, 0, 0, 0], [0, 0, 0, 1200, 0, 0], [0, 0, 0, 0, 1200, 0], [0, 0, 0, 0, 0, 1200]]
test accuracy :  0.130416666667
class_total [400.0, 400.0, 400.0, 400.0, 400.0, 400.0]
class_correct [5.0, 1.0, 139.0, 8.0, 160.0, 0.0]
confusion_matrix [[5, 39, 10, 345, 0, 1], [4, 1, 58, 14, 239, 84], [0, 100, 139, 3, 26, 132], [3, 3, 9, 8, 192, 185], [0, 2, 79, 6, 160, 153], [1, 0, 28, 35, 336, 0]]
traning started for  64 epoch
epoch 64 loss: 2.28881835938e-05
validation accuracy :  1.0
validation class_total [1200.0, 1200.0, 1200.0, 1200.0, 1200.0, 1200.0]
validation class_correct [1200.0, 1200.0, 1200.0, 1200.0, 1200.0, 1200.0]
validation confusion_matrix [[1200, 0, 0, 0, 0, 0], [0, 1200, 0, 0, 0, 0], [0, 0, 1200, 0, 0, 0], [0, 0, 0, 1200, 0, 0], [0, 0, 0, 0, 1200, 0], [0, 0, 0, 0, 0, 1200]]
test accuracy :  0.115416666667
class_total [400.0, 400.0, 400.0, 400.0, 400.0, 400.0]
class_correct [5.0, 0.0, 125.0, 8.0, 139.0, 0.0]
confusion_matrix [[5, 37, 5, 349, 1, 3], [5, 0, 45, 12, 222, 116], [0, 90, 125, 4, 22, 159], [6, 6, 8, 8, 156, 216], [1, 2, 68, 7, 139, 183], [0, 0, 24, 39, 337, 0]]
traning started for  65 epoch
epoch 65 loss: 3.62396240234e-05
validation accuracy :  0.999722222222
validation class_total [1200.0, 1200.0, 1200.0, 1200.0, 1200.0, 1200.0]
validation class_correct [1199.0, 1200.0, 1200.0, 1200.0, 1200.0, 1199.0]
validation confusion_matrix [[1199, 1, 0, 0, 0, 0], [0, 1200, 0, 0, 0, 0], [0, 0, 1200, 0, 0, 0], [0, 0, 0, 1200, 0, 0], [0, 0, 0, 0, 1200, 0], [0, 1, 0, 0, 0, 1199]]
test accuracy :  0.125416666667
class_total [400.0, 400.0, 400.0, 400.0, 400.0, 400.0]
class_correct [4.0, 1.0, 130.0, 10.0, 156.0, 0.0]
confusion_matrix [[4, 30, 5, 359, 1, 1], [4, 1, 46, 16, 231, 102], [0, 95, 130, 5, 24, 146], [6, 5, 8, 10, 171, 200], [0, 2, 69, 7, 156, 166], [0, 0, 23, 44, 333, 0]]
traning started for  66 epoch
epoch 66 loss: 0.000156402587891
validation accuracy :  0.999861111111
validation class_total [1200.0, 1200.0, 1200.0, 1200.0, 1200.0, 1200.0]
validation class_correct [1200.0, 1199.0, 1200.0, 1200.0, 1200.0, 1200.0]
validation confusion_matrix [[1200, 0, 0, 0, 0, 0], [1, 1199, 0, 0, 0, 0], [0, 0, 1200, 0, 0, 0], [0, 0, 0, 1200, 0, 0], [0, 0, 0, 0, 1200, 0], [0, 0, 0, 0, 0, 1200]]
test accuracy :  0.12875
class_total [400.0, 400.0, 400.0, 400.0, 400.0, 400.0]
class_correct [3.0, 0.0, 138.0, 14.0, 154.0, 0.0]
confusion_matrix [[3, 25, 7, 363, 1, 1], [4, 0, 48, 23, 233, 92], [0, 92, 138, 9, 24, 137], [4, 2, 7, 14, 187, 186], [1, 3, 75, 7, 154, 160], [0, 0, 26, 45, 329, 0]]
traning started for  67 epoch
epoch 67 loss: 9.53674316406e-06
validation accuracy :  1.0
validation class_total [1200.0, 1200.0, 1200.0, 1200.0, 1200.0, 1200.0]
validation class_correct [1200.0, 1200.0, 1200.0, 1200.0, 1200.0, 1200.0]
validation confusion_matrix [[1200, 0, 0, 0, 0, 0], [0, 1200, 0, 0, 0, 0], [0, 0, 1200, 0, 0, 0], [0, 0, 0, 1200, 0, 0], [0, 0, 0, 0, 1200, 0], [0, 0, 0, 0, 0, 1200]]
test accuracy :  0.117916666667
class_total [400.0, 400.0, 400.0, 400.0, 400.0, 400.0]
class_correct [2.0, 0.0, 131.0, 13.0, 136.0, 1.0]
confusion_matrix [[2, 31, 4, 361, 1, 1], [5, 0, 48, 22, 235, 90], [0, 105, 131, 4, 24, 136], [9, 5, 8, 13, 172, 193], [1, 4, 69, 14, 136, 176], [0, 0, 23, 43, 333, 1]]
traning started for  68 epoch
epoch 68 loss: 0.0
validation accuracy :  0.999861111111
validation class_total [1200.0, 1200.0, 1200.0, 1200.0, 1200.0, 1200.0]
validation class_correct [1200.0, 1200.0, 1200.0, 1200.0, 1199.0, 1200.0]
validation confusion_matrix [[1200, 0, 0, 0, 0, 0], [0, 1200, 0, 0, 0, 0], [0, 0, 1200, 0, 0, 0], [0, 0, 0, 1200, 0, 0], [1, 0, 0, 0, 1199, 0], [0, 0, 0, 0, 0, 1200]]
test accuracy :  0.132083333333
class_total [400.0, 400.0, 400.0, 400.0, 400.0, 400.0]
class_correct [1.0, 1.0, 147.0, 13.0, 155.0, 0.0]
confusion_matrix [[1, 29, 6, 363, 0, 1], [2, 1, 58, 18, 239, 82], [0, 92, 147, 4, 25, 132], [6, 2, 7, 13, 179, 193], [0, 3, 75, 11, 155, 156], [1, 0, 26, 52, 321, 0]]
traning started for  69 epoch
epoch 69 loss: 9.53674316406e-06
validation accuracy :  1.0
validation class_total [1200.0, 1200.0, 1200.0, 1200.0, 1200.0, 1200.0]
validation class_correct [1200.0, 1200.0, 1200.0, 1200.0, 1200.0, 1200.0]
validation confusion_matrix [[1200, 0, 0, 0, 0, 0], [0, 1200, 0, 0, 0, 0], [0, 0, 1200, 0, 0, 0], [0, 0, 0, 1200, 0, 0], [0, 0, 0, 0, 1200, 0], [0, 0, 0, 0, 0, 1200]]
test accuracy :  0.12875
class_total [400.0, 400.0, 400.0, 400.0, 400.0, 400.0]
class_correct [5.0, 0.0, 139.0, 11.0, 154.0, 0.0]
confusion_matrix [[5, 31, 5, 358, 0, 1], [3, 0, 48, 28, 237, 84], [0, 81, 139, 6, 25, 149], [6, 3, 10, 11, 187, 183], [0, 4, 73, 8, 154, 161], [0, 0, 27, 57, 316, 0]]
traning started for  70 epoch
epoch 70 loss: 0.0
validation accuracy :  1.0
validation class_total [1200.0, 1200.0, 1200.0, 1200.0, 1200.0, 1200.0]
validation class_correct [1200.0, 1200.0, 1200.0, 1200.0, 1200.0, 1200.0]
validation confusion_matrix [[1200, 0, 0, 0, 0, 0], [0, 1200, 0, 0, 0, 0], [0, 0, 1200, 0, 0, 0], [0, 0, 0, 1200, 0, 0], [0, 0, 0, 0, 1200, 0], [0, 0, 0, 0, 0, 1200]]
test accuracy :  0.135416666667
class_total [400.0, 400.0, 400.0, 400.0, 400.0, 400.0]
class_correct [2.0, 0.0, 147.0, 15.0, 161.0, 0.0]
confusion_matrix [[2, 21, 4, 372, 0, 1], [3, 0, 57, 36, 235, 69], [0, 95, 147, 12, 27, 119], [8, 4, 10, 15, 195, 168], [0, 3, 81, 22, 161, 133], [0, 0, 29, 57, 314, 0]]
traning started for  71 epoch
epoch 71 loss: 2.67028808594e-05
validation accuracy :  1.0
validation class_total [1200.0, 1200.0, 1200.0, 1200.0, 1200.0, 1200.0]
validation class_correct [1200.0, 1200.0, 1200.0, 1200.0, 1200.0, 1200.0]
validation confusion_matrix [[1200, 0, 0, 0, 0, 0], [0, 1200, 0, 0, 0, 0], [0, 0, 1200, 0, 0, 0], [0, 0, 0, 1200, 0, 0], [0, 0, 0, 0, 1200, 0], [0, 0, 0, 0, 0, 1200]]
test accuracy :  0.12125
class_total [400.0, 400.0, 400.0, 400.0, 400.0, 400.0]
class_correct [5.0, 0.0, 112.0, 10.0, 164.0, 0.0]
confusion_matrix [[5, 30, 4, 357, 2, 2], [6, 0, 37, 23, 259, 75], [0, 104, 112, 9, 27, 148], [10, 4, 5, 10, 186, 185], [3, 5, 48, 9, 164, 171], [0, 0, 19, 31, 350, 0]]
traning started for  72 epoch
epoch 72 loss: 0.0
validation accuracy :  1.0
validation class_total [1200.0, 1200.0, 1200.0, 1200.0, 1200.0, 1200.0]
validation class_correct [1200.0, 1200.0, 1200.0, 1200.0, 1200.0, 1200.0]
validation confusion_matrix [[1200, 0, 0, 0, 0, 0], [0, 1200, 0, 0, 0, 0], [0, 0, 1200, 0, 0, 0], [0, 0, 0, 1200, 0, 0], [0, 0, 0, 0, 1200, 0], [0, 0, 0, 0, 0, 1200]]
test accuracy :  0.126666666667
class_total [400.0, 400.0, 400.0, 400.0, 400.0, 400.0]
class_correct [4.0, 0.0, 118.0, 9.0, 173.0, 0.0]
confusion_matrix [[4, 23, 3, 368, 1, 1], [8, 0, 36, 27, 257, 72], [0, 91, 118, 6, 33, 152], [9, 5, 7, 9, 187, 183], [1, 2, 46, 11, 173, 167], [0, 0, 27, 35, 338, 0]]
traning started for  73 epoch
epoch 73 loss: 0.0
validation accuracy :  0.999861111111
validation class_total [1200.0, 1200.0, 1200.0, 1200.0, 1200.0, 1200.0]
validation class_correct [1200.0, 1200.0, 1200.0, 1200.0, 1199.0, 1200.0]
validation confusion_matrix [[1200, 0, 0, 0, 0, 0], [0, 1200, 0, 0, 0, 0], [0, 0, 1200, 0, 0, 0], [0, 0, 0, 1200, 0, 0], [1, 0, 0, 0, 1199, 0], [0, 0, 0, 0, 0, 1200]]
test accuracy :  0.140833333333
class_total [400.0, 400.0, 400.0, 400.0, 400.0, 400.0]
class_correct [8.0, 0.0, 164.0, 5.0, 161.0, 0.0]
confusion_matrix [[8, 12, 1, 377, 1, 1], [3, 0, 39, 13, 266, 79], [0, 79, 164, 15, 36, 106], [0, 3, 5, 5, 211, 176], [0, 1, 116, 7, 161, 115], [0, 0, 36, 38, 326, 0]]
traning started for  74 epoch
epoch 74 loss: 3.81469726562e-06
validation accuracy :  1.0
validation class_total [1200.0, 1200.0, 1200.0, 1200.0, 1200.0, 1200.0]
validation class_correct [1200.0, 1200.0, 1200.0, 1200.0, 1200.0, 1200.0]
validation confusion_matrix [[1200, 0, 0, 0, 0, 0], [0, 1200, 0, 0, 0, 0], [0, 0, 1200, 0, 0, 0], [0, 0, 0, 1200, 0, 0], [0, 0, 0, 0, 1200, 0], [0, 0, 0, 0, 0, 1200]]
test accuracy :  0.135416666667
class_total [400.0, 400.0, 400.0, 400.0, 400.0, 400.0]
class_correct [3.0, 0.0, 167.0, 6.0, 148.0, 1.0]
confusion_matrix [[3, 21, 1, 374, 0, 1], [2, 0, 48, 20, 248, 82], [0, 94, 167, 8, 31, 100], [1, 4, 7, 6, 209, 173], [0, 0, 138, 6, 148, 108], [1, 0, 32, 60, 306, 1]]
traning started for  75 epoch
epoch 75 loss: 0.000652313232422
validation accuracy :  0.998055555556
validation class_total [1200.0, 1200.0, 1200.0, 1200.0, 1200.0, 1200.0]
validation class_correct [1198.0, 1200.0, 1200.0, 1195.0, 1194.0, 1199.0]
validation confusion_matrix [[1198, 0, 0, 1, 1, 0], [0, 1200, 0, 0, 0, 0], [0, 0, 1200, 0, 0, 0], [1, 1, 0, 1195, 3, 0], [1, 0, 1, 0, 1194, 4], [0, 1, 0, 0, 0, 1199]]
test accuracy :  0.07625
class_total [400.0, 400.0, 400.0, 400.0, 400.0, 400.0]
class_correct [4.0, 1.0, 60.0, 12.0, 105.0, 1.0]
confusion_matrix [[4, 54, 5, 333, 0, 4], [1, 1, 113, 21, 173, 91], [0, 136, 60, 7, 14, 183], [7, 6, 7, 12, 151, 217], [0, 3, 68, 7, 105, 217], [1, 0, 39, 30, 329, 1]]
traning started for  76 epoch
epoch 76 loss: 3.81469726562e-06
validation accuracy :  0.999722222222
validation class_total [1200.0, 1200.0, 1200.0, 1200.0, 1200.0, 1200.0]
validation class_correct [1200.0, 1199.0, 1199.0, 1200.0, 1200.0, 1200.0]
validation confusion_matrix [[1200, 0, 0, 0, 0, 0], [0, 1199, 0, 1, 0, 0], [0, 0, 1199, 0, 1, 0], [0, 0, 0, 1200, 0, 0], [0, 0, 0, 0, 1200, 0], [0, 0, 0, 0, 0, 1200]]
test accuracy :  0.125
class_total [400.0, 400.0, 400.0, 400.0, 400.0, 400.0]
class_correct [11.0, 0.0, 121.0, 13.0, 155.0, 0.0]
confusion_matrix [[11, 21, 12, 347, 5, 4], [2, 0, 73, 24, 249, 52], [0, 62, 121, 7, 30, 180], [7, 0, 3, 13, 238, 139], [2, 2, 36, 10, 155, 195], [0, 0, 16, 73, 311, 0]]
traning started for  77 epoch
epoch 77 loss: 0.000189781188965
validation accuracy :  0.999861111111
validation class_total [1200.0, 1200.0, 1200.0, 1200.0, 1200.0, 1200.0]
validation class_correct [1200.0, 1200.0, 1200.0, 1200.0, 1200.0, 1199.0]
validation confusion_matrix [[1200, 0, 0, 0, 0, 0], [0, 1200, 0, 0, 0, 0], [0, 0, 1200, 0, 0, 0], [0, 0, 0, 1200, 0, 0], [0, 0, 0, 0, 1200, 0], [0, 1, 0, 0, 0, 1199]]
test accuracy :  0.095
class_total [400.0, 400.0, 400.0, 400.0, 400.0, 400.0]
class_correct [6.0, 0.0, 138.0, 10.0, 73.0, 1.0]
confusion_matrix [[6, 23, 2, 365, 2, 2], [7, 0, 58, 21, 233, 81], [0, 82, 138, 8, 15, 157], [4, 7, 4, 10, 194, 181], [0, 4, 23, 3, 73, 297], [2, 0, 26, 48, 323, 1]]
traning started for  78 epoch
epoch 78 loss: 0.0
validation accuracy :  0.999722222222
validation class_total [1200.0, 1200.0, 1200.0, 1200.0, 1200.0, 1200.0]
validation class_correct [1199.0, 1199.0, 1200.0, 1200.0, 1200.0, 1200.0]
validation confusion_matrix [[1199, 1, 0, 0, 0, 0], [1, 1199, 0, 0, 0, 0], [0, 0, 1200, 0, 0, 0], [0, 0, 0, 1200, 0, 0], [0, 0, 0, 0, 1200, 0], [0, 0, 0, 0, 0, 1200]]
test accuracy :  0.112916666667
class_total [400.0, 400.0, 400.0, 400.0, 400.0, 400.0]
class_correct [3.0, 0.0, 154.0, 11.0, 103.0, 0.0]
confusion_matrix [[3, 23, 4, 366, 2, 2], [3, 0, 70, 20, 245, 62], [0, 89, 154, 15, 21, 121], [5, 7, 5, 11, 220, 152], [0, 2, 29, 4, 103, 262], [0, 0, 28, 41, 331, 0]]
traning started for  79 epoch
epoch 79 loss: 0.0
validation accuracy :  0.999861111111
validation class_total [1200.0, 1200.0, 1200.0, 1200.0, 1200.0, 1200.0]
validation class_correct [1200.0, 1200.0, 1200.0, 1200.0, 1200.0, 1199.0]
validation confusion_matrix [[1200, 0, 0, 0, 0, 0], [0, 1200, 0, 0, 0, 0], [0, 0, 1200, 0, 0, 0], [0, 0, 0, 1200, 0, 0], [0, 0, 0, 0, 1200, 0], [0, 0, 0, 0, 1, 1199]]
test accuracy :  0.1
class_total [400.0, 400.0, 400.0, 400.0, 400.0, 400.0]
class_correct [4.0, 0.0, 141.0, 17.0, 78.0, 0.0]
confusion_matrix [[4, 17, 4, 374, 0, 1], [1, 0, 79, 37, 221, 62], [0, 93, 141, 13, 19, 134], [6, 7, 8, 17, 192, 170], [1, 3, 47, 6, 78, 265], [0, 0, 30, 74, 296, 0]]
traning started for  80 epoch
epoch 80 loss: 0.0
validation accuracy :  1.0
validation class_total [1200.0, 1200.0, 1200.0, 1200.0, 1200.0, 1200.0]
validation class_correct [1200.0, 1200.0, 1200.0, 1200.0, 1200.0, 1200.0]
validation confusion_matrix [[1200, 0, 0, 0, 0, 0], [0, 1200, 0, 0, 0, 0], [0, 0, 1200, 0, 0, 0], [0, 0, 0, 1200, 0, 0], [0, 0, 0, 0, 1200, 0], [0, 0, 0, 0, 0, 1200]]
test accuracy :  0.06875
class_total [400.0, 400.0, 400.0, 400.0, 400.0, 400.0]
class_correct [7.0, 0.0, 71.0, 12.0, 73.0, 2.0]
confusion_matrix [[7, 35, 4, 350, 2, 2], [3, 0, 68, 26, 233, 70], [0, 133, 71, 8, 19, 169], [3, 8, 6, 12, 204, 167], [1, 7, 21, 3, 73, 295], [0, 0, 24, 60, 314, 2]]
traning started for  81 epoch
epoch 81 loss: 0.0
validation accuracy :  0.999861111111
validation class_total [1200.0, 1200.0, 1200.0, 1200.0, 1200.0, 1200.0]
validation class_correct [1200.0, 1200.0, 1199.0, 1200.0, 1200.0, 1200.0]
validation confusion_matrix [[1200, 0, 0, 0, 0, 0], [0, 1200, 0, 0, 0, 0], [0, 0, 1199, 0, 1, 0], [0, 0, 0, 1200, 0, 0], [0, 0, 0, 0, 1200, 0], [0, 0, 0, 0, 0, 1200]]
test accuracy :  0.0866666666667
class_total [400.0, 400.0, 400.0, 400.0, 400.0, 400.0]
class_correct [6.0, 0.0, 97.0, 7.0, 98.0, 0.0]
confusion_matrix [[6, 20, 4, 364, 4, 2], [2, 0, 63, 15, 263, 57], [0, 107, 97, 4, 25, 167], [5, 8, 3, 7, 230, 147], [1, 3, 19, 4, 98, 275], [0, 0, 21, 55, 324, 0]]
traning started for  82 epoch
epoch 82 loss: 0.000203132629395
validation accuracy :  0.998611111111
validation class_total [1200.0, 1200.0, 1200.0, 1200.0, 1200.0, 1200.0]
validation class_correct [1192.0, 1199.0, 1200.0, 1200.0, 1199.0, 1200.0]
validation confusion_matrix [[1192, 2, 0, 5, 1, 0], [1, 1199, 0, 0, 0, 0], [0, 0, 1200, 0, 0, 0], [0, 0, 0, 1200, 0, 0], [0, 0, 0, 0, 1199, 1], [0, 0, 0, 0, 0, 1200]]
test accuracy :  0.185416666667
class_total [400.0, 400.0, 400.0, 400.0, 400.0, 400.0]
class_correct [4.0, 0.0, 138.0, 18.0, 283.0, 2.0]
confusion_matrix [[4, 25, 5, 359, 3, 4], [3, 0, 36, 32, 273, 56], [0, 60, 138, 16, 90, 96], [5, 4, 6, 18, 235, 132], [0, 1, 26, 10, 283, 80], [2, 0, 16, 46, 334, 2]]
traning started for  83 epoch
epoch 83 loss: 5.24520874023e-05
validation accuracy :  0.999722222222
validation class_total [1200.0, 1200.0, 1200.0, 1200.0, 1200.0, 1200.0]
validation class_correct [1200.0, 1200.0, 1200.0, 1200.0, 1198.0, 1200.0]
validation confusion_matrix [[1200, 0, 0, 0, 0, 0], [0, 1200, 0, 0, 0, 0], [0, 0, 1200, 0, 0, 0], [0, 0, 0, 1200, 0, 0], [0, 0, 0, 0, 1198, 2], [0, 0, 0, 0, 0, 1200]]
test accuracy :  0.0908333333333
class_total [400.0, 400.0, 400.0, 400.0, 400.0, 400.0]
class_correct [4.0, 0.0, 68.0, 14.0, 131.0, 1.0]
confusion_matrix [[4, 18, 2, 375, 0, 1], [6, 0, 52, 27, 233, 82], [0, 138, 68, 11, 13, 170], [3, 10, 4, 14, 154, 215], [0, 11, 20, 31, 131, 207], [1, 0, 18, 61, 319, 1]]
traning started for  84 epoch
epoch 84 loss: 4.76837158203e-05
validation accuracy :  0.998472222222
validation class_total [1200.0, 1200.0, 1200.0, 1200.0, 1200.0, 1200.0]
validation class_correct [1199.0, 1198.0, 1200.0, 1200.0, 1199.0, 1193.0]
validation confusion_matrix [[1199, 0, 0, 1, 0, 0], [2, 1198, 0, 0, 0, 0], [0, 0, 1200, 0, 0, 0], [0, 0, 0, 1200, 0, 0], [0, 0, 1, 0, 1199, 0], [0, 0, 1, 0, 6, 1193]]
test accuracy :  0.18
class_total [400.0, 400.0, 400.0, 400.0, 400.0, 400.0]
class_correct [4.0, 0.0, 176.0, 26.0, 226.0, 0.0]
confusion_matrix [[4, 6, 2, 386, 2, 0], [4, 0, 82, 82, 204, 28], [0, 81, 176, 43, 40, 60], [6, 1, 6, 26, 229, 132], [0, 1, 67, 49, 226, 57], [0, 0, 12, 84, 304, 0]]
traning started for  85 epoch
epoch 85 loss: 0.0
validation accuracy :  1.0
validation class_total [1200.0, 1200.0, 1200.0, 1200.0, 1200.0, 1200.0]
validation class_correct [1200.0, 1200.0, 1200.0, 1200.0, 1200.0, 1200.0]
validation confusion_matrix [[1200, 0, 0, 0, 0, 0], [0, 1200, 0, 0, 0, 0], [0, 0, 1200, 0, 0, 0], [0, 0, 0, 1200, 0, 0], [0, 0, 0, 0, 1200, 0], [0, 0, 0, 0, 0, 1200]]
test accuracy :  0.1175
class_total [400.0, 400.0, 400.0, 400.0, 400.0, 400.0]
class_correct [11.0, 0.0, 66.0, 12.0, 193.0, 0.0]
confusion_matrix [[11, 43, 2, 338, 2, 4], [2, 0, 34, 16, 279, 69], [0, 119, 66, 7, 32, 176], [3, 3, 1, 12, 236, 145], [3, 4, 21, 17, 193, 162], [1, 0, 6, 50, 343, 0]]
traning started for  86 epoch
epoch 86 loss: 0.0
validation accuracy :  1.0
validation class_total [1200.0, 1200.0, 1200.0, 1200.0, 1200.0, 1200.0]
validation class_correct [1200.0, 1200.0, 1200.0, 1200.0, 1200.0, 1200.0]
validation confusion_matrix [[1200, 0, 0, 0, 0, 0], [0, 1200, 0, 0, 0, 0], [0, 0, 1200, 0, 0, 0], [0, 0, 0, 1200, 0, 0], [0, 0, 0, 0, 1200, 0], [0, 0, 0, 0, 0, 1200]]
test accuracy :  0.0920833333333
class_total [400.0, 400.0, 400.0, 400.0, 400.0, 400.0]
class_correct [5.0, 0.0, 90.0, 11.0, 115.0, 0.0]
confusion_matrix [[5, 51, 5, 334, 1, 4], [2, 0, 79, 17, 219, 83], [0, 121, 90, 4, 16, 169], [2, 6, 6, 11, 199, 176], [2, 6, 58, 14, 115, 205], [3, 0, 29, 55, 313, 0]]
traning started for  87 epoch
epoch 87 loss: 0.000171661376953
validation accuracy :  1.0
validation class_total [1200.0, 1200.0, 1200.0, 1200.0, 1200.0, 1200.0]
validation class_correct [1200.0, 1200.0, 1200.0, 1200.0, 1200.0, 1200.0]
validation confusion_matrix [[1200, 0, 0, 0, 0, 0], [0, 1200, 0, 0, 0, 0], [0, 0, 1200, 0, 0, 0], [0, 0, 0, 1200, 0, 0], [0, 0, 0, 0, 1200, 0], [0, 0, 0, 0, 0, 1200]]
test accuracy :  0.0854166666667
class_total [400.0, 400.0, 400.0, 400.0, 400.0, 400.0]
class_correct [11.0, 1.0, 110.0, 15.0, 68.0, 0.0]
confusion_matrix [[11, 41, 7, 335, 3, 3], [2, 1, 110, 13, 198, 76], [0, 132, 110, 7, 5, 146], [1, 5, 4, 15, 169, 206], [1, 6, 124, 12, 68, 189], [0, 0, 27, 32, 341, 0]]
traning started for  88 epoch
epoch 88 loss: 0.0
validation accuracy :  1.0
validation class_total [1200.0, 1200.0, 1200.0, 1200.0, 1200.0, 1200.0]
validation class_correct [1200.0, 1200.0, 1200.0, 1200.0, 1200.0, 1200.0]
validation confusion_matrix [[1200, 0, 0, 0, 0, 0], [0, 1200, 0, 0, 0, 0], [0, 0, 1200, 0, 0, 0], [0, 0, 0, 1200, 0, 0], [0, 0, 0, 0, 1200, 0], [0, 0, 0, 0, 0, 1200]]
test accuracy :  0.120416666667
class_total [400.0, 400.0, 400.0, 400.0, 400.0, 400.0]
class_correct [21.0, 0.0, 119.0, 13.0, 136.0, 0.0]
confusion_matrix [[21, 29, 3, 342, 2, 3], [2, 0, 71, 15, 271, 41], [0, 115, 119, 6, 21, 139], [4, 4, 3, 13, 227, 149], [1, 3, 105, 7, 136, 148], [1, 0, 10, 40, 349, 0]]
traning started for  89 epoch
epoch 89 loss: 0.000421524047852
validation accuracy :  1.0
validation class_total [1200.0, 1200.0, 1200.0, 1200.0, 1200.0, 1200.0]
validation class_correct [1200.0, 1200.0, 1200.0, 1200.0, 1200.0, 1200.0]
validation confusion_matrix [[1200, 0, 0, 0, 0, 0], [0, 1200, 0, 0, 0, 0], [0, 0, 1200, 0, 0, 0], [0, 0, 0, 1200, 0, 0], [0, 0, 0, 0, 1200, 0], [0, 0, 0, 0, 0, 1200]]
test accuracy :  0.11
class_total [400.0, 400.0, 400.0, 400.0, 400.0, 400.0]
class_correct [15.0, 0.0, 129.0, 11.0, 109.0, 0.0]
confusion_matrix [[15, 40, 5, 335, 3, 2], [3, 0, 82, 12, 243, 60], [0, 102, 129, 4, 12, 153], [7, 7, 9, 11, 201, 165], [1, 1, 115, 9, 109, 165], [1, 0, 16, 38, 345, 0]]
traning started for  90 epoch
epoch 90 loss: 0.000165939331055
validation accuracy :  0.999861111111
validation class_total [1200.0, 1200.0, 1200.0, 1200.0, 1200.0, 1200.0]
validation class_correct [1200.0, 1200.0, 1200.0, 1200.0, 1200.0, 1199.0]
validation confusion_matrix [[1200, 0, 0, 0, 0, 0], [0, 1200, 0, 0, 0, 0], [0, 0, 1200, 0, 0, 0], [0, 0, 0, 1200, 0, 0], [0, 0, 0, 0, 1200, 0], [0, 0, 1, 0, 0, 1199]]
test accuracy :  0.112083333333
class_total [400.0, 400.0, 400.0, 400.0, 400.0, 400.0]
class_correct [5.0, 0.0, 144.0, 15.0, 105.0, 0.0]
confusion_matrix [[5, 33, 5, 354, 1, 2], [2, 0, 99, 18, 233, 48], [0, 101, 144, 6, 13, 136], [4, 5, 10, 15, 215, 151], [0, 4, 131, 8, 105, 152], [0, 0, 19, 58, 323, 0]]
traning started for  91 epoch
epoch 91 loss: 0.0
validation accuracy :  1.0
validation class_total [1200.0, 1200.0, 1200.0, 1200.0, 1200.0, 1200.0]
validation class_correct [1200.0, 1200.0, 1200.0, 1200.0, 1200.0, 1200.0]
validation confusion_matrix [[1200, 0, 0, 0, 0, 0], [0, 1200, 0, 0, 0, 0], [0, 0, 1200, 0, 0, 0], [0, 0, 0, 1200, 0, 0], [0, 0, 0, 0, 1200, 0], [0, 0, 0, 0, 0, 1200]]
test accuracy :  0.0941666666667
class_total [400.0, 400.0, 400.0, 400.0, 400.0, 400.0]
class_correct [11.0, 0.0, 97.0, 7.0, 111.0, 0.0]
confusion_matrix [[11, 37, 5, 342, 1, 4], [1, 0, 70, 9, 250, 70], [0, 102, 97, 3, 19, 179], [2, 6, 6, 7, 199, 180], [0, 5, 75, 6, 111, 203], [0, 0, 14, 31, 355, 0]]
traning started for  92 epoch
epoch 92 loss: 3.33786010742e-05
validation accuracy :  1.0
validation class_total [1200.0, 1200.0, 1200.0, 1200.0, 1200.0, 1200.0]
validation class_correct [1200.0, 1200.0, 1200.0, 1200.0, 1200.0, 1200.0]
validation confusion_matrix [[1200, 0, 0, 0, 0, 0], [0, 1200, 0, 0, 0, 0], [0, 0, 1200, 0, 0, 0], [0, 0, 0, 1200, 0, 0], [0, 0, 0, 0, 1200, 0], [0, 0, 0, 0, 0, 1200]]
test accuracy :  0.095
class_total [400.0, 400.0, 400.0, 400.0, 400.0, 400.0]
class_correct [18.0, 0.0, 90.0, 10.0, 110.0, 0.0]
confusion_matrix [[18, 41, 3, 335, 2, 1], [2, 0, 62, 15, 253, 68], [0, 108, 90, 2, 16, 184], [3, 6, 2, 10, 206, 173], [0, 4, 66, 6, 110, 214], [1, 0, 15, 33, 351, 0]]
traning started for  93 epoch
epoch 93 loss: 0.0
validation accuracy :  1.0
validation class_total [1200.0, 1200.0, 1200.0, 1200.0, 1200.0, 1200.0]
validation class_correct [1200.0, 1200.0, 1200.0, 1200.0, 1200.0, 1200.0]
validation confusion_matrix [[1200, 0, 0, 0, 0, 0], [0, 1200, 0, 0, 0, 0], [0, 0, 1200, 0, 0, 0], [0, 0, 0, 1200, 0, 0], [0, 0, 0, 0, 1200, 0], [0, 0, 0, 0, 0, 1200]]
test accuracy :  0.103333333333
class_total [400.0, 400.0, 400.0, 400.0, 400.0, 400.0]
class_correct [13.0, 0.0, 101.0, 8.0, 126.0, 0.0]
confusion_matrix [[13, 31, 2, 347, 3, 4], [2, 0, 58, 16, 267, 57], [0, 92, 101, 5, 18, 184], [6, 5, 3, 8, 207, 171], [1, 2, 69, 3, 126, 199], [0, 0, 16, 35, 349, 0]]
traning started for  94 epoch
epoch 94 loss: 0.0
validation accuracy :  1.0
validation class_total [1200.0, 1200.0, 1200.0, 1200.0, 1200.0, 1200.0]
validation class_correct [1200.0, 1200.0, 1200.0, 1200.0, 1200.0, 1200.0]
validation confusion_matrix [[1200, 0, 0, 0, 0, 0], [0, 1200, 0, 0, 0, 0], [0, 0, 1200, 0, 0, 0], [0, 0, 0, 1200, 0, 0], [0, 0, 0, 0, 1200, 0], [0, 0, 0, 0, 0, 1200]]
test accuracy :  0.0983333333333
class_total [400.0, 400.0, 400.0, 400.0, 400.0, 400.0]
class_correct [10.0, 0.0, 120.0, 9.0, 97.0, 0.0]
confusion_matrix [[10, 43, 4, 339, 1, 3], [3, 0, 96, 10, 228, 63], [0, 96, 120, 2, 14, 168], [5, 6, 9, 9, 193, 178], [0, 2, 100, 4, 97, 197], [2, 0, 29, 35, 334, 0]]
traning started for  95 epoch
epoch 95 loss: 0.0
validation accuracy :  1.0
validation class_total [1200.0, 1200.0, 1200.0, 1200.0, 1200.0, 1200.0]
validation class_correct [1200.0, 1200.0, 1200.0, 1200.0, 1200.0, 1200.0]
validation confusion_matrix [[1200, 0, 0, 0, 0, 0], [0, 1200, 0, 0, 0, 0], [0, 0, 1200, 0, 0, 0], [0, 0, 0, 1200, 0, 0], [0, 0, 0, 0, 1200, 0], [0, 0, 0, 0, 0, 1200]]
test accuracy :  0.103333333333
class_total [400.0, 400.0, 400.0, 400.0, 400.0, 400.0]
class_correct [10.0, 0.0, 132.0, 11.0, 95.0, 0.0]
confusion_matrix [[10, 42, 4, 341, 1, 2], [2, 0, 108, 21, 207, 62], [0, 100, 132, 3, 8, 157], [7, 5, 4, 11, 203, 170], [0, 4, 97, 8, 95, 196], [0, 0, 29, 45, 326, 0]]
traning started for  96 epoch
epoch 96 loss: 9.53674316406e-06
validation accuracy :  1.0
validation class_total [1200.0, 1200.0, 1200.0, 1200.0, 1200.0, 1200.0]
validation class_correct [1200.0, 1200.0, 1200.0, 1200.0, 1200.0, 1200.0]
validation confusion_matrix [[1200, 0, 0, 0, 0, 0], [0, 1200, 0, 0, 0, 0], [0, 0, 1200, 0, 0, 0], [0, 0, 0, 1200, 0, 0], [0, 0, 0, 0, 1200, 0], [0, 0, 0, 0, 0, 1200]]
test accuracy :  0.0916666666667
class_total [400.0, 400.0, 400.0, 400.0, 400.0, 400.0]
class_correct [10.0, 0.0, 105.0, 10.0, 95.0, 0.0]
confusion_matrix [[10, 38, 5, 343, 2, 2], [2, 0, 92, 20, 216, 70], [0, 110, 105, 3, 9, 173], [6, 6, 5, 10, 182, 191], [0, 3, 79, 8, 95, 215], [1, 0, 23, 36, 340, 0]]
traning started for  97 epoch
epoch 97 loss: 0.0
validation accuracy :  0.999861111111
validation class_total [1200.0, 1200.0, 1200.0, 1200.0, 1200.0, 1200.0]
validation class_correct [1200.0, 1200.0, 1200.0, 1200.0, 1200.0, 1199.0]
validation confusion_matrix [[1200, 0, 0, 0, 0, 0], [0, 1200, 0, 0, 0, 0], [0, 0, 1200, 0, 0, 0], [0, 0, 0, 1200, 0, 0], [0, 0, 0, 0, 1200, 0], [0, 1, 0, 0, 0, 1199]]
test accuracy :  0.100833333333
class_total [400.0, 400.0, 400.0, 400.0, 400.0, 400.0]
class_correct [6.0, 0.0, 116.0, 8.0, 112.0, 0.0]
confusion_matrix [[6, 35, 4, 352, 1, 2], [2, 0, 81, 17, 238, 62], [0, 99, 116, 1, 14, 170], [6, 4, 6, 8, 203, 173], [0, 4, 95, 4, 112, 185], [1, 0, 27, 43, 329, 0]]
traning started for  98 epoch
epoch 98 loss: 0.0
validation accuracy :  0.999861111111
validation class_total [1200.0, 1200.0, 1200.0, 1200.0, 1200.0, 1200.0]
validation class_correct [1200.0, 1200.0, 1200.0, 1199.0, 1200.0, 1200.0]
validation confusion_matrix [[1200, 0, 0, 0, 0, 0], [0, 1200, 0, 0, 0, 0], [0, 0, 1200, 0, 0, 0], [1, 0, 0, 1199, 0, 0], [0, 0, 0, 0, 1200, 0], [0, 0, 0, 0, 0, 1200]]
test accuracy :  0.107916666667
class_total [400.0, 400.0, 400.0, 400.0, 400.0, 400.0]
class_correct [10.0, 0.0, 110.0, 10.0, 129.0, 0.0]
confusion_matrix [[10, 29, 3, 350, 3, 5], [2, 0, 72, 18, 255, 53], [0, 98, 110, 3, 20, 169], [6, 5, 6, 10, 215, 158], [0, 2, 74, 8, 129, 187], [0, 0, 18, 38, 344, 0]]
traning started for  99 epoch
epoch 99 loss: 1.33514404297e-05
validation accuracy :  1.0
validation class_total [1200.0, 1200.0, 1200.0, 1200.0, 1200.0, 1200.0]
validation class_correct [1200.0, 1200.0, 1200.0, 1200.0, 1200.0, 1200.0]
validation confusion_matrix [[1200, 0, 0, 0, 0, 0], [0, 1200, 0, 0, 0, 0], [0, 0, 1200, 0, 0, 0], [0, 0, 0, 1200, 0, 0], [0, 0, 0, 0, 1200, 0], [0, 0, 0, 0, 0, 1200]]
test accuracy :  0.11125
class_total [400.0, 400.0, 400.0, 400.0, 400.0, 400.0]
class_correct [17.0, 0.0, 114.0, 10.0, 126.0, 0.0]
confusion_matrix [[17, 30, 1, 347, 2, 3], [2, 0, 66, 14, 256, 62], [0, 96, 114, 3, 18, 169], [2, 6, 3, 10, 218, 161], [1, 4, 76, 9, 126, 184], [2, 0, 16, 38, 344, 0]]
traning started for  100 epoch
epoch 100 loss: 0.0
validation accuracy :  1.0
validation class_total [1200.0, 1200.0, 1200.0, 1200.0, 1200.0, 1200.0]
validation class_correct [1200.0, 1200.0, 1200.0, 1200.0, 1200.0, 1200.0]
validation confusion_matrix [[1200, 0, 0, 0, 0, 0], [0, 1200, 0, 0, 0, 0], [0, 0, 1200, 0, 0, 0], [0, 0, 0, 1200, 0, 0], [0, 0, 0, 0, 1200, 0], [0, 0, 0, 0, 0, 1200]]
test accuracy :  0.106666666667
class_total [400.0, 400.0, 400.0, 400.0, 400.0, 400.0]
class_correct [20.0, 0.0, 101.0, 7.0, 128.0, 0.0]
confusion_matrix [[20, 36, 6, 334, 1, 3], [2, 0, 58, 13, 263, 64], [0, 88, 101, 3, 17, 191], [4, 6, 2, 7, 217, 164], [0, 5, 67, 5, 128, 195], [0, 0, 23, 36, 341, 0]]
traning started for  101 epoch
epoch 101 loss: 0.0
validation accuracy :  1.0
validation class_total [1200.0, 1200.0, 1200.0, 1200.0, 1200.0, 1200.0]
validation class_correct [1200.0, 1200.0, 1200.0, 1200.0, 1200.0, 1200.0]
validation confusion_matrix [[1200, 0, 0, 0, 0, 0], [0, 1200, 0, 0, 0, 0], [0, 0, 1200, 0, 0, 0], [0, 0, 0, 1200, 0, 0], [0, 0, 0, 0, 1200, 0], [0, 0, 0, 0, 0, 1200]]
test accuracy :  0.100833333333
class_total [400.0, 400.0, 400.0, 400.0, 400.0, 400.0]
class_correct [9.0, 0.0, 101.0, 6.0, 126.0, 0.0]
confusion_matrix [[9, 39, 5, 336, 9, 2], [2, 0, 67, 7, 251, 73], [0, 72, 101, 2, 16, 209], [4, 3, 2, 6, 219, 166], [0, 3, 57, 2, 126, 212], [0, 0, 19, 29, 352, 0]]
traning started for  102 epoch
epoch 102 loss: 1.14440917969e-05
validation accuracy :  1.0
validation class_total [1200.0, 1200.0, 1200.0, 1200.0, 1200.0, 1200.0]
validation class_correct [1200.0, 1200.0, 1200.0, 1200.0, 1200.0, 1200.0]
validation confusion_matrix [[1200, 0, 0, 0, 0, 0], [0, 1200, 0, 0, 0, 0], [0, 0, 1200, 0, 0, 0], [0, 0, 0, 1200, 0, 0], [0, 0, 0, 0, 1200, 0], [0, 0, 0, 0, 0, 1200]]
test accuracy :  0.102916666667
class_total [400.0, 400.0, 400.0, 400.0, 400.0, 400.0]
class_correct [16.0, 0.0, 100.0, 4.0, 127.0, 0.0]
confusion_matrix [[16, 30, 3, 344, 3, 4], [1, 0, 71, 12, 251, 65], [0, 78, 100, 3, 19, 200], [6, 5, 2, 4, 216, 167], [0, 3, 63, 4, 127, 203], [0, 0, 22, 25, 353, 0]]
traning started for  103 epoch
epoch 103 loss: 9.53674316406e-06
validation accuracy :  0.994027777778
validation class_total [1200.0, 1200.0, 1200.0, 1200.0, 1200.0, 1200.0]
validation class_correct [1200.0, 1199.0, 1182.0, 1184.0, 1192.0, 1200.0]
validation confusion_matrix [[1200, 0, 0, 0, 0, 0], [1, 1199, 0, 0, 0, 0], [0, 0, 1182, 0, 1, 17], [16, 0, 0, 1184, 0, 0], [2, 0, 0, 0, 1192, 6], [0, 0, 0, 0, 0, 1200]]
test accuracy :  0.120833333333
class_total [400.0, 400.0, 400.0, 400.0, 400.0, 400.0]
class_correct [90.0, 0.0, 35.0, 9.0, 148.0, 8.0]
confusion_matrix [[90, 24, 0, 278, 1, 7], [18, 0, 7, 13, 210, 152], [0, 65, 35, 7, 26, 267], [11, 2, 1, 9, 138, 239], [1, 1, 29, 13, 148, 208], [6, 0, 5, 26, 355, 8]]
traning started for  104 epoch
epoch 104 loss: 0.0
validation accuracy :  0.999305555556
validation class_total [1200.0, 1200.0, 1200.0, 1200.0, 1200.0, 1200.0]
validation class_correct [1200.0, 1198.0, 1199.0, 1200.0, 1199.0, 1199.0]
validation confusion_matrix [[1200, 0, 0, 0, 0, 0], [2, 1198, 0, 0, 0, 0], [0, 0, 1199, 1, 0, 0], [0, 0, 0, 1200, 0, 0], [0, 0, 0, 0, 1199, 1], [0, 0, 0, 0, 1, 1199]]
test accuracy :  0.1575
class_total [400.0, 400.0, 400.0, 400.0, 400.0, 400.0]
class_correct [4.0, 0.0, 123.0, 17.0, 234.0, 0.0]
confusion_matrix [[4, 9, 1, 378, 3, 5], [3, 0, 18, 25, 287, 67], [0, 79, 123, 5, 46, 147], [6, 3, 3, 17, 206, 165], [1, 2, 28, 16, 234, 119], [0, 0, 13, 34, 353, 0]]
traning started for  105 epoch
epoch 105 loss: 1.33514404297e-05
validation accuracy :  0.999583333333
validation class_total [1200.0, 1200.0, 1200.0, 1200.0, 1200.0, 1200.0]
validation class_correct [1200.0, 1200.0, 1200.0, 1199.0, 1198.0, 1200.0]
validation confusion_matrix [[1200, 0, 0, 0, 0, 0], [0, 1200, 0, 0, 0, 0], [0, 0, 1200, 0, 0, 0], [1, 0, 0, 1199, 0, 0], [0, 0, 1, 1, 1198, 0], [0, 0, 0, 0, 0, 1200]]
test accuracy :  0.11625
class_total [400.0, 400.0, 400.0, 400.0, 400.0, 400.0]
class_correct [5.0, 0.0, 116.0, 10.0, 145.0, 3.0]
confusion_matrix [[5, 29, 5, 356, 3, 2], [3, 0, 33, 6, 274, 84], [0, 105, 116, 5, 21, 153], [4, 6, 3, 10, 194, 183], [1, 6, 30, 10, 145, 208], [0, 0, 22, 13, 362, 3]]
traning started for  106 epoch
epoch 106 loss: 5.72204589844e-06
validation accuracy :  0.999722222222
validation class_total [1200.0, 1200.0, 1200.0, 1200.0, 1200.0, 1200.0]
validation class_correct [1200.0, 1200.0, 1200.0, 1200.0, 1198.0, 1200.0]
validation confusion_matrix [[1200, 0, 0, 0, 0, 0], [0, 1200, 0, 0, 0, 0], [0, 0, 1200, 0, 0, 0], [0, 0, 0, 1200, 0, 0], [0, 0, 1, 1, 1198, 0], [0, 0, 0, 0, 0, 1200]]
test accuracy :  0.124583333333
class_total [400.0, 400.0, 400.0, 400.0, 400.0, 400.0]
class_correct [2.0, 0.0, 132.0, 18.0, 144.0, 3.0]
confusion_matrix [[2, 21, 6, 365, 3, 3], [2, 0, 37, 17, 257, 87], [0, 111, 132, 5, 19, 133], [3, 7, 3, 18, 195, 174], [1, 6, 42, 16, 144, 191], [0, 0, 26, 17, 354, 3]]
traning started for  107 epoch
epoch 107 loss: 7.62939453125e-06
validation accuracy :  0.999861111111
validation class_total [1200.0, 1200.0, 1200.0, 1200.0, 1200.0, 1200.0]
validation class_correct [1200.0, 1200.0, 1199.0, 1200.0, 1200.0, 1200.0]
validation confusion_matrix [[1200, 0, 0, 0, 0, 0], [0, 1200, 0, 0, 0, 0], [0, 0, 1199, 1, 0, 0], [0, 0, 0, 1200, 0, 0], [0, 0, 0, 0, 1200, 0], [0, 0, 0, 0, 0, 1200]]
test accuracy :  0.118333333333
class_total [400.0, 400.0, 400.0, 400.0, 400.0, 400.0]
class_correct [4.0, 0.0, 142.0, 16.0, 117.0, 5.0]
confusion_matrix [[4, 21, 6, 365, 2, 2], [2, 0, 43, 15, 237, 103], [0, 91, 142, 6, 20, 141], [6, 6, 3, 16, 166, 203], [0, 4, 44, 13, 117, 222], [0, 0, 25, 18, 352, 5]]
traning started for  108 epoch
epoch 108 loss: 0.000476837158203
validation accuracy :  1.0
validation class_total [1200.0, 1200.0, 1200.0, 1200.0, 1200.0, 1200.0]
validation class_correct [1200.0, 1200.0, 1200.0, 1200.0, 1200.0, 1200.0]
validation confusion_matrix [[1200, 0, 0, 0, 0, 0], [0, 1200, 0, 0, 0, 0], [0, 0, 1200, 0, 0, 0], [0, 0, 0, 1200, 0, 0], [0, 0, 0, 0, 1200, 0], [0, 0, 0, 0, 0, 1200]]
test accuracy :  0.132083333333
class_total [400.0, 400.0, 400.0, 400.0, 400.0, 400.0]
class_correct [4.0, 0.0, 149.0, 17.0, 145.0, 2.0]
confusion_matrix [[4, 21, 5, 365, 3, 2], [3, 0, 36, 11, 257, 93], [0, 92, 149, 6, 22, 131], [3, 4, 2, 17, 184, 190], [0, 5, 40, 13, 145, 197], [1, 0, 12, 21, 364, 2]]
traning started for  109 epoch
epoch 109 loss: 0.0
validation accuracy :  1.0
validation class_total [1200.0, 1200.0, 1200.0, 1200.0, 1200.0, 1200.0]
validation class_correct [1200.0, 1200.0, 1200.0, 1200.0, 1200.0, 1200.0]
validation confusion_matrix [[1200, 0, 0, 0, 0, 0], [0, 1200, 0, 0, 0, 0], [0, 0, 1200, 0, 0, 0], [0, 0, 0, 1200, 0, 0], [0, 0, 0, 0, 1200, 0], [0, 0, 0, 0, 0, 1200]]
test accuracy :  0.15375
class_total [400.0, 400.0, 400.0, 400.0, 400.0, 400.0]
class_correct [6.0, 0.0, 169.0, 16.0, 175.0, 3.0]
confusion_matrix [[6, 13, 14, 361, 3, 3], [1, 0, 39, 10, 273, 77], [0, 79, 169, 7, 29, 116], [4, 2, 2, 16, 205, 171], [1, 1, 46, 9, 175, 168], [0, 0, 17, 21, 359, 3]]
traning started for  110 epoch
epoch 110 loss: 0.0
validation accuracy :  1.0
validation class_total [1200.0, 1200.0, 1200.0, 1200.0, 1200.0, 1200.0]
validation class_correct [1200.0, 1200.0, 1200.0, 1200.0, 1200.0, 1200.0]
validation confusion_matrix [[1200, 0, 0, 0, 0, 0], [0, 1200, 0, 0, 0, 0], [0, 0, 1200, 0, 0, 0], [0, 0, 0, 1200, 0, 0], [0, 0, 0, 0, 1200, 0], [0, 0, 0, 0, 0, 1200]]
test accuracy :  0.1425
class_total [400.0, 400.0, 400.0, 400.0, 400.0, 400.0]
class_correct [3.0, 0.0, 164.0, 15.0, 158.0, 2.0]
confusion_matrix [[3, 14, 7, 370, 2, 4], [2, 0, 45, 12, 263, 78], [0, 78, 164, 3, 24, 131], [6, 4, 2, 15, 206, 167], [2, 5, 53, 12, 158, 170], [0, 0, 15, 25, 358, 2]]
traning started for  111 epoch
epoch 111 loss: 9.53674316406e-06
validation accuracy :  1.0
validation class_total [1200.0, 1200.0, 1200.0, 1200.0, 1200.0, 1200.0]
validation class_correct [1200.0, 1200.0, 1200.0, 1200.0, 1200.0, 1200.0]
validation confusion_matrix [[1200, 0, 0, 0, 0, 0], [0, 1200, 0, 0, 0, 0], [0, 0, 1200, 0, 0, 0], [0, 0, 0, 1200, 0, 0], [0, 0, 0, 0, 1200, 0], [0, 0, 0, 0, 0, 1200]]
test accuracy :  0.135
class_total [400.0, 400.0, 400.0, 400.0, 400.0, 400.0]
class_correct [4.0, 0.0, 168.0, 14.0, 133.0, 5.0]
confusion_matrix [[4, 24, 8, 358, 3, 3], [2, 0, 53, 15, 246, 84], [0, 69, 168, 4, 21, 138], [6, 6, 7, 14, 183, 184], [1, 1, 70, 9, 133, 186], [2, 0, 26, 21, 346, 5]]
traning started for  112 epoch
epoch 112 loss: 0.0
validation accuracy :  0.996944444444
validation class_total [1200.0, 1200.0, 1200.0, 1200.0, 1200.0, 1200.0]
validation class_correct [1200.0, 1200.0, 1179.0, 1199.0, 1200.0, 1200.0]
validation confusion_matrix [[1200, 0, 0, 0, 0, 0], [0, 1200, 0, 0, 0, 0], [0, 0, 1179, 0, 11, 10], [1, 0, 0, 1199, 0, 0], [0, 0, 0, 0, 1200, 0], [0, 0, 0, 0, 0, 1200]]
test accuracy :  0.0758333333333
class_total [400.0, 400.0, 400.0, 400.0, 400.0, 400.0]
class_correct [18.0, 0.0, 37.0, 18.0, 107.0, 2.0]
confusion_matrix [[18, 32, 1, 343, 3, 3], [4, 0, 8, 21, 271, 96], [0, 104, 37, 2, 20, 237], [15, 9, 0, 18, 168, 190], [5, 10, 19, 12, 107, 247], [8, 0, 1, 16, 373, 2]]
traning started for  113 epoch
epoch 113 loss: 0.0
validation accuracy :  0.998888888889
validation class_total [1200.0, 1200.0, 1200.0, 1200.0, 1200.0, 1200.0]
validation class_correct [1199.0, 1200.0, 1200.0, 1200.0, 1193.0, 1200.0]
validation confusion_matrix [[1199, 0, 0, 1, 0, 0], [0, 1200, 0, 0, 0, 0], [0, 0, 1200, 0, 0, 0], [0, 0, 0, 1200, 0, 0], [0, 0, 0, 0, 1193, 7], [0, 0, 0, 0, 0, 1200]]
test accuracy :  0.09
class_total [400.0, 400.0, 400.0, 400.0, 400.0, 400.0]
class_correct [2.0, 0.0, 107.0, 25.0, 78.0, 4.0]
confusion_matrix [[2, 44, 10, 342, 0, 2], [1, 0, 66, 23, 226, 84], [0, 137, 107, 7, 8, 141], [8, 12, 3, 25, 191, 161], [1, 10, 61, 29, 78, 221], [1, 0, 19, 46, 330, 4]]
traning started for  114 epoch
epoch 114 loss: 0.00112152099609
validation accuracy :  0.999722222222
validation class_total [1200.0, 1200.0, 1200.0, 1200.0, 1200.0, 1200.0]
validation class_correct [1200.0, 1200.0, 1199.0, 1199.0, 1200.0, 1200.0]
validation confusion_matrix [[1200, 0, 0, 0, 0, 0], [0, 1200, 0, 0, 0, 0], [0, 0, 1199, 0, 1, 0], [1, 0, 0, 1199, 0, 0], [0, 0, 0, 0, 1200, 0], [0, 0, 0, 0, 0, 1200]]
test accuracy :  0.120416666667
class_total [400.0, 400.0, 400.0, 400.0, 400.0, 400.0]
class_correct [7.0, 0.0, 150.0, 3.0, 129.0, 0.0]
confusion_matrix [[7, 13, 2, 375, 1, 2], [2, 0, 35, 5, 290, 68], [0, 103, 150, 15, 18, 114], [8, 3, 0, 3, 216, 170], [3, 4, 27, 5, 129, 232], [1, 0, 9, 28, 362, 0]]
traning started for  115 epoch
epoch 115 loss: 3.81469726562e-06
validation accuracy :  1.0
validation class_total [1200.0, 1200.0, 1200.0, 1200.0, 1200.0, 1200.0]
validation class_correct [1200.0, 1200.0, 1200.0, 1200.0, 1200.0, 1200.0]
validation confusion_matrix [[1200, 0, 0, 0, 0, 0], [0, 1200, 0, 0, 0, 0], [0, 0, 1200, 0, 0, 0], [0, 0, 0, 1200, 0, 0], [0, 0, 0, 0, 1200, 0], [0, 0, 0, 0, 0, 1200]]
test accuracy :  0.115833333333
class_total [400.0, 400.0, 400.0, 400.0, 400.0, 400.0]
class_correct [9.0, 0.0, 152.0, 5.0, 112.0, 0.0]
confusion_matrix [[9, 21, 1, 367, 0, 2], [5, 0, 49, 14, 266, 66], [0, 109, 152, 12, 10, 117], [10, 5, 3, 5, 203, 174], [5, 4, 41, 12, 112, 226], [2, 0, 15, 54, 329, 0]]
traning started for  116 epoch
epoch 116 loss: 0.0
validation accuracy :  1.0
validation class_total [1200.0, 1200.0, 1200.0, 1200.0, 1200.0, 1200.0]
validation class_correct [1200.0, 1200.0, 1200.0, 1200.0, 1200.0, 1200.0]
validation confusion_matrix [[1200, 0, 0, 0, 0, 0], [0, 1200, 0, 0, 0, 0], [0, 0, 1200, 0, 0, 0], [0, 0, 0, 1200, 0, 0], [0, 0, 0, 0, 1200, 0], [0, 0, 0, 0, 0, 1200]]
test accuracy :  0.12875
class_total [400.0, 400.0, 400.0, 400.0, 400.0, 400.0]
class_correct [8.0, 0.0, 150.0, 4.0, 147.0, 0.0]
confusion_matrix [[8, 21, 3, 366, 0, 2], [3, 0, 44, 10, 282, 61], [0, 81, 150, 11, 13, 145], [9, 3, 1, 4, 212, 171], [2, 1, 43, 13, 147, 194], [0, 0, 13, 36, 351, 0]]
traning started for  117 epoch
epoch 117 loss: 1.90734863281e-05
validation accuracy :  1.0
validation class_total [1200.0, 1200.0, 1200.0, 1200.0, 1200.0, 1200.0]
validation class_correct [1200.0, 1200.0, 1200.0, 1200.0, 1200.0, 1200.0]
validation confusion_matrix [[1200, 0, 0, 0, 0, 0], [0, 1200, 0, 0, 0, 0], [0, 0, 1200, 0, 0, 0], [0, 0, 0, 1200, 0, 0], [0, 0, 0, 0, 1200, 0], [0, 0, 0, 0, 0, 1200]]
test accuracy :  0.13
class_total [400.0, 400.0, 400.0, 400.0, 400.0, 400.0]
class_correct [8.0, 0.0, 143.0, 9.0, 152.0, 0.0]
confusion_matrix [[8, 22, 3, 365, 0, 2], [3, 0, 43, 10, 280, 64], [0, 93, 143, 11, 13, 140], [5, 2, 1, 9, 216, 167], [2, 4, 53, 6, 152, 183], [0, 0, 13, 41, 346, 0]]
traning started for  118 epoch
epoch 118 loss: 1.90734863281e-06
validation accuracy :  1.0
validation class_total [1200.0, 1200.0, 1200.0, 1200.0, 1200.0, 1200.0]
validation class_correct [1200.0, 1200.0, 1200.0, 1200.0, 1200.0, 1200.0]
validation confusion_matrix [[1200, 0, 0, 0, 0, 0], [0, 1200, 0, 0, 0, 0], [0, 0, 1200, 0, 0, 0], [0, 0, 0, 1200, 0, 0], [0, 0, 0, 0, 1200, 0], [0, 0, 0, 0, 0, 1200]]
test accuracy :  0.120416666667
class_total [400.0, 400.0, 400.0, 400.0, 400.0, 400.0]
class_correct [8.0, 0.0, 124.0, 6.0, 151.0, 0.0]
confusion_matrix [[8, 36, 4, 348, 2, 2], [1, 0, 45, 14, 272, 68], [0, 110, 124, 8, 8, 150], [4, 5, 1, 6, 213, 171], [1, 4, 47, 11, 151, 186], [0, 0, 10, 43, 347, 0]]
traning started for  119 epoch
epoch 119 loss: 7.62939453125e-06
validation accuracy :  1.0
validation class_total [1200.0, 1200.0, 1200.0, 1200.0, 1200.0, 1200.0]
validation class_correct [1200.0, 1200.0, 1200.0, 1200.0, 1200.0, 1200.0]
validation confusion_matrix [[1200, 0, 0, 0, 0, 0], [0, 1200, 0, 0, 0, 0], [0, 0, 1200, 0, 0, 0], [0, 0, 0, 1200, 0, 0], [0, 0, 0, 0, 1200, 0], [0, 0, 0, 0, 0, 1200]]
test accuracy :  0.145833333333
class_total [400.0, 400.0, 400.0, 400.0, 400.0, 400.0]
class_correct [8.0, 0.0, 146.0, 9.0, 187.0, 0.0]
confusion_matrix [[8, 24, 4, 361, 1, 2], [0, 0, 40, 13, 297, 50], [0, 95, 146, 8, 20, 131], [3, 3, 2, 9, 238, 145], [0, 1, 42, 16, 187, 154], [1, 0, 13, 42, 344, 0]]
traning started for  120 epoch
epoch 120 loss: 0.0
validation accuracy :  1.0
validation class_total [1200.0, 1200.0, 1200.0, 1200.0, 1200.0, 1200.0]
validation class_correct [1200.0, 1200.0, 1200.0, 1200.0, 1200.0, 1200.0]
validation confusion_matrix [[1200, 0, 0, 0, 0, 0], [0, 1200, 0, 0, 0, 0], [0, 0, 1200, 0, 0, 0], [0, 0, 0, 1200, 0, 0], [0, 0, 0, 0, 1200, 0], [0, 0, 0, 0, 0, 1200]]
test accuracy :  0.147916666667
class_total [400.0, 400.0, 400.0, 400.0, 400.0, 400.0]
class_correct [8.0, 0.0, 160.0, 6.0, 181.0, 0.0]
confusion_matrix [[8, 22, 3, 362, 3, 2], [3, 0, 41, 10, 298, 48], [0, 69, 160, 7, 19, 145], [2, 2, 1, 6, 245, 144], [0, 0, 48, 11, 181, 160], [1, 0, 10, 40, 349, 0]]
traning started for  121 epoch
epoch 121 loss: 0.0
validation accuracy :  0.999861111111
validation class_total [1200.0, 1200.0, 1200.0, 1200.0, 1200.0, 1200.0]
validation class_correct [1200.0, 1200.0, 1199.0, 1200.0, 1200.0, 1200.0]
validation confusion_matrix [[1200, 0, 0, 0, 0, 0], [0, 1200, 0, 0, 0, 0], [0, 0, 1199, 0, 1, 0], [0, 0, 0, 1200, 0, 0], [0, 0, 0, 0, 1200, 0], [0, 0, 0, 0, 0, 1200]]
test accuracy :  0.1425
class_total [400.0, 400.0, 400.0, 400.0, 400.0, 400.0]
class_correct [9.0, 0.0, 141.0, 5.0, 187.0, 0.0]
confusion_matrix [[9, 24, 6, 358, 1, 2], [1, 0, 41, 9, 295, 54], [0, 79, 141, 6, 18, 156], [4, 2, 1, 5, 235, 153], [0, 2, 46, 10, 187, 155], [0, 0, 10, 31, 359, 0]]
traning started for  122 epoch
epoch 122 loss: 0.0
validation accuracy :  1.0
validation class_total [1200.0, 1200.0, 1200.0, 1200.0, 1200.0, 1200.0]
validation class_correct [1200.0, 1200.0, 1200.0, 1200.0, 1200.0, 1200.0]
validation confusion_matrix [[1200, 0, 0, 0, 0, 0], [0, 1200, 0, 0, 0, 0], [0, 0, 1200, 0, 0, 0], [0, 0, 0, 1200, 0, 0], [0, 0, 0, 0, 1200, 0], [0, 0, 0, 0, 0, 1200]]
test accuracy :  0.13875
class_total [400.0, 400.0, 400.0, 400.0, 400.0, 400.0]
class_correct [7.0, 0.0, 162.0, 7.0, 157.0, 0.0]
confusion_matrix [[7, 22, 7, 362, 0, 2], [2, 0, 55, 11, 277, 55], [0, 79, 162, 4, 16, 139], [5, 4, 1, 7, 224, 159], [0, 2, 58, 9, 157, 174], [1, 0, 15, 47, 337, 0]]
traning started for  123 epoch
epoch 123 loss: 3.0517578125e-05
validation accuracy :  0.999861111111
validation class_total [1200.0, 1200.0, 1200.0, 1200.0, 1200.0, 1200.0]
validation class_correct [1199.0, 1200.0, 1200.0, 1200.0, 1200.0, 1200.0]
validation confusion_matrix [[1199, 0, 0, 0, 1, 0], [0, 1200, 0, 0, 0, 0], [0, 0, 1200, 0, 0, 0], [0, 0, 0, 1200, 0, 0], [0, 0, 0, 0, 1200, 0], [0, 0, 0, 0, 0, 1200]]
test accuracy :  0.159583333333
class_total [400.0, 400.0, 400.0, 400.0, 400.0, 400.0]
class_correct [3.0, 0.0, 217.0, 4.0, 159.0, 0.0]
confusion_matrix [[3, 28, 10, 352, 3, 4], [0, 0, 65, 7, 286, 42], [0, 64, 217, 4, 15, 100], [0, 3, 4, 4, 247, 142], [0, 0, 102, 5, 159, 134], [1, 0, 19, 39, 341, 0]]
traning started for  124 epoch
epoch 124 loss: 0.0
validation accuracy :  1.0
validation class_total [1200.0, 1200.0, 1200.0, 1200.0, 1200.0, 1200.0]
validation class_correct [1200.0, 1200.0, 1200.0, 1200.0, 1200.0, 1200.0]
validation confusion_matrix [[1200, 0, 0, 0, 0, 0], [0, 1200, 0, 0, 0, 0], [0, 0, 1200, 0, 0, 0], [0, 0, 0, 1200, 0, 0], [0, 0, 0, 0, 1200, 0], [0, 0, 0, 0, 0, 1200]]
test accuracy :  0.15
class_total [400.0, 400.0, 400.0, 400.0, 400.0, 400.0]
class_correct [6.0, 0.0, 188.0, 9.0, 156.0, 1.0]
confusion_matrix [[6, 16, 1, 375, 0, 2], [0, 0, 51, 15, 278, 56], [0, 78, 188, 6, 13, 115], [6, 3, 2, 9, 227, 153], [0, 0, 81, 10, 156, 153], [1, 0, 18, 63, 317, 1]]
traning started for  125 epoch
epoch 125 loss: 0.0
validation accuracy :  1.0
validation class_total [1200.0, 1200.0, 1200.0, 1200.0, 1200.0, 1200.0]
validation class_correct [1200.0, 1200.0, 1200.0, 1200.0, 1200.0, 1200.0]
validation confusion_matrix [[1200, 0, 0, 0, 0, 0], [0, 1200, 0, 0, 0, 0], [0, 0, 1200, 0, 0, 0], [0, 0, 0, 1200, 0, 0], [0, 0, 0, 0, 1200, 0], [0, 0, 0, 0, 0, 1200]]
test accuracy :  0.144166666667
class_total [400.0, 400.0, 400.0, 400.0, 400.0, 400.0]
class_correct [8.0, 0.0, 175.0, 9.0, 153.0, 1.0]
confusion_matrix [[8, 19, 1, 370, 0, 2], [1, 0, 45, 9, 287, 58], [0, 63, 175, 7, 13, 142], [5, 4, 1, 9, 227, 154], [0, 1, 70, 4, 153, 172], [0, 0, 19, 50, 330, 1]]
traning started for  126 epoch
epoch 126 loss: 4.95910644531e-05
validation accuracy :  0.999166666667
validation class_total [1200.0, 1200.0, 1200.0, 1200.0, 1200.0, 1200.0]
validation class_correct [1199.0, 1198.0, 1199.0, 1200.0, 1198.0, 1200.0]
validation confusion_matrix [[1199, 1, 0, 0, 0, 0], [0, 1198, 0, 2, 0, 0], [0, 0, 1199, 0, 0, 1], [0, 0, 0, 1200, 0, 0], [0, 0, 0, 0, 1198, 2], [0, 0, 0, 0, 0, 1200]]
test accuracy :  0.19875
class_total [400.0, 400.0, 400.0, 400.0, 400.0, 400.0]
class_correct [21.0, 0.0, 185.0, 14.0, 257.0, 0.0]
confusion_matrix [[21, 88, 1, 284, 3, 3], [6, 0, 18, 24, 264, 88], [0, 76, 185, 10, 45, 84], [7, 6, 1, 14, 172, 200], [0, 1, 46, 8, 257, 88], [0, 0, 6, 45, 349, 0]]
traning started for  127 epoch
epoch 127 loss: 0.000200271606445
validation accuracy :  0.998888888889
validation class_total [1200.0, 1200.0, 1200.0, 1200.0, 1200.0, 1200.0]
validation class_correct [1194.0, 1200.0, 1200.0, 1200.0, 1199.0, 1199.0]
validation confusion_matrix [[1194, 1, 0, 5, 0, 0], [0, 1200, 0, 0, 0, 0], [0, 0, 1200, 0, 0, 0], [0, 0, 0, 1200, 0, 0], [1, 0, 0, 0, 1199, 0], [0, 0, 1, 0, 0, 1199]]
test accuracy :  0.160416666667
class_total [400.0, 400.0, 400.0, 400.0, 400.0, 400.0]
class_correct [0.0, 0.0, 158.0, 21.0, 206.0, 0.0]
confusion_matrix [[0, 97, 10, 289, 1, 3], [1, 0, 84, 16, 252, 47], [0, 69, 158, 30, 16, 127], [9, 8, 5, 21, 156, 201], [5, 6, 41, 34, 206, 108], [0, 0, 25, 57, 318, 0]]
traning started for  128 epoch
epoch 128 loss: 0.0
validation accuracy :  1.0
validation class_total [1200.0, 1200.0, 1200.0, 1200.0, 1200.0, 1200.0]
validation class_correct [1200.0, 1200.0, 1200.0, 1200.0, 1200.0, 1200.0]
validation confusion_matrix [[1200, 0, 0, 0, 0, 0], [0, 1200, 0, 0, 0, 0], [0, 0, 1200, 0, 0, 0], [0, 0, 0, 1200, 0, 0], [0, 0, 0, 0, 1200, 0], [0, 0, 0, 0, 0, 1200]]
test accuracy :  0.12625
class_total [400.0, 400.0, 400.0, 400.0, 400.0, 400.0]
class_correct [4.0, 0.0, 99.0, 14.0, 186.0, 0.0]
confusion_matrix [[4, 94, 4, 295, 1, 2], [2, 0, 68, 23, 254, 53], [0, 67, 99, 3, 13, 218], [10, 5, 4, 14, 171, 196], [1, 2, 39, 10, 186, 162], [0, 0, 20, 68, 312, 0]]
traning started for  129 epoch
epoch 129 loss: 0.0
validation accuracy :  1.0
validation class_total [1200.0, 1200.0, 1200.0, 1200.0, 1200.0, 1200.0]
validation class_correct [1200.0, 1200.0, 1200.0, 1200.0, 1200.0, 1200.0]
validation confusion_matrix [[1200, 0, 0, 0, 0, 0], [0, 1200, 0, 0, 0, 0], [0, 0, 1200, 0, 0, 0], [0, 0, 0, 1200, 0, 0], [0, 0, 0, 0, 1200, 0], [0, 0, 0, 0, 0, 1200]]
test accuracy :  0.133333333333
class_total [400.0, 400.0, 400.0, 400.0, 400.0, 400.0]
class_correct [4.0, 0.0, 99.0, 9.0, 208.0, 0.0]
confusion_matrix [[4, 81, 4, 308, 1, 2], [2, 0, 55, 23, 275, 45], [0, 51, 99, 5, 24, 221], [11, 3, 3, 9, 199, 175], [0, 2, 33, 11, 208, 146], [0, 0, 21, 72, 307, 0]]
traning started for  130 epoch
epoch 130 loss: 0.0
validation accuracy :  1.0
validation class_total [1200.0, 1200.0, 1200.0, 1200.0, 1200.0, 1200.0]
validation class_correct [1200.0, 1200.0, 1200.0, 1200.0, 1200.0, 1200.0]
validation confusion_matrix [[1200, 0, 0, 0, 0, 0], [0, 1200, 0, 0, 0, 0], [0, 0, 1200, 0, 0, 0], [0, 0, 0, 1200, 0, 0], [0, 0, 0, 0, 1200, 0], [0, 0, 0, 0, 0, 1200]]
test accuracy :  0.140416666667
class_total [400.0, 400.0, 400.0, 400.0, 400.0, 400.0]
class_correct [2.0, 0.0, 108.0, 14.0, 213.0, 0.0]
confusion_matrix [[2, 74, 4, 317, 1, 2], [2, 0, 63, 28, 263, 44], [0, 73, 108, 4, 22, 193], [10, 3, 4, 14, 205, 164], [1, 4, 43, 11, 213, 128], [1, 0, 23, 76, 300, 0]]
traning started for  131 epoch
epoch 131 loss: 3.81469726562e-06
validation accuracy :  1.0
validation class_total [1200.0, 1200.0, 1200.0, 1200.0, 1200.0, 1200.0]
validation class_correct [1200.0, 1200.0, 1200.0, 1200.0, 1200.0, 1200.0]
validation confusion_matrix [[1200, 0, 0, 0, 0, 0], [0, 1200, 0, 0, 0, 0], [0, 0, 1200, 0, 0, 0], [0, 0, 0, 1200, 0, 0], [0, 0, 0, 0, 1200, 0], [0, 0, 0, 0, 0, 1200]]
test accuracy :  0.139166666667
class_total [400.0, 400.0, 400.0, 400.0, 400.0, 400.0]
class_correct [3.0, 0.0, 107.0, 13.0, 211.0, 0.0]
confusion_matrix [[3, 71, 3, 322, 1, 0], [2, 0, 54, 22, 273, 49], [0, 69, 107, 7, 21, 196], [13, 4, 4, 13, 201, 165], [2, 1, 35, 12, 211, 139], [2, 0, 18, 68, 312, 0]]
traning started for  132 epoch
