cuda
traning started for  1 epoch
epoch 1 loss: 1.7101354599
test accuracy :  0.172083333333
class_total [400.0, 400.0, 400.0, 400.0, 400.0, 400.0]
class_correct [73.0, 40.0, 100.0, 75.0, 39.0, 86.0]
confusion_matrix [[73, 58, 66, 72, 41, 90], [77, 40, 81, 77, 56, 69], [53, 46, 100, 75, 61, 65], [82, 40, 73, 75, 54, 76], [70, 55, 84, 72, 39, 80], [62, 47, 70, 84, 51, 86]]
traning started for  2 epoch
epoch 2 loss: 1.45645725727
test accuracy :  0.180416666667
class_total [400.0, 400.0, 400.0, 400.0, 400.0, 400.0]
class_correct [49.0, 37.0, 92.0, 109.0, 79.0, 67.0]
confusion_matrix [[49, 141, 33, 46, 45, 86], [77, 37, 49, 109, 66, 62], [40, 103, 92, 48, 57, 60], [78, 41, 49, 109, 67, 56], [53, 57, 72, 74, 79, 65], [54, 48, 56, 113, 62, 67]]
traning started for  3 epoch
epoch 3 loss: 1.45099949837
test accuracy :  0.2
class_total [400.0, 400.0, 400.0, 400.0, 400.0, 400.0]
class_correct [43.0, 3.0, 146.0, 88.0, 132.0, 68.0]
confusion_matrix [[43, 113, 53, 34, 70, 87], [105, 3, 28, 120, 108, 36], [3, 163, 146, 4, 45, 39], [116, 22, 21, 88, 108, 45], [22, 22, 119, 14, 132, 91], [77, 14, 36, 81, 124, 68]]
traning started for  4 epoch
epoch 4 loss: 1.37017560005
test accuracy :  0.2175
class_total [400.0, 400.0, 400.0, 400.0, 400.0, 400.0]
class_correct [37.0, 0.0, 229.0, 96.0, 98.0, 62.0]
confusion_matrix [[37, 73, 15, 23, 90, 162], [55, 0, 6, 78, 211, 50], [0, 107, 229, 0, 24, 40], [103, 3, 10, 96, 141, 47], [0, 1, 183, 1, 98, 117], [51, 1, 16, 74, 196, 62]]
traning started for  5 epoch
epoch 5 loss: 1.00272893906
test accuracy :  0.25875
class_total [400.0, 400.0, 400.0, 400.0, 400.0, 400.0]
class_correct [22.0, 0.0, 322.0, 98.0, 128.0, 51.0]
confusion_matrix [[22, 29, 18, 8, 105, 218], [17, 0, 4, 59, 287, 33], [0, 41, 322, 0, 13, 24], [60, 0, 6, 98, 194, 42], [0, 0, 202, 0, 128, 70], [8, 0, 19, 32, 290, 51]]
traning started for  6 epoch
epoch 6 loss: 0.718525409698
test accuracy :  0.282916666667
class_total [400.0, 400.0, 400.0, 400.0, 400.0, 400.0]
class_correct [29.0, 0.0, 340.0, 121.0, 159.0, 30.0]
confusion_matrix [[29, 21, 14, 10, 109, 217], [13, 0, 2, 85, 281, 19], [0, 18, 340, 0, 18, 24], [34, 0, 1, 121, 207, 37], [0, 0, 162, 1, 159, 78], [0, 0, 29, 25, 316, 30]]
traning started for  7 epoch
epoch 7 loss: 1.45724105835
test accuracy :  0.277083333333
class_total [400.0, 400.0, 400.0, 400.0, 400.0, 400.0]
class_correct [44.0, 0.0, 346.0, 107.0, 149.0, 19.0]
confusion_matrix [[44, 10, 7, 3, 91, 245], [36, 0, 1, 85, 256, 22], [0, 8, 346, 0, 12, 34], [30, 0, 1, 107, 238, 24], [0, 1, 123, 0, 149, 127], [0, 0, 20, 36, 325, 19]]
traning started for  8 epoch
epoch 8 loss: 0.37130856514
test accuracy :  0.28125
class_total [400.0, 400.0, 400.0, 400.0, 400.0, 400.0]
class_correct [41.0, 0.0, 323.0, 137.0, 148.0, 26.0]
confusion_matrix [[41, 15, 3, 2, 62, 277], [34, 0, 1, 52, 272, 41], [0, 13, 323, 0, 18, 46], [35, 0, 1, 137, 203, 24], [1, 1, 75, 0, 148, 175], [1, 0, 12, 30, 331, 26]]
traning started for  9 epoch
epoch 9 loss: 0.235586643219
test accuracy :  0.283333333333
class_total [400.0, 400.0, 400.0, 400.0, 400.0, 400.0]
class_correct [68.0, 0.0, 329.0, 102.0, 158.0, 23.0]
confusion_matrix [[68, 13, 4, 2, 35, 278], [13, 0, 0, 30, 305, 52], [0, 20, 329, 0, 24, 27], [18, 0, 1, 102, 257, 22], [1, 1, 71, 0, 158, 169], [0, 0, 18, 15, 344, 23]]
traning started for  10 epoch
epoch 10 loss: 0.216064929962
test accuracy :  0.297083333333
class_total [400.0, 400.0, 400.0, 400.0, 400.0, 400.0]
class_correct [54.0, 0.0, 353.0, 108.0, 184.0, 14.0]
confusion_matrix [[54, 12, 6, 4, 66, 258], [17, 0, 0, 23, 328, 32], [0, 5, 353, 0, 30, 12], [7, 0, 1, 108, 275, 9], [0, 1, 74, 0, 184, 141], [1, 0, 7, 31, 347, 14]]
traning started for  11 epoch
epoch 11 loss: 0.212144851685
test accuracy :  0.26625
class_total [400.0, 400.0, 400.0, 400.0, 400.0, 400.0]
class_correct [47.0, 0.0, 353.0, 68.0, 155.0, 16.0]
confusion_matrix [[47, 13, 8, 1, 48, 283], [20, 0, 1, 30, 305, 44], [0, 6, 353, 0, 24, 17], [5, 0, 1, 68, 307, 19], [0, 2, 79, 0, 155, 164], [1, 0, 16, 17, 350, 16]]
traning started for  12 epoch
epoch 12 loss: 0.691104412079
test accuracy :  0.230416666667
class_total [400.0, 400.0, 400.0, 400.0, 400.0, 400.0]
class_correct [34.0, 0.0, 344.0, 52.0, 92.0, 31.0]
confusion_matrix [[34, 32, 6, 3, 18, 307], [15, 0, 0, 19, 277, 89], [0, 20, 344, 0, 12, 24], [9, 0, 1, 52, 292, 46], [0, 6, 86, 0, 92, 216], [1, 0, 20, 11, 337, 31]]
traning started for  13 epoch
