cuda
traning started for  1 epoch
epoch 1 loss: 1.75068902969
test accuracy :  0.16
class_total [400.0, 400.0, 400.0, 400.0, 400.0, 400.0]
class_correct [53.0, 62.0, 48.0, 68.0, 70.0, 83.0]
confusion_matrix [[53, 83, 53, 89, 63, 59], [56, 62, 55, 80, 59, 88], [52, 83, 48, 70, 78, 69], [53, 74, 60, 68, 69, 76], [55, 81, 63, 72, 70, 59], [57, 77, 48, 58, 77, 83]]
traning started for  2 epoch
epoch 2 loss: 1.77824604511
test accuracy :  0.162083333333
class_total [400.0, 400.0, 400.0, 400.0, 400.0, 400.0]
class_correct [45.0, 66.0, 64.0, 81.0, 62.0, 71.0]
confusion_matrix [[45, 74, 60, 83, 57, 81], [68, 66, 46, 70, 65, 85], [55, 76, 64, 86, 52, 67], [62, 62, 57, 81, 69, 69], [58, 80, 55, 61, 62, 84], [63, 68, 49, 82, 67, 71]]
traning started for  3 epoch
epoch 3 loss: 2.02901697159
test accuracy :  0.170416666667
class_total [400.0, 400.0, 400.0, 400.0, 400.0, 400.0]
class_correct [67.0, 57.0, 61.0, 69.0, 78.0, 77.0]
confusion_matrix [[67, 74, 60, 77, 61, 61], [60, 57, 62, 80, 61, 80], [65, 68, 61, 61, 82, 63], [54, 66, 65, 69, 73, 73], [72, 69, 59, 65, 78, 57], [60, 68, 45, 69, 81, 77]]
traning started for  4 epoch
epoch 4 loss: 1.51865291595
test accuracy :  0.177083333333
class_total [400.0, 400.0, 400.0, 400.0, 400.0, 400.0]
class_correct [68.0, 70.0, 66.0, 71.0, 92.0, 58.0]
confusion_matrix [[68, 85, 50, 80, 45, 72], [64, 70, 71, 70, 63, 62], [63, 66, 66, 52, 79, 74], [43, 69, 67, 71, 74, 76], [53, 56, 62, 60, 92, 77], [66, 80, 56, 79, 61, 58]]
traning started for  5 epoch
epoch 5 loss: 1.65774345398
test accuracy :  0.179166666667
class_total [400.0, 400.0, 400.0, 400.0, 400.0, 400.0]
class_correct [50.0, 68.0, 80.0, 80.0, 80.0, 72.0]
confusion_matrix [[50, 75, 66, 55, 68, 86], [45, 68, 63, 63, 75, 86], [53, 64, 80, 63, 87, 53], [34, 57, 76, 80, 71, 82], [48, 74, 74, 69, 80, 55], [55, 67, 71, 71, 64, 72]]
traning started for  6 epoch
