cuda
traning started for  1 epoch
epoch 1 loss: 1.61027300358
test accuracy :  0.149583333333
class_total [400.0, 400.0, 400.0, 400.0, 400.0, 400.0]
class_correct [51.0, 57.0, 69.0, 78.0, 59.0, 45.0]
confusion_matrix [[51, 63, 91, 64, 68, 63], [72, 57, 84, 64, 59, 64], [69, 79, 69, 68, 67, 48], [66, 74, 73, 78, 59, 50], [75, 53, 87, 76, 59, 50], [76, 70, 74, 74, 61, 45]]
traning started for  2 epoch
epoch 2 loss: 1.56273341179
test accuracy :  0.1575
class_total [400.0, 400.0, 400.0, 400.0, 400.0, 400.0]
class_correct [61.0, 50.0, 80.0, 61.0, 71.0, 55.0]
confusion_matrix [[61, 57, 87, 63, 79, 53], [73, 50, 83, 67, 80, 47], [69, 63, 80, 56, 73, 59], [70, 67, 73, 61, 70, 59], [78, 56, 77, 54, 71, 64], [61, 71, 55, 75, 83, 55]]
traning started for  3 epoch
epoch 3 loss: 1.60177993774
test accuracy :  0.175416666667
class_total [400.0, 400.0, 400.0, 400.0, 400.0, 400.0]
class_correct [66.0, 66.0, 83.0, 67.0, 75.0, 64.0]
confusion_matrix [[66, 84, 61, 61, 60, 68], [61, 66, 66, 70, 79, 58], [54, 73, 83, 63, 72, 55], [62, 69, 72, 67, 63, 67], [85, 64, 74, 57, 75, 45], [67, 67, 55, 71, 76, 64]]
traning started for  4 epoch
epoch 4 loss: 1.6407392025
test accuracy :  0.173333333333
class_total [400.0, 400.0, 400.0, 400.0, 400.0, 400.0]
class_correct [73.0, 64.0, 75.0, 57.0, 81.0, 66.0]
confusion_matrix [[73, 77, 62, 47, 80, 61], [81, 64, 54, 69, 72, 60], [71, 64, 75, 59, 68, 63], [80, 63, 72, 57, 84, 44], [88, 52, 73, 46, 81, 60], [78, 50, 66, 64, 76, 66]]
traning started for  5 epoch
epoch 5 loss: 1.8879557848
test accuracy :  0.1675
class_total [400.0, 400.0, 400.0, 400.0, 400.0, 400.0]
class_correct [83.0, 36.0, 67.0, 55.0, 92.0, 69.0]
confusion_matrix [[83, 48, 61, 64, 72, 72], [64, 36, 78, 76, 85, 61], [76, 55, 67, 57, 80, 65], [80, 57, 83, 55, 67, 58], [72, 49, 78, 62, 92, 47], [74, 51, 48, 80, 78, 69]]
traning started for  6 epoch
epoch 6 loss: 1.51544523239
test accuracy :  0.173333333333
class_total [400.0, 400.0, 400.0, 400.0, 400.0, 400.0]
class_correct [63.0, 59.0, 100.0, 57.0, 63.0, 74.0]
confusion_matrix [[63, 62, 70, 71, 60, 74], [72, 59, 75, 77, 51, 66], [58, 53, 100, 63, 59, 67], [74, 59, 81, 57, 62, 67], [67, 51, 90, 65, 63, 64], [77, 64, 57, 74, 54, 74]]
traning started for  7 epoch
epoch 7 loss: 1.56906414032
test accuracy :  0.172083333333
class_total [400.0, 400.0, 400.0, 400.0, 400.0, 400.0]
class_correct [73.0, 49.0, 104.0, 62.0, 65.0, 60.0]
confusion_matrix [[73, 67, 61, 57, 75, 67], [68, 49, 81, 66, 69, 67], [50, 42, 104, 62, 69, 73], [66, 52, 72, 62, 79, 69], [60, 49, 95, 67, 65, 64], [72, 59, 63, 84, 62, 60]]
traning started for  8 epoch
epoch 8 loss: 1.51850056648
test accuracy :  0.182083333333
class_total [400.0, 400.0, 400.0, 400.0, 400.0, 400.0]
class_correct [82.0, 64.0, 93.0, 63.0, 73.0, 62.0]
confusion_matrix [[82, 67, 59, 58, 63, 71], [54, 64, 67, 79, 67, 69], [66, 61, 93, 53, 65, 62], [78, 49, 72, 63, 74, 64], [69, 50, 82, 53, 73, 73], [60, 58, 77, 83, 60, 62]]
traning started for  9 epoch
epoch 9 loss: 1.80095851421
test accuracy :  0.167083333333
class_total [400.0, 400.0, 400.0, 400.0, 400.0, 400.0]
class_correct [73.0, 55.0, 88.0, 48.0, 69.0, 68.0]
confusion_matrix [[73, 68, 64, 63, 61, 71], [73, 55, 91, 65, 65, 51], [63, 58, 88, 59, 65, 67], [76, 56, 82, 48, 74, 64], [84, 45, 86, 50, 69, 66], [60, 66, 71, 76, 59, 68]]
traning started for  10 epoch
epoch 10 loss: 1.66196775436
test accuracy :  0.18125
class_total [400.0, 400.0, 400.0, 400.0, 400.0, 400.0]
class_correct [81.0, 50.0, 89.0, 59.0, 87.0, 69.0]
confusion_matrix [[81, 69, 51, 55, 64, 80], [76, 50, 66, 78, 73, 57], [66, 47, 89, 56, 64, 78], [78, 43, 69, 59, 88, 63], [65, 47, 82, 57, 87, 62], [69, 59, 56, 89, 58, 69]]
traning started for  11 epoch
epoch 11 loss: 1.79921960831
test accuracy :  0.18
class_total [400.0, 400.0, 400.0, 400.0, 400.0, 400.0]
class_correct [81.0, 44.0, 101.0, 56.0, 77.0, 73.0]
confusion_matrix [[81, 73, 64, 59, 56, 67], [72, 44, 75, 65, 70, 74], [53, 55, 101, 64, 65, 62], [82, 48, 60, 56, 94, 60], [57, 47, 92, 55, 77, 72], [65, 49, 66, 77, 70, 73]]
traning started for  12 epoch
epoch 12 loss: 1.49835562706
test accuracy :  0.17875
class_total [400.0, 400.0, 400.0, 400.0, 400.0, 400.0]
class_correct [74.0, 47.0, 112.0, 68.0, 73.0, 55.0]
confusion_matrix [[74, 60, 57, 54, 69, 86], [67, 47, 90, 63, 61, 72], [51, 59, 112, 73, 54, 51], [55, 64, 76, 68, 70, 67], [72, 50, 84, 59, 73, 62], [66, 67, 64, 89, 59, 55]]
traning started for  13 epoch
epoch 13 loss: 1.87055468559
test accuracy :  0.190416666667
class_total [400.0, 400.0, 400.0, 400.0, 400.0, 400.0]
class_correct [74.0, 52.0, 103.0, 73.0, 73.0, 82.0]
confusion_matrix [[74, 60, 62, 64, 73, 67], [74, 52, 76, 69, 61, 68], [58, 35, 103, 59, 86, 59], [66, 52, 80, 73, 65, 64], [63, 55, 86, 64, 73, 59], [62, 67, 62, 78, 49, 82]]
traning started for  14 epoch
epoch 14 loss: 1.82666802406
test accuracy :  0.169583333333
class_total [400.0, 400.0, 400.0, 400.0, 400.0, 400.0]
class_correct [68.0, 42.0, 96.0, 64.0, 70.0, 67.0]
confusion_matrix [[68, 60, 62, 69, 69, 72], [61, 42, 82, 86, 72, 57], [58, 52, 96, 68, 61, 65], [79, 52, 67, 64, 77, 61], [64, 50, 95, 46, 70, 75], [62, 46, 76, 80, 69, 67]]
traning started for  15 epoch
epoch 15 loss: 1.78921020031
test accuracy :  0.179583333333
class_total [400.0, 400.0, 400.0, 400.0, 400.0, 400.0]
class_correct [81.0, 47.0, 105.0, 50.0, 74.0, 74.0]
confusion_matrix [[81, 60, 65, 66, 53, 75], [61, 47, 93, 70, 68, 61], [51, 62, 105, 63, 71, 48], [73, 54, 81, 50, 77, 65], [54, 51, 102, 48, 74, 71], [68, 56, 75, 73, 54, 74]]
traning started for  16 epoch
epoch 16 loss: 1.81733202934
test accuracy :  0.175833333333
class_total [400.0, 400.0, 400.0, 400.0, 400.0, 400.0]
class_correct [72.0, 43.0, 103.0, 62.0, 65.0, 77.0]
confusion_matrix [[72, 73, 51, 69, 67, 68], [57, 43, 90, 74, 74, 62], [52, 49, 103, 63, 77, 56], [81, 63, 76, 62, 53, 65], [68, 51, 99, 57, 65, 60], [60, 50, 65, 77, 71, 77]]
traning started for  17 epoch
epoch 17 loss: 1.72785627842
test accuracy :  0.18375
class_total [400.0, 400.0, 400.0, 400.0, 400.0, 400.0]
class_correct [74.0, 50.0, 103.0, 63.0, 81.0, 70.0]
confusion_matrix [[74, 61, 42, 65, 73, 85], [69, 50, 78, 61, 70, 72], [56, 45, 103, 69, 72, 55], [61, 61, 62, 63, 74, 79], [62, 37, 109, 39, 81, 72], [55, 53, 74, 82, 66, 70]]
traning started for  18 epoch
