cuda
traning started for  1 epoch
epoch 1 loss: 1.70635402203
validation accuracy :  0.238611111111
validation class_total [1200.0, 1200.0, 1200.0, 1200.0, 1200.0, 1200.0]
validation class_correct [274.0, 223.0, 263.0, 316.0, 216.0, 426.0]
validation confusion_matrix [[274, 143, 121, 223, 137, 302], [188, 223, 133, 183, 152, 321], [164, 126, 263, 205, 141, 301], [176, 125, 142, 316, 140, 301], [201, 122, 165, 199, 216, 297], [170, 134, 115, 195, 160, 426]]
test accuracy :  0.167083333333
class_total [400.0, 400.0, 400.0, 400.0, 400.0, 400.0]
class_correct [66.0, 44.0, 61.0, 66.0, 58.0, 106.0]
confusion_matrix [[66, 58, 42, 76, 38, 120], [69, 44, 51, 76, 54, 106], [63, 63, 61, 70, 55, 88], [77, 58, 47, 66, 54, 98], [57, 55, 63, 72, 58, 95], [63, 44, 35, 100, 52, 106]]
traning started for  2 epoch
epoch 2 loss: 1.39476895332
validation accuracy :  0.28125
validation class_total [1200.0, 1200.0, 1200.0, 1200.0, 1200.0, 1200.0]
validation class_correct [376.0, 331.0, 377.0, 418.0, 212.0, 311.0]
validation confusion_matrix [[376, 140, 114, 295, 122, 153], [138, 331, 157, 231, 128, 215], [130, 186, 377, 215, 141, 151], [249, 129, 135, 418, 132, 137], [202, 158, 201, 272, 212, 155], [174, 210, 133, 247, 125, 311]]
test accuracy :  0.1775
class_total [400.0, 400.0, 400.0, 400.0, 400.0, 400.0]
class_correct [61.0, 73.0, 73.0, 100.0, 54.0, 65.0]
confusion_matrix [[61, 89, 51, 74, 40, 85], [72, 73, 59, 83, 50, 63], [52, 89, 73, 84, 47, 55], [54, 71, 59, 100, 46, 70], [63, 57, 75, 85, 54, 66], [67, 60, 36, 134, 38, 65]]
traning started for  3 epoch
epoch 3 loss: 1.64332544804
validation accuracy :  0.376388888889
validation class_total [1200.0, 1200.0, 1200.0, 1200.0, 1200.0, 1200.0]
validation class_correct [589.0, 465.0, 566.0, 459.0, 244.0, 387.0]
validation confusion_matrix [[589, 75, 71, 243, 117, 105], [73, 465, 231, 63, 96, 272], [53, 235, 566, 65, 113, 168], [378, 71, 123, 459, 91, 78], [250, 135, 188, 236, 244, 147], [141, 226, 193, 122, 131, 387]]
test accuracy :  0.173333333333
class_total [400.0, 400.0, 400.0, 400.0, 400.0, 400.0]
class_correct [51.0, 63.0, 124.0, 64.0, 62.0, 52.0]
confusion_matrix [[51, 96, 71, 38, 50, 94], [62, 63, 73, 90, 52, 60], [21, 100, 124, 23, 60, 72], [78, 63, 65, 64, 58, 72], [39, 69, 125, 34, 62, 71], [113, 38, 41, 106, 50, 52]]
traning started for  4 epoch
epoch 4 loss: 1.28047168255
validation accuracy :  0.497638888889
validation class_total [1200.0, 1200.0, 1200.0, 1200.0, 1200.0, 1200.0]
validation class_correct [509.0, 742.0, 807.0, 670.0, 428.0, 427.0]
validation confusion_matrix [[509, 24, 18, 461, 127, 61], [1, 742, 385, 2, 5, 65], [0, 344, 807, 0, 7, 42], [287, 10, 32, 670, 150, 51], [90, 80, 180, 183, 428, 239], [29, 317, 298, 42, 87, 427]]
test accuracy :  0.192083333333
class_total [400.0, 400.0, 400.0, 400.0, 400.0, 400.0]
class_correct [16.0, 9.0, 197.0, 115.0, 48.0, 76.0]
confusion_matrix [[16, 100, 59, 28, 64, 133], [65, 9, 21, 164, 99, 42], [0, 156, 197, 1, 3, 43], [53, 27, 30, 115, 86, 89], [3, 80, 160, 8, 48, 101], [41, 17, 52, 107, 107, 76]]
traning started for  5 epoch
epoch 5 loss: 1.16334021091
validation accuracy :  0.644583333333
validation class_total [1200.0, 1200.0, 1200.0, 1200.0, 1200.0, 1200.0]
validation class_correct [684.0, 886.0, 896.0, 696.0, 738.0, 741.0]
validation confusion_matrix [[684, 3, 1, 357, 106, 49], [0, 886, 251, 0, 6, 57], [0, 265, 896, 0, 16, 23], [390, 0, 0, 696, 92, 22], [69, 17, 46, 93, 738, 237], [21, 96, 115, 20, 207, 741]]
test accuracy :  0.19875
class_total [400.0, 400.0, 400.0, 400.0, 400.0, 400.0]
class_correct [36.0, 1.0, 219.0, 97.0, 75.0, 49.0]
confusion_matrix [[36, 54, 20, 19, 80, 191], [72, 1, 4, 101, 189, 33], [0, 137, 219, 0, 9, 35], [84, 7, 2, 97, 115, 95], [0, 51, 137, 0, 75, 137], [52, 0, 8, 79, 212, 49]]
traning started for  6 epoch
epoch 6 loss: 0.815398216248
validation accuracy :  0.753194444444
validation class_total [1200.0, 1200.0, 1200.0, 1200.0, 1200.0, 1200.0]
validation class_correct [714.0, 975.0, 1132.0, 711.0, 966.0, 925.0]
validation confusion_matrix [[714, 1, 0, 348, 87, 50], [0, 975, 167, 0, 5, 53], [0, 43, 1132, 0, 18, 7], [366, 0, 1, 711, 105, 17], [21, 1, 34, 26, 966, 152], [18, 39, 52, 2, 164, 925]]
test accuracy :  0.226666666667
class_total [400.0, 400.0, 400.0, 400.0, 400.0, 400.0]
class_correct [28.0, 0.0, 326.0, 76.0, 89.0, 25.0]
confusion_matrix [[28, 32, 15, 16, 80, 229], [26, 0, 0, 69, 247, 58], [0, 39, 326, 0, 12, 23], [54, 1, 0, 76, 156, 113], [0, 1, 170, 0, 89, 140], [13, 0, 9, 43, 310, 25]]
traning started for  7 epoch
epoch 7 loss: 0.779779434204
validation accuracy :  0.832916666667
validation class_total [1200.0, 1200.0, 1200.0, 1200.0, 1200.0, 1200.0]
validation class_correct [687.0, 1143.0, 1179.0, 875.0, 1060.0, 1053.0]
validation confusion_matrix [[687, 0, 0, 410, 48, 55], [0, 1143, 35, 0, 0, 22], [0, 15, 1179, 0, 5, 1], [208, 1, 0, 875, 88, 28], [5, 0, 43, 15, 1060, 77], [5, 35, 38, 3, 66, 1053]]
test accuracy :  0.205833333333
class_total [400.0, 400.0, 400.0, 400.0, 400.0, 400.0]
class_correct [19.0, 0.0, 357.0, 53.0, 50.0, 15.0]
confusion_matrix [[19, 41, 17, 17, 29, 277], [13, 0, 1, 45, 277, 64], [0, 23, 357, 0, 5, 15], [28, 2, 1, 53, 184, 132], [0, 10, 248, 0, 50, 92], [4, 0, 12, 26, 343, 15]]
traning started for  8 epoch
epoch 8 loss: 1.02627444267
validation accuracy :  0.855972222222
validation class_total [1200.0, 1200.0, 1200.0, 1200.0, 1200.0, 1200.0]
validation class_correct [701.0, 1099.0, 1185.0, 975.0, 1165.0, 1038.0]
validation confusion_matrix [[701, 0, 0, 427, 49, 23], [0, 1099, 45, 0, 0, 56], [0, 2, 1185, 0, 13, 0], [110, 0, 0, 975, 109, 6], [0, 0, 11, 14, 1165, 10], [13, 4, 7, 10, 128, 1038]]
test accuracy :  0.25625
class_total [400.0, 400.0, 400.0, 400.0, 400.0, 400.0]
class_correct [51.0, 0.0, 348.0, 91.0, 120.0, 5.0]
confusion_matrix [[51, 13, 11, 24, 41, 260], [8, 0, 0, 99, 253, 40], [0, 7, 348, 0, 27, 18], [10, 0, 0, 91, 251, 48], [0, 2, 137, 0, 120, 141], [0, 0, 3, 29, 363, 5]]
traning started for  9 epoch
epoch 9 loss: 1.08693289757
validation accuracy :  0.924305555556
validation class_total [1200.0, 1200.0, 1200.0, 1200.0, 1200.0, 1200.0]
validation class_correct [983.0, 1162.0, 1176.0, 1014.0, 1166.0, 1154.0]
validation confusion_matrix [[983, 0, 0, 193, 8, 16], [0, 1162, 7, 0, 0, 31], [0, 8, 1176, 0, 14, 2], [118, 0, 0, 1014, 58, 10], [1, 0, 5, 12, 1166, 16], [5, 2, 1, 6, 32, 1154]]
test accuracy :  0.215833333333
class_total [400.0, 400.0, 400.0, 400.0, 400.0, 400.0]
class_correct [52.0, 0.0, 325.0, 89.0, 44.0, 8.0]
confusion_matrix [[52, 27, 6, 21, 18, 276], [9, 0, 0, 99, 213, 79], [0, 15, 325, 0, 26, 34], [17, 0, 0, 89, 204, 90], [0, 19, 94, 0, 44, 243], [0, 0, 3, 22, 367, 8]]
traning started for  10 epoch
epoch 10 loss: 1.08334064484
validation accuracy :  0.953472222222
validation class_total [1200.0, 1200.0, 1200.0, 1200.0, 1200.0, 1200.0]
validation class_correct [1047.0, 1179.0, 1188.0, 1126.0, 1160.0, 1165.0]
validation confusion_matrix [[1047, 0, 0, 126, 7, 20], [0, 1179, 10, 0, 0, 11], [0, 6, 1188, 0, 6, 0], [14, 0, 1, 1126, 54, 5], [0, 0, 7, 14, 1160, 19], [3, 3, 5, 2, 22, 1165]]
test accuracy :  0.222083333333
class_total [400.0, 400.0, 400.0, 400.0, 400.0, 400.0]
class_correct [38.0, 0.0, 361.0, 69.0, 53.0, 12.0]
confusion_matrix [[38, 34, 11, 17, 27, 273], [3, 0, 0, 99, 192, 106], [0, 13, 361, 0, 9, 17], [5, 0, 2, 69, 245, 79], [0, 9, 139, 0, 53, 199], [0, 0, 3, 42, 343, 12]]
traning started for  11 epoch
epoch 11 loss: 0.131635665894
validation accuracy :  0.969722222222
validation class_total [1200.0, 1200.0, 1200.0, 1200.0, 1200.0, 1200.0]
validation class_correct [1094.0, 1189.0, 1197.0, 1146.0, 1180.0, 1176.0]
validation confusion_matrix [[1094, 0, 0, 88, 7, 11], [0, 1189, 2, 0, 0, 9], [0, 2, 1197, 0, 1, 0], [5, 0, 0, 1146, 46, 3], [0, 0, 7, 6, 1180, 7], [1, 5, 2, 2, 14, 1176]]
test accuracy :  0.224583333333
class_total [400.0, 400.0, 400.0, 400.0, 400.0, 400.0]
class_correct [56.0, 0.0, 355.0, 75.0, 38.0, 15.0]
confusion_matrix [[56, 54, 7, 18, 24, 241], [3, 0, 1, 93, 203, 100], [0, 13, 355, 0, 11, 21], [3, 0, 1, 75, 242, 79], [0, 15, 130, 0, 38, 217], [0, 0, 7, 46, 332, 15]]
traning started for  12 epoch
epoch 12 loss: 0.531139135361
validation accuracy :  0.985972222222
validation class_total [1200.0, 1200.0, 1200.0, 1200.0, 1200.0, 1200.0]
validation class_correct [1185.0, 1192.0, 1189.0, 1173.0, 1192.0, 1168.0]
validation confusion_matrix [[1185, 0, 0, 13, 1, 1], [1, 1192, 1, 0, 1, 5], [0, 7, 1189, 0, 2, 2], [10, 0, 0, 1173, 17, 0], [2, 0, 0, 5, 1192, 1], [12, 0, 1, 1, 18, 1168]]
test accuracy :  0.247083333333
class_total [400.0, 400.0, 400.0, 400.0, 400.0, 400.0]
class_correct [120.0, 0.0, 328.0, 79.0, 59.0, 7.0]
confusion_matrix [[120, 34, 4, 15, 28, 199], [12, 0, 0, 112, 205, 71], [0, 23, 328, 0, 20, 29], [10, 0, 2, 79, 249, 60], [0, 41, 102, 0, 59, 198], [0, 0, 3, 63, 327, 7]]
traning started for  13 epoch
epoch 13 loss: 0.0264797210693
validation accuracy :  0.990138888889
validation class_total [1200.0, 1200.0, 1200.0, 1200.0, 1200.0, 1200.0]
validation class_correct [1194.0, 1187.0, 1183.0, 1191.0, 1188.0, 1186.0]
validation confusion_matrix [[1194, 0, 0, 5, 0, 1], [1, 1187, 1, 0, 0, 11], [0, 3, 1183, 0, 10, 4], [1, 0, 0, 1191, 7, 1], [0, 0, 0, 10, 1188, 2], [4, 0, 0, 2, 8, 1186]]
test accuracy :  0.239583333333
class_total [400.0, 400.0, 400.0, 400.0, 400.0, 400.0]
class_correct [102.0, 0.0, 305.0, 105.0, 44.0, 19.0]
confusion_matrix [[102, 26, 1, 11, 19, 241], [9, 0, 0, 126, 159, 106], [0, 19, 305, 0, 24, 52], [4, 0, 1, 105, 207, 83], [1, 17, 69, 0, 44, 269], [0, 0, 2, 80, 299, 19]]
traning started for  14 epoch
epoch 14 loss: 0.110500812531
validation accuracy :  0.992638888889
validation class_total [1200.0, 1200.0, 1200.0, 1200.0, 1200.0, 1200.0]
validation class_correct [1192.0, 1190.0, 1190.0, 1192.0, 1187.0, 1196.0]
validation confusion_matrix [[1192, 0, 0, 7, 0, 1], [1, 1190, 0, 0, 0, 9], [0, 3, 1190, 0, 6, 1], [0, 0, 0, 1192, 6, 2], [0, 0, 2, 7, 1187, 4], [1, 0, 0, 1, 2, 1196]]
test accuracy :  0.230416666667
class_total [400.0, 400.0, 400.0, 400.0, 400.0, 400.0]
class_correct [83.0, 0.0, 307.0, 99.0, 40.0, 24.0]
confusion_matrix [[83, 38, 0, 10, 16, 253], [9, 0, 0, 115, 131, 145], [0, 27, 307, 0, 21, 45], [2, 0, 1, 99, 203, 95], [0, 17, 75, 0, 40, 268], [0, 0, 3, 62, 311, 24]]
traning started for  15 epoch
epoch 15 loss: 0.0178232192993
validation accuracy :  0.990416666667
validation class_total [1200.0, 1200.0, 1200.0, 1200.0, 1200.0, 1200.0]
validation class_correct [1176.0, 1188.0, 1197.0, 1189.0, 1198.0, 1183.0]
validation confusion_matrix [[1176, 0, 0, 18, 5, 1], [0, 1188, 6, 0, 1, 5], [0, 0, 1197, 0, 2, 1], [0, 0, 0, 1189, 11, 0], [0, 0, 2, 0, 1198, 0], [0, 0, 3, 2, 12, 1183]]
test accuracy :  0.225
class_total [400.0, 400.0, 400.0, 400.0, 400.0, 400.0]
class_correct [51.0, 0.0, 334.0, 70.0, 80.0, 5.0]
confusion_matrix [[51, 32, 7, 27, 40, 243], [2, 0, 0, 80, 256, 62], [0, 5, 334, 0, 46, 15], [1, 0, 1, 70, 285, 43], [0, 8, 144, 0, 80, 168], [0, 0, 3, 34, 358, 5]]
traning started for  16 epoch
epoch 16 loss: 0.0472946166992
validation accuracy :  0.995555555556
validation class_total [1200.0, 1200.0, 1200.0, 1200.0, 1200.0, 1200.0]
validation class_correct [1200.0, 1199.0, 1196.0, 1189.0, 1191.0, 1193.0]
validation confusion_matrix [[1200, 0, 0, 0, 0, 0], [0, 1199, 0, 0, 0, 1], [0, 3, 1196, 0, 0, 1], [6, 0, 0, 1189, 3, 2], [1, 0, 1, 6, 1191, 1], [3, 1, 1, 0, 2, 1193]]
test accuracy :  0.2275
class_total [400.0, 400.0, 400.0, 400.0, 400.0, 400.0]
class_correct [100.0, 0.0, 337.0, 57.0, 24.0, 28.0]
confusion_matrix [[100, 68, 4, 9, 17, 202], [16, 0, 0, 82, 146, 156], [0, 27, 337, 0, 19, 17], [12, 0, 1, 57, 218, 112], [0, 42, 101, 1, 24, 232], [1, 0, 4, 86, 281, 28]]
traning started for  17 epoch
epoch 17 loss: 0.0288043022156
validation accuracy :  0.9975
validation class_total [1200.0, 1200.0, 1200.0, 1200.0, 1200.0, 1200.0]
validation class_correct [1195.0, 1198.0, 1199.0, 1194.0, 1197.0, 1199.0]
validation confusion_matrix [[1195, 0, 0, 4, 1, 0], [0, 1198, 1, 0, 0, 1], [0, 0, 1199, 0, 1, 0], [1, 0, 0, 1194, 4, 1], [0, 0, 0, 1, 1197, 2], [0, 0, 0, 0, 1, 1199]]
test accuracy :  0.227916666667
class_total [400.0, 400.0, 400.0, 400.0, 400.0, 400.0]
class_correct [61.0, 0.0, 345.0, 74.0, 42.0, 25.0]
confusion_matrix [[61, 67, 6, 13, 17, 236], [12, 0, 0, 106, 146, 136], [0, 19, 345, 0, 21, 15], [6, 0, 1, 74, 231, 88], [0, 35, 114, 0, 42, 209], [0, 0, 4, 54, 317, 25]]
traning started for  18 epoch
epoch 18 loss: 0.0428800582886
validation accuracy :  0.996666666667
validation class_total [1200.0, 1200.0, 1200.0, 1200.0, 1200.0, 1200.0]
validation class_correct [1199.0, 1199.0, 1198.0, 1192.0, 1196.0, 1192.0]
validation confusion_matrix [[1199, 0, 0, 1, 0, 0], [0, 1199, 0, 0, 0, 1], [0, 2, 1198, 0, 0, 0], [2, 0, 0, 1192, 6, 0], [2, 0, 0, 2, 1196, 0], [0, 3, 1, 0, 4, 1192]]
test accuracy :  0.2425
class_total [400.0, 400.0, 400.0, 400.0, 400.0, 400.0]
class_correct [114.0, 1.0, 352.0, 47.0, 51.0, 17.0]
confusion_matrix [[114, 96, 6, 4, 17, 163], [16, 1, 0, 57, 197, 129], [0, 26, 352, 0, 12, 10], [9, 0, 2, 47, 265, 77], [2, 54, 169, 0, 51, 124], [0, 0, 4, 51, 328, 17]]
traning started for  19 epoch
epoch 19 loss: 0.0538959503174
validation accuracy :  0.998888888889
validation class_total [1200.0, 1200.0, 1200.0, 1200.0, 1200.0, 1200.0]
validation class_correct [1199.0, 1199.0, 1199.0, 1198.0, 1200.0, 1197.0]
validation confusion_matrix [[1199, 0, 0, 1, 0, 0], [0, 1199, 0, 0, 0, 1], [0, 0, 1199, 0, 1, 0], [1, 0, 0, 1198, 1, 0], [0, 0, 0, 0, 1200, 0], [1, 0, 0, 2, 0, 1197]]
test accuracy :  0.226666666667
class_total [400.0, 400.0, 400.0, 400.0, 400.0, 400.0]
class_correct [95.0, 1.0, 314.0, 93.0, 21.0, 20.0]
confusion_matrix [[95, 77, 6, 11, 16, 195], [13, 1, 0, 105, 145, 136], [0, 38, 314, 0, 15, 33], [13, 1, 1, 93, 164, 128], [0, 41, 105, 1, 21, 232], [0, 0, 3, 62, 315, 20]]
traning started for  20 epoch
epoch 20 loss: 0.010910987854
validation accuracy :  0.996527777778
validation class_total [1200.0, 1200.0, 1200.0, 1200.0, 1200.0, 1200.0]
validation class_correct [1197.0, 1198.0, 1197.0, 1191.0, 1200.0, 1192.0]
validation confusion_matrix [[1197, 0, 0, 1, 2, 0], [1, 1198, 1, 0, 0, 0], [0, 1, 1197, 0, 2, 0], [0, 0, 0, 1191, 9, 0], [0, 0, 0, 0, 1200, 0], [0, 3, 0, 0, 5, 1192]]
test accuracy :  0.236666666667
class_total [400.0, 400.0, 400.0, 400.0, 400.0, 400.0]
class_correct [83.0, 1.0, 362.0, 62.0, 54.0, 6.0]
confusion_matrix [[83, 99, 8, 4, 32, 174], [12, 1, 0, 75, 208, 104], [0, 15, 362, 0, 14, 9], [3, 0, 4, 62, 255, 76], [0, 26, 146, 0, 54, 174], [0, 0, 7, 31, 356, 6]]
traning started for  21 epoch
epoch 21 loss: 0.0454888343811
validation accuracy :  0.99875
validation class_total [1200.0, 1200.0, 1200.0, 1200.0, 1200.0, 1200.0]
validation class_correct [1199.0, 1200.0, 1199.0, 1198.0, 1198.0, 1197.0]
validation confusion_matrix [[1199, 0, 0, 0, 0, 1], [0, 1200, 0, 0, 0, 0], [0, 1, 1199, 0, 0, 0], [1, 0, 0, 1198, 1, 0], [1, 0, 0, 0, 1198, 1], [2, 1, 0, 0, 0, 1197]]
test accuracy :  0.2325
class_total [400.0, 400.0, 400.0, 400.0, 400.0, 400.0]
class_correct [94.0, 1.0, 327.0, 88.0, 28.0, 20.0]
confusion_matrix [[94, 88, 5, 10, 9, 194], [11, 1, 0, 90, 146, 152], [0, 34, 327, 0, 22, 17], [12, 0, 1, 88, 186, 113], [1, 38, 112, 1, 28, 220], [1, 0, 4, 60, 315, 20]]
traning started for  22 epoch
epoch 22 loss: 0.0367794036865
validation accuracy :  0.998611111111
validation class_total [1200.0, 1200.0, 1200.0, 1200.0, 1200.0, 1200.0]
validation class_correct [1200.0, 1199.0, 1195.0, 1198.0, 1198.0, 1200.0]
validation confusion_matrix [[1200, 0, 0, 0, 0, 0], [0, 1199, 0, 0, 0, 1], [0, 4, 1195, 0, 1, 0], [1, 0, 0, 1198, 0, 1], [1, 0, 1, 0, 1198, 0], [0, 0, 0, 0, 0, 1200]]
test accuracy :  0.23
class_total [400.0, 400.0, 400.0, 400.0, 400.0, 400.0]
class_correct [79.0, 0.0, 338.0, 77.0, 23.0, 35.0]
confusion_matrix [[79, 102, 3, 5, 7, 204], [12, 0, 1, 80, 145, 162], [0, 27, 338, 0, 17, 18], [16, 1, 0, 77, 167, 139], [1, 36, 106, 1, 23, 233], [0, 0, 7, 65, 293, 35]]
traning started for  23 epoch
epoch 23 loss: 0.0627489089966
validation accuracy :  0.999583333333
validation class_total [1200.0, 1200.0, 1200.0, 1200.0, 1200.0, 1200.0]
validation class_correct [1200.0, 1200.0, 1199.0, 1199.0, 1200.0, 1199.0]
validation confusion_matrix [[1200, 0, 0, 0, 0, 0], [0, 1200, 0, 0, 0, 0], [0, 0, 1199, 0, 1, 0], [0, 0, 0, 1199, 1, 0], [0, 0, 0, 0, 1200, 0], [0, 1, 0, 0, 0, 1199]]
test accuracy :  0.23375
class_total [400.0, 400.0, 400.0, 400.0, 400.0, 400.0]
class_correct [98.0, 0.0, 350.0, 79.0, 22.0, 12.0]
confusion_matrix [[98, 83, 5, 14, 11, 189], [8, 0, 0, 106, 139, 147], [0, 13, 350, 0, 20, 17], [5, 0, 3, 79, 207, 106], [0, 21, 124, 1, 22, 232], [0, 0, 5, 43, 340, 12]]
traning started for  24 epoch
epoch 24 loss: 0.0285391807556
validation accuracy :  0.999583333333
validation class_total [1200.0, 1200.0, 1200.0, 1200.0, 1200.0, 1200.0]
validation class_correct [1200.0, 1200.0, 1200.0, 1199.0, 1200.0, 1198.0]
validation confusion_matrix [[1200, 0, 0, 0, 0, 0], [0, 1200, 0, 0, 0, 0], [0, 0, 1200, 0, 0, 0], [0, 0, 0, 1199, 1, 0], [0, 0, 0, 0, 1200, 0], [1, 0, 0, 0, 1, 1198]]
test accuracy :  0.217916666667
class_total [400.0, 400.0, 400.0, 400.0, 400.0, 400.0]
class_correct [57.0, 0.0, 344.0, 68.0, 18.0, 36.0]
confusion_matrix [[57, 74, 11, 17, 7, 234], [6, 0, 2, 82, 136, 174], [0, 33, 344, 0, 7, 16], [3, 1, 1, 68, 205, 122], [0, 31, 107, 1, 18, 243], [0, 0, 7, 46, 311, 36]]
traning started for  25 epoch
epoch 25 loss: 0.0122756958008
validation accuracy :  1.0
validation class_total [1200.0, 1200.0, 1200.0, 1200.0, 1200.0, 1200.0]
validation class_correct [1200.0, 1200.0, 1200.0, 1200.0, 1200.0, 1200.0]
validation confusion_matrix [[1200, 0, 0, 0, 0, 0], [0, 1200, 0, 0, 0, 0], [0, 0, 1200, 0, 0, 0], [0, 0, 0, 1200, 0, 0], [0, 0, 0, 0, 1200, 0], [0, 0, 0, 0, 0, 1200]]
test accuracy :  0.230416666667
class_total [400.0, 400.0, 400.0, 400.0, 400.0, 400.0]
class_correct [86.0, 0.0, 356.0, 54.0, 34.0, 23.0]
confusion_matrix [[86, 97, 2, 7, 7, 201], [13, 0, 1, 68, 171, 147], [0, 17, 356, 0, 17, 10], [7, 1, 2, 54, 246, 90], [0, 45, 135, 0, 34, 186], [0, 0, 5, 48, 324, 23]]
traning started for  26 epoch
epoch 26 loss: 0.00972366333008
validation accuracy :  0.999305555556
validation class_total [1200.0, 1200.0, 1200.0, 1200.0, 1200.0, 1200.0]
validation class_correct [1199.0, 1200.0, 1200.0, 1197.0, 1200.0, 1199.0]
validation confusion_matrix [[1199, 0, 0, 0, 1, 0], [0, 1200, 0, 0, 0, 0], [0, 0, 1200, 0, 0, 0], [2, 0, 0, 1197, 1, 0], [0, 0, 0, 0, 1200, 0], [0, 0, 0, 0, 1, 1199]]
test accuracy :  0.2425
class_total [400.0, 400.0, 400.0, 400.0, 400.0, 400.0]
class_correct [94.0, 0.0, 352.0, 85.0, 31.0, 20.0]
confusion_matrix [[94, 92, 3, 12, 6, 193], [7, 0, 0, 92, 143, 158], [0, 16, 352, 0, 14, 18], [14, 0, 1, 85, 182, 118], [0, 23, 99, 1, 31, 246], [0, 0, 6, 41, 333, 20]]
traning started for  27 epoch
epoch 27 loss: 0.00520181655884
validation accuracy :  0.999861111111
validation class_total [1200.0, 1200.0, 1200.0, 1200.0, 1200.0, 1200.0]
validation class_correct [1200.0, 1200.0, 1200.0, 1199.0, 1200.0, 1200.0]
validation confusion_matrix [[1200, 0, 0, 0, 0, 0], [0, 1200, 0, 0, 0, 0], [0, 0, 1200, 0, 0, 0], [0, 0, 0, 1199, 1, 0], [0, 0, 0, 0, 1200, 0], [0, 0, 0, 0, 0, 1200]]
test accuracy :  0.242916666667
class_total [400.0, 400.0, 400.0, 400.0, 400.0, 400.0]
class_correct [77.0, 1.0, 351.0, 96.0, 40.0, 18.0]
confusion_matrix [[77, 94, 4, 13, 5, 207], [4, 1, 0, 101, 184, 110], [0, 18, 351, 0, 14, 17], [5, 0, 3, 96, 208, 88], [0, 21, 111, 1, 40, 227], [1, 0, 5, 45, 331, 18]]
traning started for  28 epoch
epoch 28 loss: 0.00170803070068
validation accuracy :  1.0
validation class_total [1200.0, 1200.0, 1200.0, 1200.0, 1200.0, 1200.0]
validation class_correct [1200.0, 1200.0, 1200.0, 1200.0, 1200.0, 1200.0]
validation confusion_matrix [[1200, 0, 0, 0, 0, 0], [0, 1200, 0, 0, 0, 0], [0, 0, 1200, 0, 0, 0], [0, 0, 0, 1200, 0, 0], [0, 0, 0, 0, 1200, 0], [0, 0, 0, 0, 0, 1200]]
test accuracy :  0.229166666667
class_total [400.0, 400.0, 400.0, 400.0, 400.0, 400.0]
class_correct [67.0, 0.0, 354.0, 90.0, 16.0, 23.0]
confusion_matrix [[67, 102, 5, 10, 4, 212], [5, 0, 1, 100, 142, 152], [0, 21, 354, 0, 12, 13], [6, 0, 1, 90, 185, 118], [0, 32, 114, 0, 16, 238], [0, 0, 5, 48, 324, 23]]
traning started for  29 epoch
epoch 29 loss: 0.00810718536377
validation accuracy :  0.999861111111
validation class_total [1200.0, 1200.0, 1200.0, 1200.0, 1200.0, 1200.0]
validation class_correct [1200.0, 1200.0, 1200.0, 1200.0, 1200.0, 1199.0]
validation confusion_matrix [[1200, 0, 0, 0, 0, 0], [0, 1200, 0, 0, 0, 0], [0, 0, 1200, 0, 0, 0], [0, 0, 0, 1200, 0, 0], [0, 0, 0, 0, 1200, 0], [1, 0, 0, 0, 0, 1199]]
test accuracy :  0.25125
class_total [400.0, 400.0, 400.0, 400.0, 400.0, 400.0]
class_correct [88.0, 0.0, 354.0, 122.0, 22.0, 17.0]
confusion_matrix [[88, 90, 6, 21, 10, 185], [5, 0, 0, 138, 125, 132], [0, 18, 354, 0, 13, 15], [7, 0, 0, 122, 187, 84], [0, 28, 128, 1, 22, 221], [0, 0, 5, 68, 310, 17]]
traning started for  30 epoch
epoch 30 loss: 0.0376272201538
validation accuracy :  0.999861111111
validation class_total [1200.0, 1200.0, 1200.0, 1200.0, 1200.0, 1200.0]
validation class_correct [1200.0, 1199.0, 1200.0, 1200.0, 1200.0, 1200.0]
validation confusion_matrix [[1200, 0, 0, 0, 0, 0], [1, 1199, 0, 0, 0, 0], [0, 0, 1200, 0, 0, 0], [0, 0, 0, 1200, 0, 0], [0, 0, 0, 0, 1200, 0], [0, 0, 0, 0, 0, 1200]]
test accuracy :  0.22125
class_total [400.0, 400.0, 400.0, 400.0, 400.0, 400.0]
class_correct [79.0, 0.0, 353.0, 68.0, 16.0, 15.0]
confusion_matrix [[79, 94, 4, 7, 8, 208], [11, 0, 1, 87, 135, 166], [0, 22, 353, 0, 10, 15], [13, 1, 1, 68, 199, 118], [0, 37, 104, 1, 16, 242], [0, 0, 6, 39, 340, 15]]
traning started for  31 epoch
epoch 31 loss: 0.00553321838379
validation accuracy :  1.0
validation class_total [1200.0, 1200.0, 1200.0, 1200.0, 1200.0, 1200.0]
validation class_correct [1200.0, 1200.0, 1200.0, 1200.0, 1200.0, 1200.0]
validation confusion_matrix [[1200, 0, 0, 0, 0, 0], [0, 1200, 0, 0, 0, 0], [0, 0, 1200, 0, 0, 0], [0, 0, 0, 1200, 0, 0], [0, 0, 0, 0, 1200, 0], [0, 0, 0, 0, 0, 1200]]
test accuracy :  0.228333333333
class_total [400.0, 400.0, 400.0, 400.0, 400.0, 400.0]
class_correct [71.0, 0.0, 359.0, 76.0, 16.0, 26.0]
confusion_matrix [[71, 87, 6, 17, 8, 211], [3, 0, 1, 108, 122, 166], [0, 15, 359, 0, 10, 16], [3, 0, 2, 76, 210, 109], [0, 25, 107, 1, 16, 251], [0, 0, 4, 52, 318, 26]]
traning started for  32 epoch
epoch 32 loss: 0.00877571105957
validation accuracy :  0.999583333333
validation class_total [1200.0, 1200.0, 1200.0, 1200.0, 1200.0, 1200.0]
validation class_correct [1200.0, 1198.0, 1200.0, 1200.0, 1199.0, 1200.0]
validation confusion_matrix [[1200, 0, 0, 0, 0, 0], [0, 1198, 2, 0, 0, 0], [0, 0, 1200, 0, 0, 0], [0, 0, 0, 1200, 0, 0], [0, 0, 0, 1, 1199, 0], [0, 0, 0, 0, 0, 1200]]
test accuracy :  0.232916666667
class_total [400.0, 400.0, 400.0, 400.0, 400.0, 400.0]
class_correct [72.0, 1.0, 356.0, 88.0, 21.0, 21.0]
confusion_matrix [[72, 80, 7, 25, 9, 207], [6, 1, 1, 140, 107, 145], [0, 16, 356, 0, 15, 13], [5, 0, 2, 88, 194, 111], [0, 31, 98, 1, 21, 249], [0, 0, 9, 74, 296, 21]]
traning started for  33 epoch
epoch 33 loss: 0.0128989219666
