cuda
traning started for  1 epoch
epoch 1 loss: 1.82611596584
validation accuracy :  0.224861111111
validation class_total [1200.0, 1200.0, 1200.0, 1200.0, 1200.0, 1200.0]
validation class_correct [391.0, 317.0, 270.0, 192.0, 282.0, 167.0]
validation confusion_matrix [[391, 155, 165, 174, 202, 113], [219, 317, 114, 130, 249, 171], [269, 179, 270, 124, 247, 111], [345, 163, 159, 192, 232, 109], [288, 173, 201, 152, 282, 104], [281, 224, 123, 176, 229, 167]]
test accuracy :  0.170416666667
class_total [400.0, 400.0, 400.0, 400.0, 400.0, 400.0]
class_correct [103.0, 54.0, 74.0, 60.0, 78.0, 40.0]
confusion_matrix [[103, 70, 52, 54, 76, 45], [109, 54, 71, 47, 72, 47], [102, 54, 74, 41, 92, 37], [101, 56, 61, 60, 84, 38], [130, 41, 69, 58, 78, 24], [124, 67, 39, 57, 73, 40]]
traning started for  2 epoch
epoch 2 loss: 1.27379417419
validation accuracy :  0.424166666667
validation class_total [1200.0, 1200.0, 1200.0, 1200.0, 1200.0, 1200.0]
validation class_correct [281.0, 1014.0, 337.0, 700.0, 471.0, 251.0]
validation confusion_matrix [[281, 4, 13, 642, 219, 41], [0, 1014, 171, 0, 4, 11], [1, 772, 337, 1, 46, 43], [262, 0, 10, 700, 207, 21], [23, 177, 200, 87, 471, 242], [18, 303, 196, 50, 382, 251]]
test accuracy :  0.261666666667
class_total [400.0, 400.0, 400.0, 400.0, 400.0, 400.0]
class_correct [0.0, 27.0, 125.0, 150.0, 226.0, 100.0]
confusion_matrix [[0, 209, 97, 0, 47, 47], [17, 27, 41, 49, 185, 81], [0, 168, 125, 2, 58, 47], [41, 5, 11, 150, 154, 39], [18, 12, 53, 28, 226, 63], [4, 55, 46, 33, 162, 100]]
traning started for  3 epoch
epoch 3 loss: 0.515186071396
validation accuracy :  0.628194444444
validation class_total [1200.0, 1200.0, 1200.0, 1200.0, 1200.0, 1200.0]
validation class_correct [290.0, 1079.0, 1032.0, 773.0, 626.0, 723.0]
validation confusion_matrix [[290, 0, 1, 738, 140, 31], [0, 1079, 58, 1, 4, 58], [0, 81, 1032, 0, 69, 18], [287, 0, 0, 773, 116, 24], [8, 18, 243, 28, 626, 277], [15, 73, 49, 64, 276, 723]]
test accuracy :  0.27875
class_total [400.0, 400.0, 400.0, 400.0, 400.0, 400.0]
class_correct [2.0, 2.0, 242.0, 112.0, 294.0, 17.0]
confusion_matrix [[2, 50, 121, 2, 137, 88], [2, 2, 8, 27, 202, 159], [0, 80, 242, 1, 52, 25], [34, 0, 0, 112, 142, 112], [0, 1, 74, 5, 294, 26], [1, 0, 56, 5, 321, 17]]
traning started for  4 epoch
epoch 4 loss: 1.33458638191
validation accuracy :  0.723333333333
validation class_total [1200.0, 1200.0, 1200.0, 1200.0, 1200.0, 1200.0]
validation class_correct [351.0, 1147.0, 1127.0, 875.0, 979.0, 729.0]
validation confusion_matrix [[351, 0, 0, 789, 52, 8], [0, 1147, 24, 1, 0, 28], [0, 11, 1127, 0, 52, 10], [269, 0, 0, 875, 51, 5], [21, 3, 32, 37, 979, 128], [22, 18, 9, 120, 302, 729]]
test accuracy :  0.274166666667
class_total [400.0, 400.0, 400.0, 400.0, 400.0, 400.0]
class_correct [2.0, 0.0, 235.0, 126.0, 292.0, 3.0]
confusion_matrix [[2, 35, 108, 2, 179, 74], [23, 0, 0, 100, 150, 127], [0, 56, 235, 0, 80, 29], [42, 0, 2, 126, 189, 41], [15, 0, 14, 50, 292, 29], [14, 0, 14, 16, 353, 3]]
traning started for  5 epoch
epoch 5 loss: 0.0278978347778
validation accuracy :  0.776944444444
validation class_total [1200.0, 1200.0, 1200.0, 1200.0, 1200.0, 1200.0]
validation class_correct [441.0, 1166.0, 972.0, 1060.0, 871.0, 1084.0]
validation confusion_matrix [[441, 0, 0, 730, 7, 22], [0, 1166, 0, 1, 0, 33], [0, 68, 972, 0, 126, 34], [101, 0, 0, 1060, 1, 38], [33, 0, 4, 45, 871, 247], [4, 8, 0, 78, 26, 1084]]
test accuracy :  0.185
class_total [400.0, 400.0, 400.0, 400.0, 400.0, 400.0]
class_correct [4.0, 0.0, 73.0, 95.0, 183.0, 89.0]
confusion_matrix [[4, 47, 48, 8, 107, 186], [5, 0, 0, 53, 44, 298], [0, 143, 73, 0, 73, 111], [22, 2, 0, 95, 136, 145], [8, 0, 5, 31, 183, 173], [58, 1, 0, 100, 152, 89]]
traning started for  6 epoch
epoch 6 loss: 0.0355710983276
validation accuracy :  0.886388888889
validation class_total [1200.0, 1200.0, 1200.0, 1200.0, 1200.0, 1200.0]
validation class_correct [866.0, 1128.0, 1090.0, 1182.0, 1038.0, 1078.0]
validation confusion_matrix [[866, 0, 0, 325, 9, 0], [0, 1128, 2, 0, 1, 69], [0, 29, 1090, 1, 63, 17], [11, 0, 0, 1182, 1, 6], [29, 0, 3, 21, 1038, 109], [1, 0, 0, 109, 12, 1078]]
test accuracy :  0.229166666667
class_total [400.0, 400.0, 400.0, 400.0, 400.0, 400.0]
class_correct [20.0, 0.0, 72.0, 187.0, 190.0, 81.0]
confusion_matrix [[20, 24, 97, 18, 157, 84], [0, 0, 0, 103, 30, 267], [0, 75, 72, 0, 66, 187], [30, 0, 0, 187, 65, 118], [19, 0, 23, 51, 190, 117], [28, 0, 3, 111, 177, 81]]
traning started for  7 epoch
epoch 7 loss: 0.108621120453
validation accuracy :  0.919027777778
validation class_total [1200.0, 1200.0, 1200.0, 1200.0, 1200.0, 1200.0]
validation class_correct [1080.0, 1049.0, 1079.0, 1146.0, 1162.0, 1101.0]
validation confusion_matrix [[1080, 0, 0, 70, 50, 0], [0, 1049, 12, 2, 3, 134], [0, 3, 1079, 0, 104, 14], [29, 0, 0, 1146, 7, 18], [5, 0, 7, 0, 1162, 26], [0, 1, 1, 23, 74, 1101]]
test accuracy :  0.22625
class_total [400.0, 400.0, 400.0, 400.0, 400.0, 400.0]
class_correct [6.0, 0.0, 53.0, 99.0, 223.0, 162.0]
confusion_matrix [[6, 7, 118, 1, 231, 37], [13, 0, 0, 135, 86, 166], [0, 25, 53, 0, 137, 185], [44, 0, 0, 99, 193, 64], [64, 0, 24, 40, 223, 49], [0, 0, 4, 12, 222, 162]]
traning started for  8 epoch
epoch 8 loss: 0.0280122756958
validation accuracy :  0.923055555556
validation class_total [1200.0, 1200.0, 1200.0, 1200.0, 1200.0, 1200.0]
validation class_correct [930.0, 1172.0, 1057.0, 1180.0, 1133.0, 1174.0]
validation confusion_matrix [[930, 0, 0, 258, 11, 1], [0, 1172, 0, 0, 1, 27], [1, 108, 1057, 0, 19, 15], [1, 0, 0, 1180, 0, 19], [8, 0, 2, 8, 1133, 49], [1, 0, 0, 23, 2, 1174]]
test accuracy :  0.228333333333
class_total [400.0, 400.0, 400.0, 400.0, 400.0, 400.0]
class_correct [23.0, 0.0, 60.0, 129.0, 108.0, 228.0]
confusion_matrix [[23, 74, 68, 10, 124, 101], [0, 0, 0, 89, 26, 285], [0, 141, 60, 0, 30, 169], [10, 0, 0, 129, 66, 195], [20, 9, 29, 72, 108, 162], [1, 2, 4, 91, 74, 228]]
traning started for  9 epoch
epoch 9 loss: 0.0179109573364
validation accuracy :  0.956805555556
validation class_total [1200.0, 1200.0, 1200.0, 1200.0, 1200.0, 1200.0]
validation class_correct [1043.0, 1180.0, 1179.0, 1135.0, 1179.0, 1173.0]
validation confusion_matrix [[1043, 0, 1, 68, 85, 3], [0, 1180, 9, 0, 0, 11], [0, 2, 1179, 0, 18, 1], [7, 0, 0, 1135, 4, 54], [1, 0, 11, 0, 1179, 9], [0, 7, 2, 1, 17, 1173]]
test accuracy :  0.231666666667
class_total [400.0, 400.0, 400.0, 400.0, 400.0, 400.0]
class_correct [2.0, 0.0, 235.0, 39.0, 166.0, 114.0]
confusion_matrix [[2, 34, 208, 0, 127, 29], [1, 0, 0, 44, 69, 286], [0, 33, 235, 0, 82, 50], [8, 0, 0, 39, 138, 215], [18, 4, 57, 26, 166, 129], [2, 0, 15, 6, 263, 114]]
traning started for  10 epoch
epoch 10 loss: 0.00420379638672
validation accuracy :  0.845277777778
validation class_total [1200.0, 1200.0, 1200.0, 1200.0, 1200.0, 1200.0]
validation class_correct [1073.0, 1096.0, 960.0, 1194.0, 578.0, 1185.0]
validation confusion_matrix [[1073, 0, 0, 127, 0, 0], [0, 1096, 1, 0, 0, 103], [0, 32, 960, 0, 37, 171], [3, 0, 0, 1194, 0, 3], [35, 0, 3, 44, 578, 540], [0, 0, 0, 15, 0, 1185]]
test accuracy :  0.244583333333
class_total [400.0, 400.0, 400.0, 400.0, 400.0, 400.0]
class_correct [41.0, 0.0, 14.0, 242.0, 3.0, 287.0]
confusion_matrix [[41, 35, 55, 26, 45, 198], [0, 0, 0, 159, 0, 241], [0, 50, 14, 0, 1, 335], [12, 0, 0, 242, 3, 143], [3, 1, 2, 123, 3, 268], [3, 0, 0, 99, 11, 287]]
traning started for  11 epoch
epoch 11 loss: 0.0239424705505
validation accuracy :  0.975555555556
validation class_total [1200.0, 1200.0, 1200.0, 1200.0, 1200.0, 1200.0]
validation class_correct [1140.0, 1189.0, 1184.0, 1165.0, 1152.0, 1194.0]
validation confusion_matrix [[1140, 0, 0, 33, 26, 1], [0, 1189, 0, 0, 0, 11], [0, 9, 1184, 0, 4, 3], [0, 0, 0, 1165, 0, 35], [1, 0, 2, 0, 1152, 45], [0, 3, 0, 3, 0, 1194]]
test accuracy :  0.222916666667
class_total [400.0, 400.0, 400.0, 400.0, 400.0, 400.0]
class_correct [12.0, 1.0, 217.0, 34.0, 118.0, 153.0]
confusion_matrix [[12, 101, 101, 3, 83, 100], [0, 1, 0, 7, 37, 355], [0, 76, 217, 0, 26, 81], [2, 0, 0, 34, 81, 283], [1, 6, 140, 6, 118, 129], [1, 1, 17, 11, 217, 153]]
traning started for  12 epoch
epoch 12 loss: 0.00406837463379
validation accuracy :  0.963055555556
validation class_total [1200.0, 1200.0, 1200.0, 1200.0, 1200.0, 1200.0]
validation class_correct [1124.0, 1181.0, 1080.0, 1193.0, 1163.0, 1193.0]
validation confusion_matrix [[1124, 1, 0, 43, 30, 2], [0, 1181, 0, 0, 0, 19], [0, 107, 1080, 0, 6, 7], [4, 0, 0, 1193, 0, 3], [3, 0, 0, 1, 1163, 33], [0, 0, 0, 5, 2, 1193]]
test accuracy :  0.21125
class_total [400.0, 400.0, 400.0, 400.0, 400.0, 400.0]
class_correct [3.0, 0.0, 81.0, 126.0, 42.0, 255.0]
confusion_matrix [[3, 101, 139, 3, 77, 77], [0, 0, 0, 97, 15, 288], [0, 193, 81, 0, 13, 113], [6, 0, 0, 126, 68, 200], [2, 27, 42, 35, 42, 252], [0, 0, 5, 104, 36, 255]]
traning started for  13 epoch
epoch 13 loss: 0.0947437286377
validation accuracy :  0.99375
validation class_total [1200.0, 1200.0, 1200.0, 1200.0, 1200.0, 1200.0]
validation class_correct [1188.0, 1193.0, 1197.0, 1190.0, 1189.0, 1198.0]
validation confusion_matrix [[1188, 0, 0, 5, 7, 0], [0, 1193, 0, 0, 0, 7], [0, 1, 1197, 0, 2, 0], [2, 0, 0, 1190, 0, 8], [0, 0, 2, 0, 1189, 9], [0, 0, 0, 2, 0, 1198]]
test accuracy :  0.23875
class_total [400.0, 400.0, 400.0, 400.0, 400.0, 400.0]
class_correct [11.0, 0.0, 196.0, 72.0, 135.0, 159.0]
confusion_matrix [[11, 55, 174, 1, 100, 59], [1, 0, 0, 29, 41, 329], [0, 117, 196, 0, 14, 73], [12, 0, 0, 72, 131, 185], [10, 5, 112, 18, 135, 120], [3, 0, 16, 26, 196, 159]]
traning started for  14 epoch
epoch 14 loss: 0.222961425781
validation accuracy :  0.993333333333
validation class_total [1200.0, 1200.0, 1200.0, 1200.0, 1200.0, 1200.0]
validation class_correct [1181.0, 1198.0, 1193.0, 1189.0, 1194.0, 1197.0]
validation confusion_matrix [[1181, 0, 0, 5, 14, 0], [0, 1198, 0, 0, 0, 2], [0, 5, 1193, 0, 2, 0], [0, 0, 0, 1189, 1, 10], [0, 0, 2, 0, 1194, 4], [0, 1, 0, 0, 2, 1197]]
test accuracy :  0.2025
class_total [400.0, 400.0, 400.0, 400.0, 400.0, 400.0]
class_correct [12.0, 0.0, 222.0, 60.0, 113.0, 79.0]
confusion_matrix [[12, 108, 160, 1, 91, 28], [0, 0, 0, 18, 56, 326], [0, 132, 222, 0, 10, 36], [7, 2, 0, 60, 149, 182], [3, 19, 167, 8, 113, 90], [0, 1, 21, 16, 283, 79]]
traning started for  15 epoch
epoch 15 loss: 0.0221796035767
validation accuracy :  0.9925
validation class_total [1200.0, 1200.0, 1200.0, 1200.0, 1200.0, 1200.0]
validation class_correct [1169.0, 1191.0, 1195.0, 1199.0, 1197.0, 1195.0]
validation confusion_matrix [[1169, 0, 0, 29, 2, 0], [0, 1191, 5, 1, 0, 3], [0, 0, 1195, 0, 5, 0], [1, 0, 0, 1199, 0, 0], [0, 0, 2, 0, 1197, 1], [0, 0, 0, 2, 3, 1195]]
test accuracy :  0.258333333333
class_total [400.0, 400.0, 400.0, 400.0, 400.0, 400.0]
class_correct [18.0, 0.0, 263.0, 75.0, 133.0, 131.0]
confusion_matrix [[18, 49, 193, 6, 106, 28], [2, 0, 0, 45, 78, 275], [0, 48, 263, 0, 31, 58], [11, 0, 1, 75, 181, 132], [4, 2, 189, 6, 133, 66], [2, 0, 13, 42, 212, 131]]
traning started for  16 epoch
epoch 16 loss: 0.0126662254333
validation accuracy :  0.970694444444
validation class_total [1200.0, 1200.0, 1200.0, 1200.0, 1200.0, 1200.0]
validation class_correct [1144.0, 1180.0, 1127.0, 1190.0, 1150.0, 1198.0]
validation confusion_matrix [[1144, 0, 0, 53, 3, 0], [0, 1180, 0, 0, 0, 20], [0, 51, 1127, 0, 13, 9], [0, 0, 0, 1190, 0, 10], [0, 0, 0, 0, 1150, 50], [0, 0, 0, 2, 0, 1198]]
test accuracy :  0.215833333333
class_total [400.0, 400.0, 400.0, 400.0, 400.0, 400.0]
class_correct [30.0, 0.0, 90.0, 73.0, 77.0, 248.0]
confusion_matrix [[30, 144, 86, 6, 49, 85], [2, 0, 0, 27, 15, 356], [0, 107, 90, 0, 19, 184], [9, 0, 0, 73, 48, 270], [22, 7, 56, 45, 77, 193], [2, 1, 6, 45, 98, 248]]
traning started for  17 epoch
epoch 17 loss: 0.0112800598145
validation accuracy :  0.997083333333
validation class_total [1200.0, 1200.0, 1200.0, 1200.0, 1200.0, 1200.0]
validation class_correct [1198.0, 1199.0, 1199.0, 1199.0, 1188.0, 1196.0]
validation confusion_matrix [[1198, 0, 0, 2, 0, 0], [0, 1199, 1, 0, 0, 0], [0, 0, 1199, 0, 1, 0], [0, 0, 0, 1199, 0, 1], [8, 0, 4, 0, 1188, 0], [0, 0, 0, 4, 0, 1196]]
test accuracy :  0.267083333333
class_total [400.0, 400.0, 400.0, 400.0, 400.0, 400.0]
class_correct [51.0, 0.0, 318.0, 124.0, 75.0, 73.0]
confusion_matrix [[51, 52, 251, 0, 35, 11], [3, 0, 1, 60, 28, 308], [0, 61, 318, 0, 3, 18], [18, 0, 1, 124, 90, 167], [22, 3, 223, 8, 75, 69], [36, 0, 25, 68, 198, 73]]
traning started for  18 epoch
epoch 18 loss: 0.000266075134277
validation accuracy :  0.995694444444
validation class_total [1200.0, 1200.0, 1200.0, 1200.0, 1200.0, 1200.0]
validation class_correct [1186.0, 1198.0, 1198.0, 1197.0, 1198.0, 1192.0]
validation confusion_matrix [[1186, 0, 0, 13, 1, 0], [0, 1198, 1, 1, 0, 0], [0, 0, 1198, 0, 2, 0], [2, 0, 0, 1197, 0, 1], [0, 0, 1, 0, 1198, 1], [0, 0, 2, 1, 5, 1192]]
test accuracy :  0.27125
class_total [400.0, 400.0, 400.0, 400.0, 400.0, 400.0]
class_correct [34.0, 0.0, 321.0, 142.0, 101.0, 53.0]
confusion_matrix [[34, 47, 239, 2, 63, 15], [12, 0, 0, 106, 65, 217], [0, 43, 321, 0, 14, 22], [23, 0, 0, 142, 139, 96], [52, 8, 161, 43, 101, 35], [22, 0, 26, 93, 206, 53]]
traning started for  19 epoch
epoch 19 loss: 0.000272750854492
validation accuracy :  0.998611111111
validation class_total [1200.0, 1200.0, 1200.0, 1200.0, 1200.0, 1200.0]
validation class_correct [1198.0, 1198.0, 1199.0, 1200.0, 1196.0, 1199.0]
validation confusion_matrix [[1198, 0, 0, 1, 1, 0], [0, 1198, 0, 0, 0, 2], [0, 1, 1199, 0, 0, 0], [0, 0, 0, 1200, 0, 0], [0, 0, 0, 0, 1196, 4], [0, 0, 0, 1, 0, 1199]]
test accuracy :  0.255416666667
class_total [400.0, 400.0, 400.0, 400.0, 400.0, 400.0]
class_correct [25.0, 0.0, 241.0, 105.0, 108.0, 134.0]
confusion_matrix [[25, 72, 174, 0, 78, 51], [8, 0, 0, 63, 78, 251], [0, 64, 241, 0, 14, 81], [31, 0, 0, 105, 148, 116], [33, 7, 113, 31, 108, 108], [7, 0, 10, 80, 169, 134]]
traning started for  20 epoch
epoch 20 loss: 8.6784362793e-05
validation accuracy :  0.969583333333
validation class_total [1200.0, 1200.0, 1200.0, 1200.0, 1200.0, 1200.0]
validation class_correct [1093.0, 1193.0, 1200.0, 1170.0, 1129.0, 1196.0]
validation confusion_matrix [[1093, 0, 0, 7, 100, 0], [0, 1193, 4, 0, 0, 3], [0, 0, 1200, 0, 0, 0], [12, 0, 0, 1170, 5, 13], [0, 0, 1, 0, 1129, 70], [0, 0, 0, 2, 2, 1196]]
test accuracy :  0.169583333333
class_total [400.0, 400.0, 400.0, 400.0, 400.0, 400.0]
class_correct [4.0, 0.0, 183.0, 58.0, 79.0, 83.0]
confusion_matrix [[4, 57, 215, 0, 81, 43], [0, 0, 0, 7, 12, 381], [0, 103, 183, 0, 2, 112], [3, 1, 0, 58, 35, 303], [0, 2, 226, 0, 79, 93], [2, 0, 38, 10, 267, 83]]
traning started for  21 epoch
epoch 21 loss: 0.000114440917969
validation accuracy :  0.997777777778
validation class_total [1200.0, 1200.0, 1200.0, 1200.0, 1200.0, 1200.0]
validation class_correct [1199.0, 1197.0, 1196.0, 1194.0, 1199.0, 1199.0]
validation confusion_matrix [[1199, 0, 0, 0, 1, 0], [0, 1197, 1, 1, 0, 1], [0, 1, 1196, 0, 3, 0], [5, 0, 0, 1194, 0, 1], [0, 0, 0, 0, 1199, 1], [0, 0, 0, 1, 0, 1199]]
test accuracy :  0.229166666667
class_total [400.0, 400.0, 400.0, 400.0, 400.0, 400.0]
class_correct [34.0, 0.0, 202.0, 68.0, 197.0, 49.0]
confusion_matrix [[34, 71, 189, 0, 86, 20], [9, 0, 0, 62, 102, 227], [0, 109, 202, 0, 20, 69], [37, 0, 0, 68, 184, 111], [58, 2, 82, 18, 197, 43], [6, 0, 18, 13, 314, 49]]
traning started for  22 epoch
epoch 22 loss: 2.09808349609e-05
validation accuracy :  0.998472222222
validation class_total [1200.0, 1200.0, 1200.0, 1200.0, 1200.0, 1200.0]
validation class_correct [1197.0, 1200.0, 1200.0, 1194.0, 1198.0, 1200.0]
validation confusion_matrix [[1197, 0, 0, 1, 2, 0], [0, 1200, 0, 0, 0, 0], [0, 0, 1200, 0, 0, 0], [3, 0, 0, 1194, 0, 3], [0, 0, 1, 0, 1198, 1], [0, 0, 0, 0, 0, 1200]]
test accuracy :  0.29125
class_total [400.0, 400.0, 400.0, 400.0, 400.0, 400.0]
class_correct [48.0, 0.0, 286.0, 66.0, 167.0, 132.0]
confusion_matrix [[48, 46, 201, 1, 85, 19], [3, 0, 0, 51, 66, 280], [0, 64, 286, 0, 9, 41], [12, 0, 1, 66, 174, 147], [21, 2, 110, 10, 167, 90], [4, 0, 15, 53, 196, 132]]
traning started for  23 epoch
epoch 23 loss: 0.0054817199707
validation accuracy :  0.999444444444
validation class_total [1200.0, 1200.0, 1200.0, 1200.0, 1200.0, 1200.0]
validation class_correct [1200.0, 1200.0, 1198.0, 1200.0, 1199.0, 1199.0]
validation confusion_matrix [[1200, 0, 0, 0, 0, 0], [0, 1200, 0, 0, 0, 0], [0, 2, 1198, 0, 0, 0], [0, 0, 0, 1200, 0, 0], [0, 0, 1, 0, 1199, 0], [0, 0, 0, 1, 0, 1199]]
test accuracy :  0.28625
class_total [400.0, 400.0, 400.0, 400.0, 400.0, 400.0]
class_correct [21.0, 0.0, 223.0, 159.0, 129.0, 155.0]
confusion_matrix [[21, 79, 191, 3, 75, 31], [11, 0, 0, 117, 38, 234], [0, 118, 223, 0, 15, 44], [52, 0, 0, 159, 114, 75], [34, 11, 64, 48, 129, 114], [1, 0, 12, 45, 187, 155]]
traning started for  24 epoch
epoch 24 loss: 7.24792480469e-05
validation accuracy :  0.999305555556
validation class_total [1200.0, 1200.0, 1200.0, 1200.0, 1200.0, 1200.0]
validation class_correct [1200.0, 1198.0, 1200.0, 1200.0, 1199.0, 1198.0]
validation confusion_matrix [[1200, 0, 0, 0, 0, 0], [0, 1198, 0, 0, 0, 2], [0, 0, 1200, 0, 0, 0], [0, 0, 0, 1200, 0, 0], [0, 0, 0, 0, 1199, 1], [0, 0, 0, 2, 0, 1198]]
test accuracy :  0.281666666667
class_total [400.0, 400.0, 400.0, 400.0, 400.0, 400.0]
class_correct [22.0, 0.0, 279.0, 92.0, 138.0, 145.0]
confusion_matrix [[22, 78, 204, 6, 58, 32], [4, 0, 0, 73, 56, 267], [0, 85, 279, 0, 13, 23], [20, 1, 0, 92, 126, 161], [18, 10, 110, 22, 138, 102], [5, 0, 15, 44, 191, 145]]
traning started for  25 epoch
epoch 25 loss: 0.000605583190918
validation accuracy :  0.997777777778
validation class_total [1200.0, 1200.0, 1200.0, 1200.0, 1200.0, 1200.0]
validation class_correct [1198.0, 1200.0, 1193.0, 1197.0, 1198.0, 1198.0]
validation confusion_matrix [[1198, 0, 0, 2, 0, 0], [0, 1200, 0, 0, 0, 0], [0, 3, 1193, 0, 3, 1], [1, 0, 0, 1197, 0, 2], [1, 0, 1, 0, 1198, 0], [0, 0, 0, 1, 1, 1198]]
test accuracy :  0.26
class_total [400.0, 400.0, 400.0, 400.0, 400.0, 400.0]
class_correct [109.0, 0.0, 226.0, 88.0, 80.0, 121.0]
confusion_matrix [[109, 60, 111, 7, 91, 22], [2, 0, 0, 39, 17, 342], [0, 105, 226, 0, 21, 48], [18, 0, 0, 88, 75, 219], [18, 25, 74, 50, 80, 153], [16, 0, 9, 51, 203, 121]]
traning started for  26 epoch
epoch 26 loss: 7.34329223633e-05
validation accuracy :  0.999861111111
validation class_total [1200.0, 1200.0, 1200.0, 1200.0, 1200.0, 1200.0]
validation class_correct [1200.0, 1200.0, 1199.0, 1200.0, 1200.0, 1200.0]
validation confusion_matrix [[1200, 0, 0, 0, 0, 0], [0, 1200, 0, 0, 0, 0], [0, 0, 1199, 0, 1, 0], [0, 0, 0, 1200, 0, 0], [0, 0, 0, 0, 1200, 0], [0, 0, 0, 0, 0, 1200]]
test accuracy :  0.264166666667
class_total [400.0, 400.0, 400.0, 400.0, 400.0, 400.0]
class_correct [39.0, 1.0, 273.0, 126.0, 83.0, 112.0]
confusion_matrix [[39, 90, 182, 5, 64, 20], [4, 1, 1, 41, 27, 326], [0, 90, 273, 0, 10, 27], [12, 0, 0, 126, 84, 178], [14, 18, 129, 29, 83, 127], [6, 0, 14, 39, 229, 112]]
traning started for  27 epoch
epoch 27 loss: 0.00153636932373
validation accuracy :  0.998611111111
validation class_total [1200.0, 1200.0, 1200.0, 1200.0, 1200.0, 1200.0]
validation class_correct [1198.0, 1200.0, 1196.0, 1199.0, 1198.0, 1199.0]
validation confusion_matrix [[1198, 0, 0, 0, 2, 0], [0, 1200, 0, 0, 0, 0], [0, 1, 1196, 0, 3, 0], [0, 0, 0, 1199, 0, 1], [2, 0, 0, 0, 1198, 0], [0, 0, 0, 1, 0, 1199]]
test accuracy :  0.279166666667
class_total [400.0, 400.0, 400.0, 400.0, 400.0, 400.0]
class_correct [60.0, 0.0, 227.0, 129.0, 148.0, 106.0]
confusion_matrix [[60, 108, 125, 4, 77, 26], [1, 0, 0, 56, 29, 314], [0, 85, 227, 0, 12, 76], [18, 0, 0, 129, 97, 156], [26, 8, 70, 25, 148, 123], [16, 0, 7, 77, 194, 106]]
traning started for  28 epoch
epoch 28 loss: 0.000211715698242
validation accuracy :  0.999583333333
validation class_total [1200.0, 1200.0, 1200.0, 1200.0, 1200.0, 1200.0]
validation class_correct [1200.0, 1199.0, 1200.0, 1198.0, 1200.0, 1200.0]
validation confusion_matrix [[1200, 0, 0, 0, 0, 0], [0, 1199, 0, 0, 0, 1], [0, 0, 1200, 0, 0, 0], [0, 0, 0, 1198, 0, 2], [0, 0, 0, 0, 1200, 0], [0, 0, 0, 0, 0, 1200]]
test accuracy :  0.247083333333
class_total [400.0, 400.0, 400.0, 400.0, 400.0, 400.0]
class_correct [54.0, 0.0, 258.0, 69.0, 132.0, 80.0]
confusion_matrix [[54, 74, 146, 2, 93, 31], [3, 0, 0, 48, 39, 310], [0, 74, 258, 0, 11, 57], [16, 0, 0, 69, 145, 170], [9, 6, 117, 14, 132, 122], [7, 0, 16, 29, 268, 80]]
traning started for  29 epoch
epoch 29 loss: 0.00145530700684
validation accuracy :  0.9925
validation class_total [1200.0, 1200.0, 1200.0, 1200.0, 1200.0, 1200.0]
validation class_correct [1164.0, 1198.0, 1200.0, 1185.0, 1200.0, 1199.0]
validation confusion_matrix [[1164, 0, 0, 3, 33, 0], [0, 1198, 2, 0, 0, 0], [0, 0, 1200, 0, 0, 0], [4, 0, 0, 1185, 0, 11], [0, 0, 0, 0, 1200, 0], [0, 0, 0, 0, 1, 1199]]
test accuracy :  0.249583333333
class_total [400.0, 400.0, 400.0, 400.0, 400.0, 400.0]
class_correct [7.0, 1.0, 333.0, 34.0, 83.0, 141.0]
confusion_matrix [[7, 41, 248, 1, 77, 26], [1, 1, 0, 18, 64, 316], [0, 50, 333, 0, 1, 16], [2, 0, 1, 34, 198, 165], [1, 0, 248, 2, 83, 66], [0, 0, 14, 21, 224, 141]]
traning started for  30 epoch
epoch 30 loss: 0.0237054824829
validation accuracy :  0.995
validation class_total [1200.0, 1200.0, 1200.0, 1200.0, 1200.0, 1200.0]
validation class_correct [1195.0, 1194.0, 1198.0, 1193.0, 1187.0, 1197.0]
validation confusion_matrix [[1195, 0, 0, 0, 5, 0], [0, 1194, 3, 0, 0, 3], [0, 0, 1198, 0, 2, 0], [2, 0, 0, 1193, 0, 5], [0, 0, 12, 0, 1187, 1], [0, 0, 0, 0, 3, 1197]]
test accuracy :  0.279166666667
class_total [400.0, 400.0, 400.0, 400.0, 400.0, 400.0]
class_correct [17.0, 0.0, 272.0, 62.0, 216.0, 103.0]
confusion_matrix [[17, 63, 222, 1, 71, 26], [3, 0, 5, 33, 104, 255], [0, 50, 272, 0, 8, 70], [18, 0, 1, 62, 176, 143], [24, 1, 74, 11, 216, 74], [6, 0, 38, 31, 222, 103]]
traning started for  31 epoch
epoch 31 loss: 4.38690185547e-05
validation accuracy :  0.997916666667
validation class_total [1200.0, 1200.0, 1200.0, 1200.0, 1200.0, 1200.0]
validation class_correct [1197.0, 1198.0, 1198.0, 1200.0, 1194.0, 1198.0]
validation confusion_matrix [[1197, 0, 0, 3, 0, 0], [0, 1198, 0, 0, 0, 2], [0, 0, 1198, 0, 2, 0], [0, 0, 0, 1200, 0, 0], [1, 0, 0, 0, 1194, 5], [0, 0, 0, 2, 0, 1198]]
test accuracy :  0.28125
class_total [400.0, 400.0, 400.0, 400.0, 400.0, 400.0]
class_correct [46.0, 0.0, 249.0, 77.0, 219.0, 84.0]
confusion_matrix [[46, 69, 143, 1, 100, 41], [9, 0, 0, 60, 92, 239], [0, 33, 249, 0, 28, 90], [26, 0, 0, 77, 151, 146], [6, 1, 94, 8, 219, 72], [12, 0, 11, 42, 251, 84]]
traning started for  32 epoch
epoch 32 loss: 7.62939453125e-06
validation accuracy :  0.999583333333
validation class_total [1200.0, 1200.0, 1200.0, 1200.0, 1200.0, 1200.0]
validation class_correct [1200.0, 1200.0, 1199.0, 1200.0, 1198.0, 1200.0]
validation confusion_matrix [[1200, 0, 0, 0, 0, 0], [0, 1200, 0, 0, 0, 0], [0, 0, 1199, 0, 1, 0], [0, 0, 0, 1200, 0, 0], [1, 0, 0, 0, 1198, 1], [0, 0, 0, 0, 0, 1200]]
test accuracy :  0.245416666667
class_total [400.0, 400.0, 400.0, 400.0, 400.0, 400.0]
class_correct [40.0, 0.0, 221.0, 85.0, 98.0, 145.0]
confusion_matrix [[40, 120, 144, 7, 54, 35], [3, 0, 0, 58, 37, 302], [0, 105, 221, 0, 8, 66], [18, 0, 0, 85, 119, 178], [8, 14, 155, 12, 98, 113], [3, 1, 18, 47, 186, 145]]
traning started for  33 epoch
epoch 33 loss: 0.00114250183105
validation accuracy :  0.998888888889
validation class_total [1200.0, 1200.0, 1200.0, 1200.0, 1200.0, 1200.0]
validation class_correct [1200.0, 1200.0, 1198.0, 1200.0, 1196.0, 1198.0]
validation confusion_matrix [[1200, 0, 0, 0, 0, 0], [0, 1200, 0, 0, 0, 0], [0, 1, 1198, 0, 1, 0], [0, 0, 0, 1200, 0, 0], [4, 0, 0, 0, 1196, 0], [0, 0, 0, 2, 0, 1198]]
test accuracy :  0.275
class_total [400.0, 400.0, 400.0, 400.0, 400.0, 400.0]
class_correct [96.0, 0.0, 200.0, 179.0, 76.0, 109.0]
confusion_matrix [[96, 99, 137, 12, 38, 18], [13, 0, 0, 199, 25, 163], [0, 137, 200, 0, 10, 53], [36, 0, 1, 179, 60, 124], [83, 19, 84, 73, 76, 65], [25, 2, 14, 126, 124, 109]]
traning started for  34 epoch
epoch 34 loss: 2.38418579102e-05
validation accuracy :  0.999722222222
validation class_total [1200.0, 1200.0, 1200.0, 1200.0, 1200.0, 1200.0]
validation class_correct [1200.0, 1199.0, 1200.0, 1199.0, 1200.0, 1200.0]
validation confusion_matrix [[1200, 0, 0, 0, 0, 0], [0, 1199, 0, 0, 0, 1], [0, 0, 1200, 0, 0, 0], [1, 0, 0, 1199, 0, 0], [0, 0, 0, 0, 1200, 0], [0, 0, 0, 0, 0, 1200]]
test accuracy :  0.307083333333
class_total [400.0, 400.0, 400.0, 400.0, 400.0, 400.0]
class_correct [56.0, 0.0, 285.0, 100.0, 178.0, 118.0]
confusion_matrix [[56, 81, 175, 0, 68, 20], [3, 0, 0, 61, 39, 297], [0, 53, 285, 0, 26, 36], [9, 0, 0, 100, 107, 184], [34, 3, 96, 21, 178, 68], [9, 0, 19, 44, 210, 118]]
traning started for  35 epoch
epoch 35 loss: 0.00255012512207
validation accuracy :  0.999861111111
validation class_total [1200.0, 1200.0, 1200.0, 1200.0, 1200.0, 1200.0]
validation class_correct [1200.0, 1200.0, 1199.0, 1200.0, 1200.0, 1200.0]
validation confusion_matrix [[1200, 0, 0, 0, 0, 0], [0, 1200, 0, 0, 0, 0], [0, 0, 1199, 0, 1, 0], [0, 0, 0, 1200, 0, 0], [0, 0, 0, 0, 1200, 0], [0, 0, 0, 0, 0, 1200]]
test accuracy :  0.3
class_total [400.0, 400.0, 400.0, 400.0, 400.0, 400.0]
class_correct [37.0, 0.0, 279.0, 84.0, 167.0, 153.0]
confusion_matrix [[37, 69, 181, 0, 89, 24], [4, 0, 0, 63, 52, 281], [0, 39, 279, 0, 25, 57], [19, 0, 0, 84, 142, 155], [38, 3, 100, 13, 167, 79], [5, 0, 13, 40, 189, 153]]
traning started for  36 epoch
epoch 36 loss: 1.23977661133e-05
validation accuracy :  0.999722222222
validation class_total [1200.0, 1200.0, 1200.0, 1200.0, 1200.0, 1200.0]
validation class_correct [1200.0, 1199.0, 1200.0, 1200.0, 1199.0, 1200.0]
validation confusion_matrix [[1200, 0, 0, 0, 0, 0], [0, 1199, 0, 1, 0, 0], [0, 0, 1200, 0, 0, 0], [0, 0, 0, 1200, 0, 0], [0, 0, 0, 0, 1199, 1], [0, 0, 0, 0, 0, 1200]]
test accuracy :  0.310416666667
class_total [400.0, 400.0, 400.0, 400.0, 400.0, 400.0]
class_correct [39.0, 0.0, 313.0, 79.0, 150.0, 164.0]
confusion_matrix [[39, 83, 183, 1, 66, 28], [5, 0, 0, 79, 33, 283], [0, 41, 313, 0, 17, 29], [22, 0, 0, 79, 101, 198], [44, 2, 101, 15, 150, 88], [9, 1, 24, 35, 167, 164]]
traning started for  37 epoch
epoch 37 loss: 8.58306884766e-06
validation accuracy :  0.99875
validation class_total [1200.0, 1200.0, 1200.0, 1200.0, 1200.0, 1200.0]
validation class_correct [1200.0, 1200.0, 1195.0, 1198.0, 1198.0, 1200.0]
validation confusion_matrix [[1200, 0, 0, 0, 0, 0], [0, 1200, 0, 0, 0, 0], [0, 1, 1195, 0, 4, 0], [2, 0, 0, 1198, 0, 0], [2, 0, 0, 0, 1198, 0], [0, 0, 0, 0, 0, 1200]]
test accuracy :  0.2575
class_total [400.0, 400.0, 400.0, 400.0, 400.0, 400.0]
class_correct [83.0, 0.0, 201.0, 99.0, 142.0, 93.0]
confusion_matrix [[83, 92, 105, 3, 80, 37], [17, 0, 0, 114, 44, 225], [0, 104, 201, 0, 26, 69], [62, 0, 0, 99, 121, 118], [73, 11, 62, 25, 142, 87], [26, 0, 14, 26, 241, 93]]
traning started for  38 epoch
epoch 38 loss: 0.000428199768066
validation accuracy :  0.999722222222
validation class_total [1200.0, 1200.0, 1200.0, 1200.0, 1200.0, 1200.0]
validation class_correct [1199.0, 1200.0, 1200.0, 1199.0, 1200.0, 1200.0]
validation confusion_matrix [[1199, 0, 0, 0, 1, 0], [0, 1200, 0, 0, 0, 0], [0, 0, 1200, 0, 0, 0], [1, 0, 0, 1199, 0, 0], [0, 0, 0, 0, 1200, 0], [0, 0, 0, 0, 0, 1200]]
test accuracy :  0.25625
class_total [400.0, 400.0, 400.0, 400.0, 400.0, 400.0]
class_correct [30.0, 0.0, 297.0, 63.0, 123.0, 102.0]
confusion_matrix [[30, 79, 214, 0, 56, 21], [3, 0, 0, 90, 48, 259], [0, 68, 297, 0, 13, 22], [33, 0, 0, 63, 165, 139], [25, 6, 138, 16, 123, 92], [8, 0, 23, 23, 244, 102]]
traning started for  39 epoch
epoch 39 loss: 6.19888305664e-05
validation accuracy :  1.0
validation class_total [1200.0, 1200.0, 1200.0, 1200.0, 1200.0, 1200.0]
validation class_correct [1200.0, 1200.0, 1200.0, 1200.0, 1200.0, 1200.0]
validation confusion_matrix [[1200, 0, 0, 0, 0, 0], [0, 1200, 0, 0, 0, 0], [0, 0, 1200, 0, 0, 0], [0, 0, 0, 1200, 0, 0], [0, 0, 0, 0, 1200, 0], [0, 0, 0, 0, 0, 1200]]
test accuracy :  0.265416666667
class_total [400.0, 400.0, 400.0, 400.0, 400.0, 400.0]
class_correct [46.0, 0.0, 264.0, 91.0, 120.0, 116.0]
confusion_matrix [[46, 88, 182, 3, 57, 24], [8, 0, 0, 108, 48, 236], [0, 85, 264, 0, 12, 39], [49, 0, 0, 91, 150, 110], [56, 5, 96, 38, 120, 85], [20, 0, 12, 61, 191, 116]]
traning started for  40 epoch
epoch 40 loss: 0.00609874725342
