cuda
traning started for  1 epoch
epoch 1 loss: 1.75632214546
validation accuracy :  0.336805555556
validation class_total [1200.0, 1200.0, 1200.0, 1200.0, 1200.0, 1200.0]
validation class_correct [385.0, 55.0, 1125.0, 613.0, 109.0, 138.0]
validation confusion_matrix [[385, 28, 90, 561, 43, 93], [177, 55, 424, 304, 94, 146], [6, 10, 1125, 5, 32, 22], [335, 25, 101, 613, 38, 88], [64, 37, 794, 119, 109, 77], [124, 44, 592, 202, 100, 138]]
test accuracy :  0.247083333333
class_total [400.0, 400.0, 400.0, 400.0, 400.0, 400.0]
class_correct [56.0, 13.0, 351.0, 106.0, 28.0, 39.0]
confusion_matrix [[56, 17, 119, 126, 28, 54], [36, 13, 219, 46, 45, 41], [2, 0, 351, 7, 30, 10], [51, 9, 126, 106, 64, 44], [3, 1, 341, 7, 28, 20], [16, 9, 283, 23, 30, 39]]
traning started for  2 epoch
epoch 2 loss: 1.78133249283
validation accuracy :  0.539583333333
validation class_total [1200.0, 1200.0, 1200.0, 1200.0, 1200.0, 1200.0]
validation class_correct [477.0, 638.0, 1104.0, 659.0, 719.0, 288.0]
validation confusion_matrix [[477, 1, 0, 638, 59, 25], [1, 638, 137, 0, 293, 131], [0, 84, 1104, 0, 12, 0], [473, 0, 0, 659, 57, 11], [28, 208, 13, 7, 719, 225], [29, 156, 14, 11, 702, 288]]
test accuracy :  0.182916666667
class_total [400.0, 400.0, 400.0, 400.0, 400.0, 400.0]
class_correct [28.0, 13.0, 184.0, 46.0, 100.0, 68.0]
confusion_matrix [[28, 27, 1, 31, 229, 84], [45, 13, 1, 42, 222, 77], [0, 174, 184, 0, 32, 10], [53, 12, 0, 46, 219, 70], [0, 153, 120, 0, 100, 27], [7, 60, 6, 4, 255, 68]]
traning started for  3 epoch
epoch 3 loss: 0.403715848923
validation accuracy :  0.666666666667
validation class_total [1200.0, 1200.0, 1200.0, 1200.0, 1200.0, 1200.0]
validation class_correct [490.0, 1174.0, 831.0, 738.0, 687.0, 880.0]
validation confusion_matrix [[490, 1, 0, 669, 11, 29], [0, 1174, 0, 0, 6, 20], [0, 165, 831, 0, 201, 3], [416, 0, 0, 738, 18, 28], [11, 20, 3, 27, 687, 452], [8, 103, 1, 19, 189, 880]]
test accuracy :  0.245833333333
class_total [400.0, 400.0, 400.0, 400.0, 400.0, 400.0]
class_correct [61.0, 0.0, 96.0, 60.0, 270.0, 103.0]
confusion_matrix [[61, 9, 0, 102, 33, 195], [58, 0, 0, 109, 111, 122], [0, 139, 96, 0, 132, 33], [46, 1, 0, 60, 77, 216], [2, 3, 4, 0, 270, 121], [8, 1, 0, 20, 268, 103]]
traning started for  4 epoch
epoch 4 loss: 0.202447652817
validation accuracy :  0.83
validation class_total [1200.0, 1200.0, 1200.0, 1200.0, 1200.0, 1200.0]
validation class_correct [442.0, 1141.0, 1187.0, 1007.0, 1118.0, 1081.0]
validation confusion_matrix [[442, 0, 0, 701, 9, 48], [0, 1141, 22, 1, 2, 34], [0, 2, 1187, 0, 11, 0], [156, 0, 0, 1007, 26, 11], [0, 2, 14, 19, 1118, 47], [3, 11, 2, 7, 96, 1081]]
test accuracy :  0.280416666667
class_total [400.0, 400.0, 400.0, 400.0, 400.0, 400.0]
class_correct [47.0, 1.0, 304.0, 78.0, 231.0, 12.0]
confusion_matrix [[47, 11, 0, 54, 17, 271], [13, 1, 0, 138, 200, 48], [0, 25, 304, 0, 59, 12], [3, 0, 1, 78, 157, 161], [0, 2, 41, 0, 231, 126], [0, 0, 4, 26, 358, 12]]
traning started for  5 epoch
epoch 5 loss: 0.0830473899841
validation accuracy :  0.908611111111
validation class_total [1200.0, 1200.0, 1200.0, 1200.0, 1200.0, 1200.0]
validation class_correct [1011.0, 1174.0, 1195.0, 1052.0, 1109.0, 1001.0]
validation confusion_matrix [[1011, 0, 0, 175, 8, 6], [0, 1174, 19, 0, 3, 4], [0, 1, 1195, 0, 4, 0], [70, 0, 0, 1052, 74, 4], [0, 3, 72, 4, 1109, 12], [7, 78, 15, 2, 97, 1001]]
test accuracy :  0.227083333333
class_total [400.0, 400.0, 400.0, 400.0, 400.0, 400.0]
class_correct [60.0, 0.0, 336.0, 29.0, 113.0, 7.0]
confusion_matrix [[60, 87, 8, 32, 44, 169], [0, 0, 6, 14, 286, 94], [0, 54, 336, 0, 9, 1], [2, 2, 9, 29, 288, 70], [0, 9, 231, 0, 113, 47], [0, 0, 30, 6, 357, 7]]
traning started for  6 epoch
epoch 6 loss: 0.00499057769775
validation accuracy :  0.9375
validation class_total [1200.0, 1200.0, 1200.0, 1200.0, 1200.0, 1200.0]
validation class_correct [1087.0, 1185.0, 1197.0, 1054.0, 1089.0, 1138.0]
validation confusion_matrix [[1087, 1, 0, 72, 3, 37], [0, 1185, 12, 0, 0, 3], [0, 3, 1197, 0, 0, 0], [15, 0, 1, 1054, 111, 19], [0, 3, 48, 2, 1089, 58], [0, 34, 3, 1, 24, 1138]]
test accuracy :  0.205416666667
class_total [400.0, 400.0, 400.0, 400.0, 400.0, 400.0]
class_correct [33.0, 0.0, 323.0, 10.0, 70.0, 57.0]
confusion_matrix [[33, 29, 11, 13, 18, 296], [4, 0, 1, 13, 114, 268], [0, 60, 323, 0, 8, 9], [0, 0, 3, 10, 171, 216], [0, 18, 163, 0, 70, 149], [0, 0, 33, 7, 303, 57]]
traning started for  7 epoch
epoch 7 loss: 0.000211715698242
validation accuracy :  0.913611111111
validation class_total [1200.0, 1200.0, 1200.0, 1200.0, 1200.0, 1200.0]
validation class_correct [1001.0, 1194.0, 1199.0, 898.0, 1117.0, 1169.0]
validation confusion_matrix [[1001, 1, 0, 23, 7, 168], [0, 1194, 5, 0, 0, 1], [0, 1, 1199, 0, 0, 0], [15, 0, 1, 898, 241, 45], [0, 0, 48, 0, 1117, 35], [0, 16, 5, 0, 10, 1169]]
test accuracy :  0.189166666667
class_total [400.0, 400.0, 400.0, 400.0, 400.0, 400.0]
class_correct [18.0, 0.0, 283.0, 1.0, 80.0, 72.0]
confusion_matrix [[18, 77, 2, 3, 14, 286], [3, 0, 0, 2, 72, 323], [0, 81, 283, 0, 13, 23], [0, 0, 1, 1, 170, 228], [0, 18, 47, 0, 80, 255], [0, 2, 63, 1, 262, 72]]
traning started for  8 epoch
epoch 8 loss: 0.000982284545898
validation accuracy :  0.888333333333
validation class_total [1200.0, 1200.0, 1200.0, 1200.0, 1200.0, 1200.0]
validation class_correct [1012.0, 1195.0, 1188.0, 789.0, 1028.0, 1184.0]
validation confusion_matrix [[1012, 1, 0, 2, 1, 184], [0, 1195, 3, 0, 0, 2], [0, 10, 1188, 0, 1, 1], [40, 0, 0, 789, 197, 174], [0, 1, 17, 1, 1028, 153], [0, 16, 0, 0, 0, 1184]]
test accuracy :  0.179583333333
class_total [400.0, 400.0, 400.0, 400.0, 400.0, 400.0]
class_correct [17.0, 0.0, 229.0, 0.0, 27.0, 158.0]
confusion_matrix [[17, 85, 1, 1, 2, 294], [0, 0, 0, 0, 19, 381], [0, 138, 229, 0, 6, 27], [0, 0, 1, 0, 61, 338], [0, 43, 23, 0, 27, 307], [0, 5, 22, 0, 215, 158]]
traning started for  9 epoch
epoch 9 loss: 0.00385189056396
validation accuracy :  0.979166666667
validation class_total [1200.0, 1200.0, 1200.0, 1200.0, 1200.0, 1200.0]
validation class_correct [1181.0, 1199.0, 1184.0, 1137.0, 1172.0, 1177.0]
validation confusion_matrix [[1181, 0, 0, 19, 0, 0], [0, 1199, 0, 0, 0, 1], [0, 4, 1184, 0, 12, 0], [53, 1, 0, 1137, 6, 3], [1, 1, 0, 6, 1172, 20], [14, 7, 0, 0, 2, 1177]]
test accuracy :  0.254166666667
class_total [400.0, 400.0, 400.0, 400.0, 400.0, 400.0]
class_correct [270.0, 0.0, 181.0, 33.0, 99.0, 27.0]
confusion_matrix [[270, 42, 0, 15, 3, 70], [25, 0, 0, 22, 142, 211], [0, 102, 181, 0, 74, 43], [9, 0, 0, 33, 174, 184], [12, 1, 8, 7, 99, 273], [0, 1, 5, 10, 357, 27]]
traning started for  10 epoch
epoch 10 loss: 0.000253677368164
validation accuracy :  0.994583333333
validation class_total [1200.0, 1200.0, 1200.0, 1200.0, 1200.0, 1200.0]
validation class_correct [1184.0, 1198.0, 1199.0, 1192.0, 1198.0, 1190.0]
validation confusion_matrix [[1184, 0, 0, 15, 0, 1], [0, 1198, 0, 0, 0, 2], [0, 0, 1199, 0, 1, 0], [1, 0, 0, 1192, 7, 0], [0, 0, 0, 1, 1198, 1], [1, 1, 0, 0, 8, 1190]]
test accuracy :  0.287916666667
class_total [400.0, 400.0, 400.0, 400.0, 400.0, 400.0]
class_correct [107.0, 0.0, 281.0, 19.0, 276.0, 8.0]
confusion_matrix [[107, 55, 4, 71, 33, 130], [3, 0, 0, 26, 267, 104], [0, 22, 281, 0, 87, 10], [0, 0, 0, 19, 289, 92], [0, 3, 44, 1, 276, 76], [0, 0, 5, 11, 376, 8]]
traning started for  11 epoch
epoch 11 loss: 7.62939453125e-05
validation accuracy :  0.981527777778
validation class_total [1200.0, 1200.0, 1200.0, 1200.0, 1200.0, 1200.0]
validation class_correct [1162.0, 1190.0, 1197.0, 1186.0, 1183.0, 1149.0]
validation confusion_matrix [[1162, 0, 0, 38, 0, 0], [0, 1190, 10, 0, 0, 0], [0, 1, 1197, 1, 1, 0], [9, 0, 0, 1186, 4, 1], [0, 0, 2, 5, 1183, 10], [0, 5, 0, 1, 45, 1149]]
test accuracy :  0.2475
class_total [400.0, 400.0, 400.0, 400.0, 400.0, 400.0]
class_correct [163.0, 1.0, 270.0, 33.0, 111.0, 16.0]
confusion_matrix [[163, 59, 5, 110, 21, 42], [12, 1, 0, 25, 156, 206], [0, 63, 270, 0, 41, 26], [9, 0, 0, 33, 162, 196], [4, 24, 47, 1, 111, 213], [0, 1, 8, 22, 353, 16]]
traning started for  12 epoch
epoch 12 loss: 0.0845575332642
validation accuracy :  0.988055555556
validation class_total [1200.0, 1200.0, 1200.0, 1200.0, 1200.0, 1200.0]
validation class_correct [1190.0, 1190.0, 1193.0, 1170.0, 1193.0, 1178.0]
validation confusion_matrix [[1190, 0, 0, 9, 0, 1], [3, 1190, 4, 0, 0, 3], [0, 0, 1193, 0, 7, 0], [17, 0, 0, 1170, 13, 0], [0, 0, 3, 1, 1193, 3], [4, 0, 0, 0, 18, 1178]]
test accuracy :  0.322083333333
class_total [400.0, 400.0, 400.0, 400.0, 400.0, 400.0]
class_correct [265.0, 0.0, 257.0, 21.0, 227.0, 3.0]
confusion_matrix [[265, 18, 0, 29, 5, 83], [3, 0, 1, 14, 267, 115], [0, 12, 257, 0, 116, 15], [4, 0, 0, 21, 256, 119], [1, 2, 57, 1, 227, 112], [0, 0, 5, 8, 384, 3]]
traning started for  13 epoch
epoch 13 loss: 8.29696655273e-05
validation accuracy :  0.993611111111
validation class_total [1200.0, 1200.0, 1200.0, 1200.0, 1200.0, 1200.0]
validation class_correct [1188.0, 1200.0, 1198.0, 1186.0, 1195.0, 1187.0]
validation confusion_matrix [[1188, 0, 0, 10, 0, 2], [0, 1200, 0, 0, 0, 0], [0, 2, 1198, 0, 0, 0], [1, 0, 0, 1186, 13, 0], [0, 0, 1, 1, 1195, 3], [1, 9, 0, 0, 3, 1187]]
test accuracy :  0.250833333333
class_total [400.0, 400.0, 400.0, 400.0, 400.0, 400.0]
class_correct [119.0, 0.0, 311.0, 19.0, 145.0, 8.0]
confusion_matrix [[119, 157, 4, 12, 12, 96], [2, 0, 0, 16, 257, 125], [0, 57, 311, 0, 25, 7], [3, 0, 1, 19, 262, 115], [1, 21, 68, 0, 145, 165], [0, 0, 10, 8, 374, 8]]
traning started for  14 epoch
epoch 14 loss: 4.10079956055e-05
validation accuracy :  0.990694444444
validation class_total [1200.0, 1200.0, 1200.0, 1200.0, 1200.0, 1200.0]
validation class_correct [1178.0, 1200.0, 1196.0, 1182.0, 1190.0, 1187.0]
validation confusion_matrix [[1178, 0, 0, 8, 0, 14], [0, 1200, 0, 0, 0, 0], [0, 0, 1196, 0, 4, 0], [2, 0, 0, 1182, 15, 1], [0, 0, 9, 0, 1190, 1], [0, 8, 0, 0, 5, 1187]]
test accuracy :  0.225416666667
class_total [400.0, 400.0, 400.0, 400.0, 400.0, 400.0]
class_correct [86.0, 1.0, 295.0, 14.0, 135.0, 10.0]
confusion_matrix [[86, 119, 8, 60, 19, 108], [1, 1, 0, 1, 203, 194], [0, 67, 295, 0, 29, 9], [1, 1, 3, 14, 232, 149], [0, 16, 111, 0, 135, 138], [0, 0, 9, 10, 371, 10]]
traning started for  15 epoch
epoch 15 loss: 2.28881835938e-05
validation accuracy :  0.95
validation class_total [1200.0, 1200.0, 1200.0, 1200.0, 1200.0, 1200.0]
validation class_correct [1068.0, 1196.0, 1198.0, 1002.0, 1183.0, 1193.0]
validation confusion_matrix [[1068, 3, 0, 10, 5, 114], [0, 1196, 3, 0, 0, 1], [0, 2, 1198, 0, 0, 0], [22, 1, 0, 1002, 171, 4], [0, 0, 8, 0, 1183, 9], [0, 5, 0, 0, 2, 1193]]
test accuracy :  0.194166666667
class_total [400.0, 400.0, 400.0, 400.0, 400.0, 400.0]
class_correct [116.0, 0.0, 280.0, 0.0, 43.0, 27.0]
confusion_matrix [[116, 62, 3, 16, 14, 189], [0, 0, 0, 0, 150, 250], [0, 101, 280, 0, 4, 15], [0, 0, 1, 0, 205, 194], [0, 34, 36, 0, 43, 287], [0, 1, 28, 0, 344, 27]]
traning started for  16 epoch
epoch 16 loss: 0.00637769699097
validation accuracy :  0.995138888889
validation class_total [1200.0, 1200.0, 1200.0, 1200.0, 1200.0, 1200.0]
validation class_correct [1199.0, 1199.0, 1198.0, 1195.0, 1183.0, 1191.0]
validation confusion_matrix [[1199, 0, 0, 1, 0, 0], [0, 1199, 0, 0, 0, 1], [0, 0, 1198, 0, 2, 0], [5, 0, 0, 1195, 0, 0], [0, 0, 0, 14, 1183, 3], [6, 1, 0, 0, 2, 1191]]
test accuracy :  0.290416666667
class_total [400.0, 400.0, 400.0, 400.0, 400.0, 400.0]
class_correct [218.0, 0.0, 264.0, 64.0, 142.0, 9.0]
confusion_matrix [[218, 21, 0, 34, 2, 125], [24, 0, 0, 126, 188, 62], [0, 30, 264, 1, 83, 22], [7, 0, 0, 64, 233, 96], [11, 2, 39, 21, 142, 185], [0, 0, 3, 45, 343, 9]]
traning started for  17 epoch
epoch 17 loss: 1.90734863281e-06
validation accuracy :  0.99
validation class_total [1200.0, 1200.0, 1200.0, 1200.0, 1200.0, 1200.0]
validation class_correct [1191.0, 1198.0, 1200.0, 1173.0, 1172.0, 1194.0]
validation confusion_matrix [[1191, 0, 0, 4, 0, 5], [0, 1198, 2, 0, 0, 0], [0, 0, 1200, 0, 0, 0], [3, 0, 0, 1173, 23, 1], [0, 0, 9, 0, 1172, 19], [0, 6, 0, 0, 0, 1194]]
test accuracy :  0.229166666667
class_total [400.0, 400.0, 400.0, 400.0, 400.0, 400.0]
class_correct [123.0, 0.0, 342.0, 7.0, 45.0, 33.0]
confusion_matrix [[123, 106, 7, 23, 8, 133], [1, 0, 0, 4, 139, 256], [0, 44, 342, 0, 5, 9], [5, 0, 1, 7, 141, 246], [0, 12, 115, 0, 45, 228], [0, 0, 43, 4, 320, 33]]
traning started for  18 epoch
epoch 18 loss: 0.000479698181152
validation accuracy :  0.998888888889
validation class_total [1200.0, 1200.0, 1200.0, 1200.0, 1200.0, 1200.0]
validation class_correct [1194.0, 1200.0, 1200.0, 1199.0, 1200.0, 1199.0]
validation confusion_matrix [[1194, 0, 0, 6, 0, 0], [0, 1200, 0, 0, 0, 0], [0, 0, 1200, 0, 0, 0], [0, 0, 0, 1199, 1, 0], [0, 0, 0, 0, 1200, 0], [0, 0, 0, 0, 1, 1199]]
test accuracy :  0.262916666667
class_total [400.0, 400.0, 400.0, 400.0, 400.0, 400.0]
class_correct [148.0, 0.0, 290.0, 24.0, 165.0, 4.0]
confusion_matrix [[148, 104, 5, 43, 6, 94], [0, 0, 0, 21, 309, 70], [0, 43, 290, 0, 55, 12], [3, 0, 1, 24, 296, 76], [0, 3, 79, 0, 165, 153], [0, 0, 12, 16, 368, 4]]
traning started for  19 epoch
epoch 19 loss: 0.0
validation accuracy :  0.998611111111
validation class_total [1200.0, 1200.0, 1200.0, 1200.0, 1200.0, 1200.0]
validation class_correct [1195.0, 1197.0, 1199.0, 1200.0, 1199.0, 1200.0]
validation confusion_matrix [[1195, 0, 0, 1, 0, 4], [0, 1197, 2, 0, 0, 1], [0, 0, 1199, 0, 1, 0], [0, 0, 0, 1200, 0, 0], [0, 0, 0, 1, 1199, 0], [0, 0, 0, 0, 0, 1200]]
test accuracy :  0.265416666667
class_total [400.0, 400.0, 400.0, 400.0, 400.0, 400.0]
class_correct [149.0, 0.0, 299.0, 23.0, 158.0, 8.0]
confusion_matrix [[149, 96, 2, 56, 11, 86], [4, 0, 0, 26, 228, 142], [0, 34, 299, 0, 45, 22], [2, 0, 0, 23, 246, 129], [2, 7, 51, 0, 158, 182], [0, 0, 10, 15, 367, 8]]
traning started for  20 epoch
epoch 20 loss: 0.089617729187
validation accuracy :  0.989722222222
validation class_total [1200.0, 1200.0, 1200.0, 1200.0, 1200.0, 1200.0]
validation class_correct [1157.0, 1198.0, 1199.0, 1183.0, 1197.0, 1192.0]
validation confusion_matrix [[1157, 0, 0, 8, 2, 33], [0, 1198, 2, 0, 0, 0], [0, 0, 1199, 0, 1, 0], [1, 0, 0, 1183, 16, 0], [0, 0, 1, 2, 1197, 0], [1, 1, 0, 0, 6, 1192]]
test accuracy :  0.2575
class_total [400.0, 400.0, 400.0, 400.0, 400.0, 400.0]
class_correct [151.0, 0.0, 271.0, 19.0, 175.0, 2.0]
confusion_matrix [[151, 59, 2, 20, 14, 154], [1, 0, 0, 13, 294, 92], [0, 28, 271, 0, 80, 21], [1, 0, 0, 19, 289, 91], [4, 7, 35, 2, 175, 177], [0, 0, 9, 3, 386, 2]]
traning started for  21 epoch
epoch 21 loss: 3.33786010742e-05
validation accuracy :  0.99875
validation class_total [1200.0, 1200.0, 1200.0, 1200.0, 1200.0, 1200.0]
validation class_correct [1199.0, 1200.0, 1200.0, 1199.0, 1197.0, 1196.0]
validation confusion_matrix [[1199, 0, 0, 0, 0, 1], [0, 1200, 0, 0, 0, 0], [0, 0, 1200, 0, 0, 0], [1, 0, 0, 1199, 0, 0], [0, 0, 3, 0, 1197, 0], [0, 3, 0, 0, 1, 1196]]
test accuracy :  0.2725
class_total [400.0, 400.0, 400.0, 400.0, 400.0, 400.0]
class_correct [144.0, 0.0, 315.0, 21.0, 169.0, 5.0]
confusion_matrix [[144, 124, 4, 29, 6, 93], [0, 0, 1, 10, 308, 81], [0, 34, 315, 0, 40, 11], [2, 0, 0, 21, 266, 111], [0, 2, 173, 1, 169, 55], [0, 0, 21, 12, 362, 5]]
traning started for  22 epoch
epoch 22 loss: 7.53402709961e-05
validation accuracy :  0.993194444444
validation class_total [1200.0, 1200.0, 1200.0, 1200.0, 1200.0, 1200.0]
validation class_correct [1197.0, 1184.0, 1189.0, 1189.0, 1199.0, 1193.0]
validation confusion_matrix [[1197, 0, 0, 3, 0, 0], [0, 1184, 8, 0, 7, 1], [0, 2, 1189, 0, 9, 0], [8, 0, 0, 1189, 3, 0], [0, 0, 0, 0, 1199, 1], [1, 0, 0, 0, 6, 1193]]
test accuracy :  0.215
class_total [400.0, 400.0, 400.0, 400.0, 400.0, 400.0]
class_correct [208.0, 1.0, 162.0, 10.0, 97.0, 38.0]
confusion_matrix [[208, 31, 1, 14, 13, 133], [11, 1, 0, 13, 203, 172], [0, 46, 162, 0, 104, 88], [8, 0, 0, 10, 209, 173], [0, 4, 10, 0, 97, 289], [0, 0, 0, 3, 359, 38]]
traning started for  23 epoch
epoch 23 loss: 0.000210762023926
validation accuracy :  0.999305555556
validation class_total [1200.0, 1200.0, 1200.0, 1200.0, 1200.0, 1200.0]
validation class_correct [1199.0, 1200.0, 1200.0, 1199.0, 1199.0, 1198.0]
validation confusion_matrix [[1199, 0, 0, 1, 0, 0], [0, 1200, 0, 0, 0, 0], [0, 0, 1200, 0, 0, 0], [0, 0, 0, 1199, 1, 0], [0, 0, 0, 1, 1199, 0], [1, 1, 0, 0, 0, 1198]]
test accuracy :  0.271666666667
class_total [400.0, 400.0, 400.0, 400.0, 400.0, 400.0]
class_correct [150.0, 0.0, 276.0, 37.0, 187.0, 2.0]
confusion_matrix [[150, 107, 5, 60, 8, 70], [3, 0, 0, 32, 293, 72], [0, 35, 276, 0, 68, 21], [3, 0, 0, 37, 275, 85], [4, 5, 76, 4, 187, 124], [0, 0, 9, 8, 381, 2]]
traning started for  24 epoch
epoch 24 loss: 0.000237464904785
validation accuracy :  0.999027777778
validation class_total [1200.0, 1200.0, 1200.0, 1200.0, 1200.0, 1200.0]
validation class_correct [1200.0, 1199.0, 1200.0, 1199.0, 1198.0, 1197.0]
validation confusion_matrix [[1200, 0, 0, 0, 0, 0], [0, 1199, 0, 1, 0, 0], [0, 0, 1200, 0, 0, 0], [0, 0, 0, 1199, 1, 0], [0, 0, 0, 1, 1198, 1], [0, 2, 0, 0, 1, 1197]]
test accuracy :  0.239166666667
class_total [400.0, 400.0, 400.0, 400.0, 400.0, 400.0]
class_correct [125.0, 0.0, 238.0, 22.0, 183.0, 6.0]
confusion_matrix [[125, 50, 8, 35, 20, 162], [0, 0, 0, 34, 275, 91], [0, 61, 238, 0, 55, 46], [3, 0, 0, 22, 259, 116], [1, 4, 56, 2, 183, 154], [0, 0, 13, 10, 371, 6]]
traning started for  25 epoch
epoch 25 loss: 2.67028808594e-05
validation accuracy :  0.999583333333
validation class_total [1200.0, 1200.0, 1200.0, 1200.0, 1200.0, 1200.0]
validation class_correct [1200.0, 1200.0, 1200.0, 1200.0, 1199.0, 1198.0]
validation confusion_matrix [[1200, 0, 0, 0, 0, 0], [0, 1200, 0, 0, 0, 0], [0, 0, 1200, 0, 0, 0], [0, 0, 0, 1200, 0, 0], [0, 0, 0, 1, 1199, 0], [0, 2, 0, 0, 0, 1198]]
test accuracy :  0.280833333333
class_total [400.0, 400.0, 400.0, 400.0, 400.0, 400.0]
class_correct [177.0, 0.0, 305.0, 33.0, 156.0, 3.0]
confusion_matrix [[177, 78, 5, 29, 5, 106], [1, 0, 0, 15, 247, 137], [0, 37, 305, 0, 44, 14], [6, 0, 0, 33, 235, 126], [2, 6, 108, 1, 156, 127], [0, 0, 9, 12, 376, 3]]
traning started for  26 epoch
epoch 26 loss: 1.52587890625e-05
validation accuracy :  0.999166666667
validation class_total [1200.0, 1200.0, 1200.0, 1200.0, 1200.0, 1200.0]
validation class_correct [1198.0, 1200.0, 1200.0, 1200.0, 1198.0, 1198.0]
validation confusion_matrix [[1198, 0, 0, 2, 0, 0], [0, 1200, 0, 0, 0, 0], [0, 0, 1200, 0, 0, 0], [0, 0, 0, 1200, 0, 0], [0, 0, 0, 2, 1198, 0], [0, 1, 0, 0, 1, 1198]]
test accuracy :  0.303333333333
class_total [400.0, 400.0, 400.0, 400.0, 400.0, 400.0]
class_correct [169.0, 0.0, 318.0, 62.0, 178.0, 1.0]
confusion_matrix [[169, 72, 5, 45, 17, 92], [3, 0, 0, 25, 270, 102], [0, 36, 318, 0, 34, 12], [5, 0, 0, 62, 254, 79], [2, 3, 127, 7, 178, 83], [0, 0, 6, 18, 375, 1]]
traning started for  27 epoch
epoch 27 loss: 4.00543212891e-05
validation accuracy :  0.999722222222
validation class_total [1200.0, 1200.0, 1200.0, 1200.0, 1200.0, 1200.0]
validation class_correct [1200.0, 1200.0, 1199.0, 1200.0, 1199.0, 1200.0]
validation confusion_matrix [[1200, 0, 0, 0, 0, 0], [0, 1200, 0, 0, 0, 0], [0, 1, 1199, 0, 0, 0], [0, 0, 0, 1200, 0, 0], [0, 0, 0, 1, 1199, 0], [0, 0, 0, 0, 0, 1200]]
test accuracy :  0.269166666667
class_total [400.0, 400.0, 400.0, 400.0, 400.0, 400.0]
class_correct [175.0, 0.0, 290.0, 38.0, 141.0, 2.0]
confusion_matrix [[175, 72, 2, 21, 10, 120], [1, 0, 0, 22, 210, 167], [0, 53, 290, 0, 39, 18], [7, 0, 0, 38, 225, 130], [5, 8, 90, 2, 141, 154], [0, 0, 4, 17, 377, 2]]
traning started for  28 epoch
epoch 28 loss: 1.90734863281e-06
validation accuracy :  0.999861111111
validation class_total [1200.0, 1200.0, 1200.0, 1200.0, 1200.0, 1200.0]
validation class_correct [1200.0, 1200.0, 1200.0, 1200.0, 1200.0, 1199.0]
validation confusion_matrix [[1200, 0, 0, 0, 0, 0], [0, 1200, 0, 0, 0, 0], [0, 0, 1200, 0, 0, 0], [0, 0, 0, 1200, 0, 0], [0, 0, 0, 0, 1200, 0], [1, 0, 0, 0, 0, 1199]]
test accuracy :  0.259166666667
class_total [400.0, 400.0, 400.0, 400.0, 400.0, 400.0]
class_correct [196.0, 0.0, 265.0, 39.0, 112.0, 10.0]
confusion_matrix [[196, 54, 0, 19, 8, 123], [6, 0, 0, 19, 174, 201], [0, 71, 265, 0, 25, 39], [14, 0, 0, 39, 180, 167], [5, 9, 84, 3, 112, 187], [0, 0, 4, 32, 354, 10]]
traning started for  29 epoch
epoch 29 loss: 1.90734863281e-06
validation accuracy :  0.999305555556
validation class_total [1200.0, 1200.0, 1200.0, 1200.0, 1200.0, 1200.0]
validation class_correct [1200.0, 1200.0, 1199.0, 1200.0, 1199.0, 1197.0]
validation confusion_matrix [[1200, 0, 0, 0, 0, 0], [0, 1200, 0, 0, 0, 0], [0, 1, 1199, 0, 0, 0], [0, 0, 0, 1200, 0, 0], [0, 0, 0, 1, 1199, 0], [3, 0, 0, 0, 0, 1197]]
test accuracy :  0.2725
class_total [400.0, 400.0, 400.0, 400.0, 400.0, 400.0]
class_correct [217.0, 0.0, 276.0, 17.0, 139.0, 5.0]
confusion_matrix [[217, 74, 2, 26, 10, 71], [1, 0, 0, 14, 248, 137], [0, 76, 276, 0, 31, 17], [10, 0, 0, 17, 257, 116], [2, 9, 107, 1, 139, 142], [0, 0, 3, 16, 376, 5]]
traning started for  30 epoch
epoch 30 loss: 6.86645507812e-05
validation accuracy :  0.998333333333
validation class_total [1200.0, 1200.0, 1200.0, 1200.0, 1200.0, 1200.0]
validation class_correct [1197.0, 1200.0, 1199.0, 1199.0, 1198.0, 1195.0]
validation confusion_matrix [[1197, 0, 0, 1, 0, 2], [0, 1200, 0, 0, 0, 0], [0, 1, 1199, 0, 0, 0], [0, 0, 0, 1199, 0, 1], [0, 0, 1, 0, 1198, 1], [0, 3, 0, 0, 2, 1195]]
test accuracy :  0.262916666667
class_total [400.0, 400.0, 400.0, 400.0, 400.0, 400.0]
class_correct [142.0, 0.0, 284.0, 32.0, 164.0, 9.0]
confusion_matrix [[142, 85, 2, 42, 18, 111], [5, 0, 0, 24, 253, 118], [0, 76, 284, 0, 19, 21], [5, 0, 0, 32, 245, 118], [2, 3, 47, 0, 164, 184], [0, 0, 8, 20, 363, 9]]
traning started for  31 epoch
epoch 31 loss: 1.90734863281e-06
validation accuracy :  0.996111111111
validation class_total [1200.0, 1200.0, 1200.0, 1200.0, 1200.0, 1200.0]
validation class_correct [1198.0, 1199.0, 1196.0, 1186.0, 1196.0, 1197.0]
validation confusion_matrix [[1198, 0, 0, 0, 0, 2], [0, 1199, 0, 0, 0, 1], [0, 3, 1196, 0, 1, 0], [9, 0, 0, 1186, 4, 1], [0, 0, 0, 0, 1196, 4], [2, 1, 0, 0, 0, 1197]]
test accuracy :  0.196666666667
class_total [400.0, 400.0, 400.0, 400.0, 400.0, 400.0]
class_correct [119.0, 0.0, 216.0, 20.0, 45.0, 72.0]
confusion_matrix [[119, 74, 2, 3, 10, 192], [12, 0, 0, 17, 167, 204], [0, 77, 216, 0, 35, 72], [13, 0, 0, 20, 202, 165], [2, 11, 30, 0, 45, 312], [2, 4, 16, 10, 296, 72]]
traning started for  32 epoch
epoch 32 loss: 1.90734863281e-06
validation accuracy :  0.999166666667
validation class_total [1200.0, 1200.0, 1200.0, 1200.0, 1200.0, 1200.0]
validation class_correct [1198.0, 1200.0, 1199.0, 1200.0, 1199.0, 1198.0]
validation confusion_matrix [[1198, 0, 0, 2, 0, 0], [0, 1200, 0, 0, 0, 0], [0, 1, 1199, 0, 0, 0], [0, 0, 0, 1200, 0, 0], [0, 0, 0, 1, 1199, 0], [0, 2, 0, 0, 0, 1198]]
test accuracy :  0.22375
class_total [400.0, 400.0, 400.0, 400.0, 400.0, 400.0]
class_correct [133.0, 1.0, 260.0, 16.0, 106.0, 21.0]
confusion_matrix [[133, 109, 1, 40, 8, 109], [2, 1, 0, 14, 213, 170], [0, 114, 260, 0, 9, 17], [0, 0, 0, 16, 230, 154], [0, 14, 113, 6, 106, 161], [0, 0, 2, 8, 369, 21]]
traning started for  33 epoch
epoch 33 loss: 0.00284957885742
validation accuracy :  1.0
validation class_total [1200.0, 1200.0, 1200.0, 1200.0, 1200.0, 1200.0]
validation class_correct [1200.0, 1200.0, 1200.0, 1200.0, 1200.0, 1200.0]
validation confusion_matrix [[1200, 0, 0, 0, 0, 0], [0, 1200, 0, 0, 0, 0], [0, 0, 1200, 0, 0, 0], [0, 0, 0, 1200, 0, 0], [0, 0, 0, 0, 1200, 0], [0, 0, 0, 0, 0, 1200]]
test accuracy :  0.275833333333
class_total [400.0, 400.0, 400.0, 400.0, 400.0, 400.0]
class_correct [190.0, 0.0, 272.0, 13.0, 165.0, 22.0]
confusion_matrix [[190, 59, 0, 82, 10, 59], [0, 0, 0, 2, 252, 146], [0, 68, 272, 0, 37, 23], [3, 0, 0, 13, 282, 102], [0, 2, 88, 0, 165, 145], [0, 0, 9, 11, 358, 22]]
traning started for  34 epoch
epoch 34 loss: 6.77108764648e-05
validation accuracy :  0.998611111111
validation class_total [1200.0, 1200.0, 1200.0, 1200.0, 1200.0, 1200.0]
validation class_correct [1200.0, 1200.0, 1200.0, 1200.0, 1192.0, 1198.0]
validation confusion_matrix [[1200, 0, 0, 0, 0, 0], [0, 1200, 0, 0, 0, 0], [0, 0, 1200, 0, 0, 0], [0, 0, 0, 1200, 0, 0], [0, 0, 0, 8, 1192, 0], [2, 0, 0, 0, 0, 1198]]
test accuracy :  0.313333333333
class_total [400.0, 400.0, 400.0, 400.0, 400.0, 400.0]
class_correct [217.0, 0.0, 299.0, 55.0, 165.0, 16.0]
confusion_matrix [[217, 62, 0, 66, 6, 49], [1, 0, 0, 30, 213, 156], [0, 39, 299, 1, 43, 18], [14, 0, 0, 55, 224, 107], [3, 2, 87, 4, 165, 139], [0, 0, 15, 63, 306, 16]]
traning started for  35 epoch
epoch 35 loss: 9.53674316406e-06
validation accuracy :  0.999722222222
validation class_total [1200.0, 1200.0, 1200.0, 1200.0, 1200.0, 1200.0]
validation class_correct [1199.0, 1200.0, 1200.0, 1200.0, 1199.0, 1200.0]
validation confusion_matrix [[1199, 1, 0, 0, 0, 0], [0, 1200, 0, 0, 0, 0], [0, 0, 1200, 0, 0, 0], [0, 0, 0, 1200, 0, 0], [0, 0, 0, 0, 1199, 1], [0, 0, 0, 0, 0, 1200]]
test accuracy :  0.285416666667
class_total [400.0, 400.0, 400.0, 400.0, 400.0, 400.0]
class_correct [206.0, 0.0, 264.0, 28.0, 180.0, 7.0]
confusion_matrix [[206, 58, 1, 53, 11, 71], [1, 0, 0, 17, 237, 145], [0, 34, 264, 0, 72, 30], [5, 0, 0, 28, 255, 112], [1, 2, 51, 2, 180, 164], [0, 0, 11, 16, 366, 7]]
traning started for  36 epoch
epoch 36 loss: 4.19616699219e-05
validation accuracy :  0.999861111111
validation class_total [1200.0, 1200.0, 1200.0, 1200.0, 1200.0, 1200.0]
validation class_correct [1200.0, 1200.0, 1200.0, 1200.0, 1199.0, 1200.0]
validation confusion_matrix [[1200, 0, 0, 0, 0, 0], [0, 1200, 0, 0, 0, 0], [0, 0, 1200, 0, 0, 0], [0, 0, 0, 1200, 0, 0], [0, 0, 0, 1, 1199, 0], [0, 0, 0, 0, 0, 1200]]
test accuracy :  0.2725
class_total [400.0, 400.0, 400.0, 400.0, 400.0, 400.0]
class_correct [180.0, 0.0, 280.0, 18.0, 170.0, 6.0]
confusion_matrix [[180, 63, 3, 51, 11, 92], [1, 0, 0, 11, 245, 143], [0, 32, 280, 0, 57, 31], [2, 0, 0, 18, 268, 112], [2, 1, 62, 0, 170, 165], [0, 0, 13, 9, 372, 6]]
traning started for  37 epoch
epoch 37 loss: 6.67572021484e-05
validation accuracy :  0.999861111111
validation class_total [1200.0, 1200.0, 1200.0, 1200.0, 1200.0, 1200.0]
validation class_correct [1200.0, 1200.0, 1200.0, 1199.0, 1200.0, 1200.0]
validation confusion_matrix [[1200, 0, 0, 0, 0, 0], [0, 1200, 0, 0, 0, 0], [0, 0, 1200, 0, 0, 0], [0, 0, 0, 1199, 1, 0], [0, 0, 0, 0, 1200, 0], [0, 0, 0, 0, 0, 1200]]
test accuracy :  0.272083333333
class_total [400.0, 400.0, 400.0, 400.0, 400.0, 400.0]
class_correct [192.0, 0.0, 260.0, 24.0, 166.0, 11.0]
confusion_matrix [[192, 47, 2, 75, 8, 76], [0, 0, 0, 19, 224, 157], [0, 35, 260, 0, 67, 38], [3, 0, 0, 24, 254, 119], [1, 0, 47, 2, 166, 184], [0, 0, 10, 15, 364, 11]]
traning started for  38 epoch
epoch 38 loss: 0.0
validation accuracy :  1.0
validation class_total [1200.0, 1200.0, 1200.0, 1200.0, 1200.0, 1200.0]
validation class_correct [1200.0, 1200.0, 1200.0, 1200.0, 1200.0, 1200.0]
validation confusion_matrix [[1200, 0, 0, 0, 0, 0], [0, 1200, 0, 0, 0, 0], [0, 0, 1200, 0, 0, 0], [0, 0, 0, 1200, 0, 0], [0, 0, 0, 0, 1200, 0], [0, 0, 0, 0, 0, 1200]]
test accuracy :  0.276666666667
class_total [400.0, 400.0, 400.0, 400.0, 400.0, 400.0]
class_correct [196.0, 0.0, 259.0, 21.0, 177.0, 11.0]
confusion_matrix [[196, 49, 2, 61, 9, 83], [0, 0, 0, 11, 226, 163], [0, 41, 259, 0, 65, 35], [3, 0, 0, 21, 258, 118], [2, 1, 46, 2, 177, 172], [0, 0, 9, 7, 373, 11]]
traning started for  39 epoch
epoch 39 loss: 0.0
validation accuracy :  1.0
validation class_total [1200.0, 1200.0, 1200.0, 1200.0, 1200.0, 1200.0]
validation class_correct [1200.0, 1200.0, 1200.0, 1200.0, 1200.0, 1200.0]
validation confusion_matrix [[1200, 0, 0, 0, 0, 0], [0, 1200, 0, 0, 0, 0], [0, 0, 1200, 0, 0, 0], [0, 0, 0, 1200, 0, 0], [0, 0, 0, 0, 1200, 0], [0, 0, 0, 0, 0, 1200]]
test accuracy :  0.272083333333
class_total [400.0, 400.0, 400.0, 400.0, 400.0, 400.0]
class_correct [188.0, 0.0, 261.0, 18.0, 178.0, 8.0]
confusion_matrix [[188, 62, 1, 71, 11, 67], [0, 0, 0, 12, 235, 153], [0, 51, 261, 0, 53, 35], [3, 0, 0, 18, 263, 116], [2, 0, 47, 1, 178, 172], [0, 0, 10, 13, 369, 8]]
traning started for  40 epoch
epoch 40 loss: 0.0
validation accuracy :  0.999861111111
validation class_total [1200.0, 1200.0, 1200.0, 1200.0, 1200.0, 1200.0]
validation class_correct [1200.0, 1200.0, 1200.0, 1200.0, 1199.0, 1200.0]
validation confusion_matrix [[1200, 0, 0, 0, 0, 0], [0, 1200, 0, 0, 0, 0], [0, 0, 1200, 0, 0, 0], [0, 0, 0, 1200, 0, 0], [0, 0, 0, 0, 1199, 1], [0, 0, 0, 0, 0, 1200]]
test accuracy :  0.27125
class_total [400.0, 400.0, 400.0, 400.0, 400.0, 400.0]
class_correct [184.0, 0.0, 288.0, 22.0, 151.0, 6.0]
confusion_matrix [[184, 82, 1, 60, 8, 65], [0, 0, 0, 8, 244, 148], [0, 60, 288, 0, 33, 19], [1, 0, 0, 22, 284, 93], [1, 5, 123, 0, 151, 120], [0, 0, 16, 11, 367, 6]]
traning started for  41 epoch
epoch 41 loss: 0.0
validation accuracy :  0.999861111111
validation class_total [1200.0, 1200.0, 1200.0, 1200.0, 1200.0, 1200.0]
validation class_correct [1200.0, 1200.0, 1200.0, 1200.0, 1200.0, 1199.0]
validation confusion_matrix [[1200, 0, 0, 0, 0, 0], [0, 1200, 0, 0, 0, 0], [0, 0, 1200, 0, 0, 0], [0, 0, 0, 1200, 0, 0], [0, 0, 0, 0, 1200, 0], [0, 1, 0, 0, 0, 1199]]
test accuracy :  0.265416666667
class_total [400.0, 400.0, 400.0, 400.0, 400.0, 400.0]
class_correct [175.0, 0.0, 281.0, 18.0, 154.0, 9.0]
confusion_matrix [[175, 66, 2, 55, 12, 90], [0, 0, 0, 6, 225, 169], [0, 43, 281, 0, 46, 30], [4, 0, 0, 18, 267, 111], [1, 0, 95, 1, 154, 149], [0, 0, 17, 11, 363, 9]]
traning started for  42 epoch
epoch 42 loss: 0.0
validation accuracy :  0.999861111111
validation class_total [1200.0, 1200.0, 1200.0, 1200.0, 1200.0, 1200.0]
validation class_correct [1200.0, 1200.0, 1200.0, 1200.0, 1200.0, 1199.0]
validation confusion_matrix [[1200, 0, 0, 0, 0, 0], [0, 1200, 0, 0, 0, 0], [0, 0, 1200, 0, 0, 0], [0, 0, 0, 1200, 0, 0], [0, 0, 0, 0, 1200, 0], [0, 1, 0, 0, 0, 1199]]
test accuracy :  0.27125
class_total [400.0, 400.0, 400.0, 400.0, 400.0, 400.0]
class_correct [191.0, 0.0, 275.0, 23.0, 154.0, 8.0]
confusion_matrix [[191, 64, 1, 57, 9, 78], [0, 0, 0, 12, 231, 157], [0, 52, 275, 0, 44, 29], [4, 0, 0, 23, 270, 103], [2, 2, 91, 2, 154, 149], [0, 0, 10, 11, 371, 8]]
traning started for  43 epoch
epoch 43 loss: 1.14440917969e-05
validation accuracy :  0.999861111111
validation class_total [1200.0, 1200.0, 1200.0, 1200.0, 1200.0, 1200.0]
validation class_correct [1200.0, 1200.0, 1200.0, 1200.0, 1200.0, 1199.0]
validation confusion_matrix [[1200, 0, 0, 0, 0, 0], [0, 1200, 0, 0, 0, 0], [0, 0, 1200, 0, 0, 0], [0, 0, 0, 1200, 0, 0], [0, 0, 0, 0, 1200, 0], [0, 1, 0, 0, 0, 1199]]
test accuracy :  0.271666666667
class_total [400.0, 400.0, 400.0, 400.0, 400.0, 400.0]
class_correct [218.0, 0.0, 261.0, 34.0, 128.0, 11.0]
confusion_matrix [[218, 57, 0, 59, 7, 59], [2, 0, 0, 22, 202, 174], [0, 65, 261, 0, 39, 35], [5, 0, 0, 34, 245, 116], [3, 3, 78, 5, 128, 183], [0, 0, 8, 18, 363, 11]]
traning started for  44 epoch
epoch 44 loss: 0.0
validation accuracy :  1.0
validation class_total [1200.0, 1200.0, 1200.0, 1200.0, 1200.0, 1200.0]
validation class_correct [1200.0, 1200.0, 1200.0, 1200.0, 1200.0, 1200.0]
validation confusion_matrix [[1200, 0, 0, 0, 0, 0], [0, 1200, 0, 0, 0, 0], [0, 0, 1200, 0, 0, 0], [0, 0, 0, 1200, 0, 0], [0, 0, 0, 0, 1200, 0], [0, 0, 0, 0, 0, 1200]]
test accuracy :  0.27625
class_total [400.0, 400.0, 400.0, 400.0, 400.0, 400.0]
class_correct [187.0, 0.0, 297.0, 25.0, 145.0, 9.0]
confusion_matrix [[187, 65, 2, 66, 10, 70], [0, 0, 0, 11, 231, 158], [0, 37, 297, 0, 40, 26], [4, 0, 0, 25, 264, 107], [2, 2, 96, 3, 145, 152], [0, 0, 13, 14, 364, 9]]
traning started for  45 epoch
epoch 45 loss: 1.90734863281e-06
validation accuracy :  1.0
validation class_total [1200.0, 1200.0, 1200.0, 1200.0, 1200.0, 1200.0]
validation class_correct [1200.0, 1200.0, 1200.0, 1200.0, 1200.0, 1200.0]
validation confusion_matrix [[1200, 0, 0, 0, 0, 0], [0, 1200, 0, 0, 0, 0], [0, 0, 1200, 0, 0, 0], [0, 0, 0, 1200, 0, 0], [0, 0, 0, 0, 1200, 0], [0, 0, 0, 0, 0, 1200]]
test accuracy :  0.254583333333
class_total [400.0, 400.0, 400.0, 400.0, 400.0, 400.0]
class_correct [157.0, 0.0, 289.0, 13.0, 145.0, 7.0]
confusion_matrix [[157, 72, 1, 59, 15, 96], [0, 0, 0, 6, 223, 171], [0, 47, 289, 0, 41, 23], [1, 0, 0, 13, 267, 119], [1, 1, 100, 1, 145, 152], [0, 0, 11, 13, 369, 7]]
traning started for  46 epoch
epoch 46 loss: 1.90734863281e-06
validation accuracy :  1.0
validation class_total [1200.0, 1200.0, 1200.0, 1200.0, 1200.0, 1200.0]
validation class_correct [1200.0, 1200.0, 1200.0, 1200.0, 1200.0, 1200.0]
validation confusion_matrix [[1200, 0, 0, 0, 0, 0], [0, 1200, 0, 0, 0, 0], [0, 0, 1200, 0, 0, 0], [0, 0, 0, 1200, 0, 0], [0, 0, 0, 0, 1200, 0], [0, 0, 0, 0, 0, 1200]]
test accuracy :  0.270416666667
class_total [400.0, 400.0, 400.0, 400.0, 400.0, 400.0]
class_correct [156.0, 0.0, 278.0, 17.0, 192.0, 6.0]
confusion_matrix [[156, 50, 1, 69, 23, 101], [0, 0, 0, 6, 256, 138], [0, 29, 278, 1, 69, 23], [2, 0, 0, 17, 294, 87], [1, 1, 73, 1, 192, 132], [0, 0, 11, 6, 377, 6]]
traning started for  47 epoch
epoch 47 loss: 1.90734863281e-06
validation accuracy :  0.999861111111
validation class_total [1200.0, 1200.0, 1200.0, 1200.0, 1200.0, 1200.0]
validation class_correct [1200.0, 1200.0, 1200.0, 1200.0, 1199.0, 1200.0]
validation confusion_matrix [[1200, 0, 0, 0, 0, 0], [0, 1200, 0, 0, 0, 0], [0, 0, 1200, 0, 0, 0], [0, 0, 0, 1200, 0, 0], [0, 0, 1, 0, 1199, 0], [0, 0, 0, 0, 0, 1200]]
test accuracy :  0.280416666667
class_total [400.0, 400.0, 400.0, 400.0, 400.0, 400.0]
class_correct [187.0, 0.0, 299.0, 17.0, 160.0, 10.0]
confusion_matrix [[187, 62, 1, 49, 10, 91], [1, 0, 0, 6, 234, 159], [0, 36, 299, 0, 40, 25], [2, 0, 0, 17, 262, 119], [2, 1, 95, 1, 160, 141], [0, 0, 11, 10, 369, 10]]
traning started for  48 epoch
epoch 48 loss: 0.0
validation accuracy :  0.999861111111
validation class_total [1200.0, 1200.0, 1200.0, 1200.0, 1200.0, 1200.0]
validation class_correct [1200.0, 1200.0, 1200.0, 1200.0, 1200.0, 1199.0]
validation confusion_matrix [[1200, 0, 0, 0, 0, 0], [0, 1200, 0, 0, 0, 0], [0, 0, 1200, 0, 0, 0], [0, 0, 0, 1200, 0, 0], [0, 0, 0, 0, 1200, 0], [0, 1, 0, 0, 0, 1199]]
test accuracy :  0.265416666667
class_total [400.0, 400.0, 400.0, 400.0, 400.0, 400.0]
class_correct [167.0, 0.0, 287.0, 15.0, 163.0, 5.0]
confusion_matrix [[167, 58, 2, 53, 11, 109], [0, 0, 0, 8, 235, 157], [0, 36, 287, 0, 57, 20], [1, 0, 0, 15, 276, 108], [1, 1, 91, 1, 163, 143], [0, 0, 8, 9, 378, 5]]
traning started for  49 epoch
epoch 49 loss: 0.0
validation accuracy :  1.0
validation class_total [1200.0, 1200.0, 1200.0, 1200.0, 1200.0, 1200.0]
validation class_correct [1200.0, 1200.0, 1200.0, 1200.0, 1200.0, 1200.0]
validation confusion_matrix [[1200, 0, 0, 0, 0, 0], [0, 1200, 0, 0, 0, 0], [0, 0, 1200, 0, 0, 0], [0, 0, 0, 1200, 0, 0], [0, 0, 0, 0, 1200, 0], [0, 0, 0, 0, 0, 1200]]
test accuracy :  0.265833333333
class_total [400.0, 400.0, 400.0, 400.0, 400.0, 400.0]
class_correct [190.0, 0.0, 311.0, 22.0, 105.0, 10.0]
confusion_matrix [[190, 67, 3, 51, 9, 80], [0, 0, 0, 9, 201, 190], [0, 44, 311, 0, 22, 23], [2, 0, 0, 22, 248, 128], [2, 5, 114, 1, 105, 173], [0, 0, 16, 9, 365, 10]]
traning started for  50 epoch
epoch 50 loss: 0.000791549682617
validation accuracy :  0.999722222222
validation class_total [1200.0, 1200.0, 1200.0, 1200.0, 1200.0, 1200.0]
validation class_correct [1198.0, 1200.0, 1200.0, 1200.0, 1200.0, 1200.0]
validation confusion_matrix [[1198, 0, 0, 2, 0, 0], [0, 1200, 0, 0, 0, 0], [0, 0, 1200, 0, 0, 0], [0, 0, 0, 1200, 0, 0], [0, 0, 0, 0, 1200, 0], [0, 0, 0, 0, 0, 1200]]
test accuracy :  0.252916666667
class_total [400.0, 400.0, 400.0, 400.0, 400.0, 400.0]
class_correct [115.0, 0.0, 335.0, 19.0, 137.0, 1.0]
confusion_matrix [[115, 100, 6, 94, 18, 67], [1, 0, 0, 9, 263, 127], [0, 32, 335, 0, 20, 13], [0, 0, 0, 19, 289, 92], [1, 2, 144, 1, 137, 115], [0, 0, 15, 8, 376, 1]]
traning started for  51 epoch
epoch 51 loss: 0.0
validation accuracy :  0.999861111111
validation class_total [1200.0, 1200.0, 1200.0, 1200.0, 1200.0, 1200.0]
validation class_correct [1200.0, 1200.0, 1200.0, 1200.0, 1200.0, 1199.0]
validation confusion_matrix [[1200, 0, 0, 0, 0, 0], [0, 1200, 0, 0, 0, 0], [0, 0, 1200, 0, 0, 0], [0, 0, 0, 1200, 0, 0], [0, 0, 0, 0, 1200, 0], [0, 1, 0, 0, 0, 1199]]
test accuracy :  0.25375
class_total [400.0, 400.0, 400.0, 400.0, 400.0, 400.0]
class_correct [168.0, 0.0, 297.0, 19.0, 118.0, 7.0]
confusion_matrix [[168, 82, 1, 49, 12, 88], [0, 0, 0, 10, 200, 190], [0, 50, 297, 0, 25, 28], [3, 0, 0, 19, 244, 134], [2, 5, 96, 0, 118, 179], [0, 1, 12, 10, 370, 7]]
traning started for  52 epoch
epoch 52 loss: 0.0
validation accuracy :  0.999861111111
validation class_total [1200.0, 1200.0, 1200.0, 1200.0, 1200.0, 1200.0]
validation class_correct [1200.0, 1200.0, 1200.0, 1199.0, 1200.0, 1200.0]
validation confusion_matrix [[1200, 0, 0, 0, 0, 0], [0, 1200, 0, 0, 0, 0], [0, 0, 1200, 0, 0, 0], [0, 0, 0, 1199, 1, 0], [0, 0, 0, 0, 1200, 0], [0, 0, 0, 0, 0, 1200]]
test accuracy :  0.249583333333
class_total [400.0, 400.0, 400.0, 400.0, 400.0, 400.0]
class_correct [158.0, 0.0, 293.0, 18.0, 119.0, 11.0]
confusion_matrix [[158, 78, 3, 53, 15, 93], [0, 0, 0, 9, 214, 177], [0, 51, 293, 0, 27, 29], [1, 0, 0, 18, 256, 125], [1, 4, 95, 1, 119, 180], [0, 0, 15, 8, 366, 11]]
traning started for  53 epoch
epoch 53 loss: 0.0
validation accuracy :  0.999861111111
validation class_total [1200.0, 1200.0, 1200.0, 1200.0, 1200.0, 1200.0]
validation class_correct [1200.0, 1200.0, 1200.0, 1200.0, 1199.0, 1200.0]
validation confusion_matrix [[1200, 0, 0, 0, 0, 0], [0, 1200, 0, 0, 0, 0], [0, 0, 1200, 0, 0, 0], [0, 0, 0, 1200, 0, 0], [0, 0, 0, 1, 1199, 0], [0, 0, 0, 0, 0, 1200]]
test accuracy :  0.25625
class_total [400.0, 400.0, 400.0, 400.0, 400.0, 400.0]
class_correct [152.0, 0.0, 296.0, 20.0, 139.0, 8.0]
confusion_matrix [[152, 69, 3, 67, 13, 96], [0, 0, 0, 10, 234, 156], [0, 43, 296, 0, 32, 29], [1, 0, 0, 20, 269, 110], [2, 2, 94, 2, 139, 161], [0, 0, 12, 8, 372, 8]]
traning started for  54 epoch
epoch 54 loss: 1.90734863281e-05
validation accuracy :  0.999583333333
validation class_total [1200.0, 1200.0, 1200.0, 1200.0, 1200.0, 1200.0]
validation class_correct [1199.0, 1200.0, 1200.0, 1200.0, 1198.0, 1200.0]
validation confusion_matrix [[1199, 1, 0, 0, 0, 0], [0, 1200, 0, 0, 0, 0], [0, 0, 1200, 0, 0, 0], [0, 0, 0, 1200, 0, 0], [0, 0, 0, 2, 1198, 0], [0, 0, 0, 0, 0, 1200]]
test accuracy :  0.26875
class_total [400.0, 400.0, 400.0, 400.0, 400.0, 400.0]
class_correct [181.0, 0.0, 286.0, 38.0, 139.0, 1.0]
confusion_matrix [[181, 73, 1, 69, 8, 68], [4, 0, 0, 40, 213, 143], [0, 51, 286, 0, 38, 25], [7, 0, 0, 38, 244, 111], [4, 8, 60, 7, 139, 182], [0, 0, 12, 8, 379, 1]]
traning started for  55 epoch
epoch 55 loss: 7.62939453125e-06
validation accuracy :  0.999444444444
validation class_total [1200.0, 1200.0, 1200.0, 1200.0, 1200.0, 1200.0]
validation class_correct [1199.0, 1200.0, 1199.0, 1198.0, 1200.0, 1200.0]
validation confusion_matrix [[1199, 0, 0, 0, 0, 1], [0, 1200, 0, 0, 0, 0], [0, 0, 1199, 0, 1, 0], [0, 0, 0, 1198, 2, 0], [0, 0, 0, 0, 1200, 0], [0, 0, 0, 0, 0, 1200]]
test accuracy :  0.25
class_total [400.0, 400.0, 400.0, 400.0, 400.0, 400.0]
class_correct [169.0, 0.0, 305.0, 20.0, 102.0, 4.0]
confusion_matrix [[169, 90, 9, 47, 10, 75], [0, 0, 0, 3, 287, 110], [0, 61, 305, 0, 16, 18], [2, 0, 0, 20, 287, 91], [0, 2, 107, 0, 102, 189], [0, 0, 15, 4, 377, 4]]
traning started for  56 epoch
epoch 56 loss: 0.000348091125488
validation accuracy :  1.0
validation class_total [1200.0, 1200.0, 1200.0, 1200.0, 1200.0, 1200.0]
validation class_correct [1200.0, 1200.0, 1200.0, 1200.0, 1200.0, 1200.0]
validation confusion_matrix [[1200, 0, 0, 0, 0, 0], [0, 1200, 0, 0, 0, 0], [0, 0, 1200, 0, 0, 0], [0, 0, 0, 1200, 0, 0], [0, 0, 0, 0, 1200, 0], [0, 0, 0, 0, 0, 1200]]
test accuracy :  0.240416666667
class_total [400.0, 400.0, 400.0, 400.0, 400.0, 400.0]
class_correct [158.0, 0.0, 255.0, 23.0, 136.0, 5.0]
confusion_matrix [[158, 86, 2, 46, 12, 96], [1, 0, 0, 8, 252, 139], [0, 74, 255, 0, 37, 34], [2, 0, 0, 23, 246, 129], [0, 0, 67, 0, 136, 197], [0, 0, 6, 15, 374, 5]]
traning started for  57 epoch
epoch 57 loss: 2.28881835938e-05
validation accuracy :  1.0
validation class_total [1200.0, 1200.0, 1200.0, 1200.0, 1200.0, 1200.0]
validation class_correct [1200.0, 1200.0, 1200.0, 1200.0, 1200.0, 1200.0]
validation confusion_matrix [[1200, 0, 0, 0, 0, 0], [0, 1200, 0, 0, 0, 0], [0, 0, 1200, 0, 0, 0], [0, 0, 0, 1200, 0, 0], [0, 0, 0, 0, 1200, 0], [0, 0, 0, 0, 0, 1200]]
test accuracy :  0.253333333333
class_total [400.0, 400.0, 400.0, 400.0, 400.0, 400.0]
class_correct [177.0, 0.0, 273.0, 23.0, 132.0, 3.0]
confusion_matrix [[177, 84, 4, 54, 10, 71], [0, 0, 0, 8, 257, 135], [0, 66, 273, 0, 34, 27], [3, 0, 1, 23, 250, 123], [0, 2, 69, 0, 132, 197], [0, 0, 5, 17, 375, 3]]
traning started for  58 epoch
epoch 58 loss: 0.0
validation accuracy :  1.0
validation class_total [1200.0, 1200.0, 1200.0, 1200.0, 1200.0, 1200.0]
validation class_correct [1200.0, 1200.0, 1200.0, 1200.0, 1200.0, 1200.0]
validation confusion_matrix [[1200, 0, 0, 0, 0, 0], [0, 1200, 0, 0, 0, 0], [0, 0, 1200, 0, 0, 0], [0, 0, 0, 1200, 0, 0], [0, 0, 0, 0, 1200, 0], [0, 0, 0, 0, 0, 1200]]
test accuracy :  0.26375
class_total [400.0, 400.0, 400.0, 400.0, 400.0, 400.0]
class_correct [189.0, 0.0, 286.0, 18.0, 134.0, 6.0]
confusion_matrix [[189, 83, 4, 56, 4, 64], [0, 0, 0, 6, 230, 164], [0, 57, 286, 1, 26, 30], [2, 0, 0, 18, 238, 142], [0, 4, 80, 0, 134, 182], [0, 0, 5, 16, 373, 6]]
traning started for  59 epoch
epoch 59 loss: 0.0
validation accuracy :  1.0
validation class_total [1200.0, 1200.0, 1200.0, 1200.0, 1200.0, 1200.0]
validation class_correct [1200.0, 1200.0, 1200.0, 1200.0, 1200.0, 1200.0]
validation confusion_matrix [[1200, 0, 0, 0, 0, 0], [0, 1200, 0, 0, 0, 0], [0, 0, 1200, 0, 0, 0], [0, 0, 0, 1200, 0, 0], [0, 0, 0, 0, 1200, 0], [0, 0, 0, 0, 0, 1200]]
test accuracy :  0.25875
class_total [400.0, 400.0, 400.0, 400.0, 400.0, 400.0]
class_correct [160.0, 0.0, 296.0, 14.0, 148.0, 3.0]
confusion_matrix [[160, 87, 8, 54, 11, 80], [0, 0, 0, 8, 257, 135], [0, 51, 296, 0, 30, 23], [1, 0, 0, 14, 263, 122], [1, 1, 88, 0, 148, 162], [0, 0, 9, 12, 376, 3]]
traning started for  60 epoch
epoch 60 loss: 0.000348091125488
validation accuracy :  1.0
validation class_total [1200.0, 1200.0, 1200.0, 1200.0, 1200.0, 1200.0]
validation class_correct [1200.0, 1200.0, 1200.0, 1200.0, 1200.0, 1200.0]
validation confusion_matrix [[1200, 0, 0, 0, 0, 0], [0, 1200, 0, 0, 0, 0], [0, 0, 1200, 0, 0, 0], [0, 0, 0, 1200, 0, 0], [0, 0, 0, 0, 1200, 0], [0, 0, 0, 0, 0, 1200]]
test accuracy :  0.254166666667
class_total [400.0, 400.0, 400.0, 400.0, 400.0, 400.0]
class_correct [156.0, 0.0, 287.0, 13.0, 151.0, 3.0]
confusion_matrix [[156, 83, 5, 58, 10, 88], [0, 0, 0, 5, 264, 131], [0, 39, 287, 0, 43, 31], [1, 0, 0, 13, 267, 119], [0, 0, 82, 0, 151, 167], [0, 0, 3, 7, 387, 3]]
traning started for  61 epoch
epoch 61 loss: 0.000158309936523
validation accuracy :  1.0
validation class_total [1200.0, 1200.0, 1200.0, 1200.0, 1200.0, 1200.0]
validation class_correct [1200.0, 1200.0, 1200.0, 1200.0, 1200.0, 1200.0]
validation confusion_matrix [[1200, 0, 0, 0, 0, 0], [0, 1200, 0, 0, 0, 0], [0, 0, 1200, 0, 0, 0], [0, 0, 0, 1200, 0, 0], [0, 0, 0, 0, 1200, 0], [0, 0, 0, 0, 0, 1200]]
test accuracy :  0.279166666667
class_total [400.0, 400.0, 400.0, 400.0, 400.0, 400.0]
class_correct [186.0, 0.0, 299.0, 22.0, 160.0, 3.0]
confusion_matrix [[186, 81, 3, 51, 9, 70], [0, 0, 0, 13, 281, 106], [0, 47, 299, 0, 33, 21], [2, 0, 0, 22, 285, 91], [0, 0, 100, 1, 160, 139], [0, 0, 7, 14, 376, 3]]
traning started for  62 epoch
epoch 62 loss: 3.81469726562e-06
validation accuracy :  1.0
validation class_total [1200.0, 1200.0, 1200.0, 1200.0, 1200.0, 1200.0]
validation class_correct [1200.0, 1200.0, 1200.0, 1200.0, 1200.0, 1200.0]
validation confusion_matrix [[1200, 0, 0, 0, 0, 0], [0, 1200, 0, 0, 0, 0], [0, 0, 1200, 0, 0, 0], [0, 0, 0, 1200, 0, 0], [0, 0, 0, 0, 1200, 0], [0, 0, 0, 0, 0, 1200]]
test accuracy :  0.28375
class_total [400.0, 400.0, 400.0, 400.0, 400.0, 400.0]
class_correct [193.0, 0.0, 304.0, 20.0, 163.0, 1.0]
confusion_matrix [[193, 77, 5, 40, 5, 80], [0, 0, 0, 13, 274, 113], [0, 44, 304, 0, 27, 25], [1, 0, 0, 20, 279, 100], [0, 0, 90, 0, 163, 147], [0, 0, 8, 10, 381, 1]]
traning started for  63 epoch
epoch 63 loss: 3.62396240234e-05
validation accuracy :  1.0
validation class_total [1200.0, 1200.0, 1200.0, 1200.0, 1200.0, 1200.0]
validation class_correct [1200.0, 1200.0, 1200.0, 1200.0, 1200.0, 1200.0]
validation confusion_matrix [[1200, 0, 0, 0, 0, 0], [0, 1200, 0, 0, 0, 0], [0, 0, 1200, 0, 0, 0], [0, 0, 0, 1200, 0, 0], [0, 0, 0, 0, 1200, 0], [0, 0, 0, 0, 0, 1200]]
test accuracy :  0.276666666667
class_total [400.0, 400.0, 400.0, 400.0, 400.0, 400.0]
class_correct [178.0, 0.0, 299.0, 19.0, 165.0, 3.0]
confusion_matrix [[178, 92, 3, 42, 6, 79], [0, 0, 0, 8, 280, 112], [0, 44, 299, 0, 36, 21], [0, 0, 0, 19, 285, 96], [0, 0, 85, 0, 165, 150], [0, 0, 7, 12, 378, 3]]
traning started for  64 epoch
epoch 64 loss: 0.0
validation accuracy :  1.0
validation class_total [1200.0, 1200.0, 1200.0, 1200.0, 1200.0, 1200.0]
validation class_correct [1200.0, 1200.0, 1200.0, 1200.0, 1200.0, 1200.0]
validation confusion_matrix [[1200, 0, 0, 0, 0, 0], [0, 1200, 0, 0, 0, 0], [0, 0, 1200, 0, 0, 0], [0, 0, 0, 1200, 0, 0], [0, 0, 0, 0, 1200, 0], [0, 0, 0, 0, 0, 1200]]
test accuracy :  0.264583333333
class_total [400.0, 400.0, 400.0, 400.0, 400.0, 400.0]
class_correct [172.0, 0.0, 296.0, 22.0, 140.0, 5.0]
confusion_matrix [[172, 103, 2, 45, 9, 69], [0, 0, 0, 13, 266, 121], [0, 55, 296, 0, 23, 26], [1, 0, 1, 22, 274, 102], [0, 0, 95, 0, 140, 165], [0, 0, 11, 9, 375, 5]]
traning started for  65 epoch
