cuda
traning started for  1 epoch
epoch 1 loss: 1.6178842783
validation accuracy :  0.223472222222
validation class_total [1200.0, 1200.0, 1200.0, 1200.0, 1200.0, 1200.0]
validation class_correct [234.0, 134.0, 580.0, 171.0, 137.0, 353.0]
validation confusion_matrix [[234, 101, 272, 133, 85, 375], [211, 134, 261, 130, 67, 397], [110, 40, 580, 140, 138, 192], [163, 84, 360, 171, 105, 317], [145, 81, 443, 118, 137, 276], [182, 96, 336, 145, 88, 353]]
test accuracy :  0.164583333333
class_total [400.0, 400.0, 400.0, 400.0, 400.0, 400.0]
class_correct [54.0, 17.0, 102.0, 64.0, 40.0, 118.0]
confusion_matrix [[54, 28, 125, 57, 45, 91], [39, 17, 166, 61, 47, 70], [54, 34, 102, 47, 37, 126], [46, 21, 128, 64, 48, 93], [40, 21, 140, 56, 40, 103], [63, 38, 109, 48, 24, 118]]
traning started for  2 epoch
epoch 2 loss: 1.84043729305
validation accuracy :  0.301388888889
validation class_total [1200.0, 1200.0, 1200.0, 1200.0, 1200.0, 1200.0]
validation class_correct [488.0, 213.0, 973.0, 138.0, 273.0, 85.0]
validation confusion_matrix [[488, 205, 121, 158, 151, 77], [355, 213, 166, 171, 193, 102], [4, 1, 973, 22, 182, 18], [162, 98, 449, 138, 278, 75], [52, 45, 672, 85, 273, 73], [109, 72, 547, 114, 273, 85]]
test accuracy :  0.164166666667
class_total [400.0, 400.0, 400.0, 400.0, 400.0, 400.0]
class_correct [34.0, 2.0, 214.0, 25.0, 98.0, 21.0]
confusion_matrix [[34, 24, 165, 45, 104, 28], [0, 2, 290, 16, 79, 13], [14, 12, 214, 36, 106, 18], [9, 14, 229, 25, 107, 16], [1, 6, 267, 18, 98, 10], [3, 8, 268, 14, 86, 21]]
traning started for  3 epoch
epoch 3 loss: 1.08631014824
validation accuracy :  0.433611111111
validation class_total [1200.0, 1200.0, 1200.0, 1200.0, 1200.0, 1200.0]
validation class_correct [200.0, 353.0, 862.0, 828.0, 287.0, 592.0]
validation confusion_matrix [[200, 223, 3, 689, 63, 22], [3, 353, 79, 10, 338, 417], [0, 3, 862, 0, 53, 282], [144, 143, 9, 828, 70, 6], [0, 132, 284, 3, 287, 494], [0, 39, 366, 0, 203, 592]]
test accuracy :  0.191666666667
class_total [400.0, 400.0, 400.0, 400.0, 400.0, 400.0]
class_correct [10.0, 55.0, 129.0, 1.0, 72.0, 193.0]
confusion_matrix [[10, 179, 11, 87, 89, 24], [1, 55, 100, 7, 107, 130], [0, 6, 129, 0, 57, 208], [0, 50, 98, 1, 111, 140], [0, 25, 96, 1, 72, 206], [1, 41, 78, 1, 86, 193]]
traning started for  4 epoch
epoch 4 loss: 1.53466081619
validation accuracy :  0.562361111111
validation class_total [1200.0, 1200.0, 1200.0, 1200.0, 1200.0, 1200.0]
validation class_correct [456.0, 640.0, 1149.0, 945.0, 305.0, 554.0]
validation confusion_matrix [[456, 123, 0, 596, 25, 0], [9, 640, 30, 6, 239, 276], [0, 0, 1149, 0, 0, 51], [198, 28, 2, 945, 27, 0], [16, 529, 90, 19, 305, 241], [0, 53, 549, 1, 43, 554]]
test accuracy :  0.1675
class_total [400.0, 400.0, 400.0, 400.0, 400.0, 400.0]
class_correct [16.0, 72.0, 119.0, 16.0, 68.0, 111.0]
confusion_matrix [[16, 168, 16, 67, 95, 38], [4, 72, 105, 23, 92, 104], [0, 18, 119, 0, 18, 245], [1, 82, 81, 16, 89, 131], [0, 115, 54, 0, 68, 163], [9, 166, 30, 8, 76, 111]]
traning started for  5 epoch
epoch 5 loss: 1.50470590591
validation accuracy :  0.628055555556
validation class_total [1200.0, 1200.0, 1200.0, 1200.0, 1200.0, 1200.0]
validation class_correct [568.0, 609.0, 1153.0, 1102.0, 261.0, 829.0]
validation confusion_matrix [[568, 54, 0, 486, 92, 0], [0, 609, 7, 0, 107, 477], [0, 1, 1153, 0, 1, 45], [32, 11, 2, 1102, 52, 1], [3, 382, 57, 10, 261, 487], [0, 11, 350, 1, 9, 829]]
test accuracy :  0.156666666667
class_total [400.0, 400.0, 400.0, 400.0, 400.0, 400.0]
class_correct [16.0, 21.0, 83.0, 14.0, 9.0, 233.0]
confusion_matrix [[16, 63, 20, 73, 149, 79], [4, 21, 124, 22, 53, 176], [0, 12, 83, 0, 1, 304], [1, 35, 79, 14, 64, 207], [0, 49, 36, 0, 9, 306], [1, 54, 55, 6, 51, 233]]
traning started for  6 epoch
epoch 6 loss: 0.289002895355
validation accuracy :  0.814583333333
validation class_total [1200.0, 1200.0, 1200.0, 1200.0, 1200.0, 1200.0]
validation class_correct [988.0, 906.0, 1128.0, 1087.0, 676.0, 1080.0]
validation confusion_matrix [[988, 33, 0, 123, 56, 0], [0, 906, 0, 0, 40, 254], [0, 0, 1128, 0, 2, 70], [11, 2, 3, 1087, 97, 0], [2, 156, 32, 14, 676, 320], [0, 2, 113, 0, 5, 1080]]
test accuracy :  0.145
class_total [400.0, 400.0, 400.0, 400.0, 400.0, 400.0]
class_correct [0.0, 1.0, 13.0, 27.0, 108.0, 199.0]
confusion_matrix [[0, 12, 49, 67, 170, 102], [0, 1, 138, 16, 110, 135], [0, 24, 13, 0, 6, 357], [0, 21, 59, 27, 119, 174], [0, 55, 16, 0, 108, 221], [0, 10, 71, 8, 112, 199]]
traning started for  7 epoch
epoch 7 loss: 1.77616870403
validation accuracy :  0.87375
validation class_total [1200.0, 1200.0, 1200.0, 1200.0, 1200.0, 1200.0]
validation class_correct [1057.0, 1058.0, 1028.0, 1119.0, 990.0, 1039.0]
validation confusion_matrix [[1057, 1, 0, 119, 23, 0], [19, 1058, 0, 0, 109, 14], [0, 1, 1028, 0, 40, 131], [15, 0, 0, 1119, 66, 0], [44, 46, 3, 61, 990, 56], [0, 53, 6, 0, 102, 1039]]
test accuracy :  0.139166666667
class_total [400.0, 400.0, 400.0, 400.0, 400.0, 400.0]
class_correct [28.0, 2.0, 1.0, 24.0, 210.0, 69.0]
confusion_matrix [[28, 21, 1, 157, 188, 5], [2, 2, 41, 51, 272, 32], [0, 41, 1, 0, 31, 327], [6, 29, 9, 24, 228, 104], [1, 38, 2, 0, 210, 149], [0, 4, 15, 22, 290, 69]]
traning started for  8 epoch
epoch 8 loss: 0.168389320374
validation accuracy :  0.92625
validation class_total [1200.0, 1200.0, 1200.0, 1200.0, 1200.0, 1200.0]
validation class_correct [1138.0, 1090.0, 1121.0, 1187.0, 1095.0, 1038.0]
validation confusion_matrix [[1138, 1, 0, 56, 5, 0], [3, 1090, 0, 0, 107, 0], [0, 0, 1121, 2, 28, 49], [4, 0, 0, 1187, 9, 0], [22, 8, 4, 57, 1095, 14], [0, 11, 7, 0, 144, 1038]]
test accuracy :  0.202083333333
class_total [400.0, 400.0, 400.0, 400.0, 400.0, 400.0]
class_correct [8.0, 1.0, 6.0, 78.0, 361.0, 31.0]
confusion_matrix [[8, 6, 11, 193, 179, 3], [1, 1, 45, 70, 275, 8], [0, 16, 6, 0, 182, 196], [2, 4, 19, 78, 255, 42], [1, 5, 4, 2, 361, 27], [0, 1, 15, 44, 309, 31]]
traning started for  9 epoch
epoch 9 loss: 0.00253772735596
validation accuracy :  0.958888888889
validation class_total [1200.0, 1200.0, 1200.0, 1200.0, 1200.0, 1200.0]
validation class_correct [1092.0, 1153.0, 1187.0, 1163.0, 1128.0, 1181.0]
validation confusion_matrix [[1092, 0, 0, 101, 7, 0], [1, 1153, 0, 0, 30, 16], [0, 0, 1187, 0, 5, 8], [0, 0, 2, 1163, 35, 0], [5, 4, 6, 20, 1128, 37], [0, 1, 7, 0, 11, 1181]]
test accuracy :  0.197083333333
class_total [400.0, 400.0, 400.0, 400.0, 400.0, 400.0]
class_correct [1.0, 0.0, 25.0, 44.0, 305.0, 98.0]
confusion_matrix [[1, 7, 70, 109, 188, 25], [0, 0, 111, 33, 220, 36], [0, 4, 25, 0, 51, 320], [0, 3, 62, 44, 202, 89], [0, 0, 20, 0, 305, 75], [0, 1, 29, 13, 259, 98]]
traning started for  10 epoch
epoch 10 loss: 8.20159912109e-05
validation accuracy :  0.974583333333
validation class_total [1200.0, 1200.0, 1200.0, 1200.0, 1200.0, 1200.0]
validation class_correct [1156.0, 1161.0, 1175.0, 1181.0, 1174.0, 1170.0]
validation confusion_matrix [[1156, 2, 0, 29, 13, 0], [1, 1161, 0, 0, 36, 2], [0, 0, 1175, 3, 12, 10], [4, 0, 0, 1181, 15, 0], [7, 3, 2, 9, 1174, 5], [0, 4, 1, 0, 25, 1170]]
test accuracy :  0.209166666667
class_total [400.0, 400.0, 400.0, 400.0, 400.0, 400.0]
class_correct [4.0, 0.0, 10.0, 77.0, 352.0, 59.0]
confusion_matrix [[4, 22, 19, 138, 208, 9], [1, 0, 72, 46, 251, 30], [0, 26, 10, 0, 182, 182], [4, 8, 26, 77, 228, 57], [1, 5, 2, 0, 352, 40], [0, 0, 37, 18, 286, 59]]
traning started for  11 epoch
epoch 11 loss: 0.0295438766479
validation accuracy :  0.959583333333
validation class_total [1200.0, 1200.0, 1200.0, 1200.0, 1200.0, 1200.0]
validation class_correct [1128.0, 1134.0, 1197.0, 1191.0, 1190.0, 1069.0]
validation confusion_matrix [[1128, 0, 0, 36, 36, 0], [2, 1134, 0, 0, 57, 7], [0, 0, 1197, 0, 3, 0], [0, 0, 1, 1191, 8, 0], [0, 3, 1, 3, 1190, 3], [0, 2, 62, 0, 67, 1069]]
test accuracy :  0.211666666667
class_total [400.0, 400.0, 400.0, 400.0, 400.0, 400.0]
class_correct [3.0, 0.0, 70.0, 59.0, 357.0, 19.0]
confusion_matrix [[3, 4, 25, 136, 229, 3], [0, 0, 69, 33, 295, 3], [0, 8, 70, 0, 195, 127], [0, 6, 42, 59, 273, 20], [0, 1, 6, 1, 357, 35], [0, 0, 75, 16, 290, 19]]
traning started for  12 epoch
epoch 12 loss: 2.28881835938e-05
validation accuracy :  0.974583333333
validation class_total [1200.0, 1200.0, 1200.0, 1200.0, 1200.0, 1200.0]
validation class_correct [1149.0, 1196.0, 1135.0, 1189.0, 1160.0, 1188.0]
validation confusion_matrix [[1149, 5, 0, 32, 14, 0], [0, 1196, 0, 0, 4, 0], [0, 0, 1135, 2, 16, 47], [2, 0, 0, 1189, 9, 0], [2, 11, 0, 9, 1160, 18], [0, 4, 0, 0, 8, 1188]]
test accuracy :  0.110416666667
class_total [400.0, 400.0, 400.0, 400.0, 400.0, 400.0]
class_correct [20.0, 3.0, 4.0, 43.0, 133.0, 62.0]
confusion_matrix [[20, 39, 1, 162, 168, 10], [1, 3, 44, 22, 280, 50], [0, 41, 4, 0, 57, 298], [0, 12, 27, 43, 201, 117], [0, 2, 4, 0, 133, 261], [0, 3, 14, 41, 280, 62]]
traning started for  13 epoch
epoch 13 loss: 0.000345230102539
validation accuracy :  0.979166666667
validation class_total [1200.0, 1200.0, 1200.0, 1200.0, 1200.0, 1200.0]
validation class_correct [1197.0, 1194.0, 1103.0, 1193.0, 1184.0, 1179.0]
validation confusion_matrix [[1197, 0, 0, 3, 0, 0], [2, 1194, 0, 0, 4, 0], [0, 0, 1103, 1, 26, 70], [2, 0, 1, 1193, 4, 0], [7, 3, 0, 3, 1184, 3], [0, 5, 0, 0, 16, 1179]]
test accuracy :  0.17125
class_total [400.0, 400.0, 400.0, 400.0, 400.0, 400.0]
class_correct [9.0, 0.0, 2.0, 49.0, 306.0, 45.0]
confusion_matrix [[9, 14, 41, 153, 161, 22], [1, 0, 42, 22, 300, 35], [0, 22, 2, 0, 96, 280], [4, 15, 18, 49, 235, 79], [0, 3, 1, 0, 306, 90], [0, 1, 4, 12, 338, 45]]
traning started for  14 epoch
epoch 14 loss: 0.0454978942871
validation accuracy :  0.986944444444
validation class_total [1200.0, 1200.0, 1200.0, 1200.0, 1200.0, 1200.0]
validation class_correct [1194.0, 1159.0, 1195.0, 1181.0, 1189.0, 1188.0]
validation confusion_matrix [[1194, 0, 0, 4, 2, 0], [4, 1159, 0, 0, 28, 9], [0, 0, 1195, 0, 3, 2], [7, 0, 5, 1181, 7, 0], [4, 0, 3, 0, 1189, 4], [0, 0, 3, 0, 9, 1188]]
test accuracy :  0.138333333333
class_total [400.0, 400.0, 400.0, 400.0, 400.0, 400.0]
class_correct [2.0, 0.0, 29.0, 33.0, 236.0, 32.0]
confusion_matrix [[2, 9, 170, 100, 103, 16], [0, 0, 140, 22, 200, 38], [0, 2, 29, 0, 94, 275], [2, 1, 113, 33, 154, 97], [0, 1, 13, 0, 236, 150], [0, 0, 23, 29, 316, 32]]
traning started for  15 epoch
epoch 15 loss: 0.000118255615234
validation accuracy :  0.992777777778
validation class_total [1200.0, 1200.0, 1200.0, 1200.0, 1200.0, 1200.0]
validation class_correct [1189.0, 1177.0, 1196.0, 1199.0, 1197.0, 1190.0]
validation confusion_matrix [[1189, 0, 0, 3, 8, 0], [0, 1177, 0, 0, 16, 7], [0, 0, 1196, 0, 2, 2], [0, 0, 0, 1199, 1, 0], [0, 0, 0, 2, 1197, 1], [0, 0, 0, 0, 10, 1190]]
test accuracy :  0.135833333333
class_total [400.0, 400.0, 400.0, 400.0, 400.0, 400.0]
class_correct [4.0, 1.0, 16.0, 26.0, 238.0, 41.0]
confusion_matrix [[4, 9, 36, 167, 163, 21], [0, 1, 83, 13, 270, 33], [0, 2, 16, 0, 94, 288], [4, 1, 51, 26, 237, 81], [0, 0, 4, 0, 238, 158], [0, 1, 25, 18, 315, 41]]
traning started for  16 epoch
epoch 16 loss: 0.622813224792
validation accuracy :  0.941388888889
validation class_total [1200.0, 1200.0, 1200.0, 1200.0, 1200.0, 1200.0]
validation class_correct [1200.0, 950.0, 1191.0, 1179.0, 1173.0, 1085.0]
validation confusion_matrix [[1200, 0, 0, 0, 0, 0], [55, 950, 0, 0, 193, 2], [0, 0, 1191, 3, 5, 1], [16, 0, 0, 1179, 5, 0], [16, 0, 0, 11, 1173, 0], [0, 2, 16, 0, 97, 1085]]
test accuracy :  0.24875
class_total [400.0, 400.0, 400.0, 400.0, 400.0, 400.0]
class_correct [46.0, 0.0, 62.0, 86.0, 393.0, 10.0]
confusion_matrix [[46, 2, 7, 217, 125, 3], [9, 0, 47, 40, 302, 2], [0, 0, 62, 1, 246, 91], [14, 0, 48, 86, 226, 26], [0, 0, 2, 0, 393, 5], [0, 0, 20, 59, 311, 10]]
traning started for  17 epoch
epoch 17 loss: 8.58306884766e-06
validation accuracy :  0.998194444444
validation class_total [1200.0, 1200.0, 1200.0, 1200.0, 1200.0, 1200.0]
validation class_correct [1197.0, 1200.0, 1195.0, 1197.0, 1198.0, 1200.0]
validation confusion_matrix [[1197, 0, 0, 0, 3, 0], [0, 1200, 0, 0, 0, 0], [0, 0, 1195, 1, 2, 2], [1, 0, 0, 1197, 2, 0], [0, 1, 0, 0, 1198, 1], [0, 0, 0, 0, 0, 1200]]
test accuracy :  0.159166666667
class_total [400.0, 400.0, 400.0, 400.0, 400.0, 400.0]
class_correct [9.0, 0.0, 12.0, 67.0, 259.0, 35.0]
confusion_matrix [[9, 13, 46, 246, 71, 15], [0, 0, 98, 45, 228, 29], [0, 36, 12, 0, 77, 275], [7, 14, 39, 67, 192, 81], [0, 3, 2, 0, 259, 136], [0, 1, 41, 29, 294, 35]]
traning started for  18 epoch
epoch 18 loss: 0.114148139954
validation accuracy :  0.997916666667
validation class_total [1200.0, 1200.0, 1200.0, 1200.0, 1200.0, 1200.0]
validation class_correct [1195.0, 1197.0, 1197.0, 1199.0, 1197.0, 1200.0]
validation confusion_matrix [[1195, 0, 0, 1, 4, 0], [0, 1197, 0, 0, 1, 2], [0, 0, 1197, 0, 1, 2], [0, 0, 0, 1199, 1, 0], [0, 3, 0, 0, 1197, 0], [0, 0, 0, 0, 0, 1200]]
test accuracy :  0.212916666667
class_total [400.0, 400.0, 400.0, 400.0, 400.0, 400.0]
class_correct [14.0, 0.0, 52.0, 92.0, 263.0, 90.0]
confusion_matrix [[14, 7, 18, 235, 115, 11], [1, 0, 58, 45, 263, 33], [0, 6, 52, 0, 69, 273], [2, 6, 38, 92, 197, 65], [0, 1, 6, 0, 263, 130], [0, 0, 34, 17, 259, 90]]
traning started for  19 epoch
epoch 19 loss: 3.81469726562e-06
validation accuracy :  0.996805555556
validation class_total [1200.0, 1200.0, 1200.0, 1200.0, 1200.0, 1200.0]
validation class_correct [1194.0, 1198.0, 1194.0, 1195.0, 1197.0, 1199.0]
validation confusion_matrix [[1194, 0, 0, 0, 6, 0], [0, 1198, 0, 0, 0, 2], [0, 0, 1194, 0, 4, 2], [0, 0, 0, 1195, 5, 0], [0, 2, 0, 0, 1197, 1], [0, 0, 0, 0, 1, 1199]]
test accuracy :  0.195833333333
class_total [400.0, 400.0, 400.0, 400.0, 400.0, 400.0]
class_correct [5.0, 0.0, 12.0, 45.0, 326.0, 82.0]
confusion_matrix [[5, 13, 39, 133, 183, 27], [0, 0, 49, 13, 301, 37], [0, 26, 12, 0, 153, 209], [3, 11, 37, 45, 249, 55], [0, 2, 0, 0, 326, 72], [0, 2, 8, 1, 307, 82]]
traning started for  20 epoch
epoch 20 loss: 0.000755310058594
validation accuracy :  0.997777777778
validation class_total [1200.0, 1200.0, 1200.0, 1200.0, 1200.0, 1200.0]
validation class_correct [1198.0, 1200.0, 1197.0, 1194.0, 1198.0, 1197.0]
validation confusion_matrix [[1198, 0, 0, 1, 1, 0], [0, 1200, 0, 0, 0, 0], [0, 0, 1197, 1, 0, 2], [6, 0, 0, 1194, 0, 0], [2, 0, 0, 0, 1198, 0], [0, 0, 0, 0, 3, 1197]]
test accuracy :  0.178333333333
class_total [400.0, 400.0, 400.0, 400.0, 400.0, 400.0]
class_correct [25.0, 0.0, 32.0, 55.0, 271.0, 45.0]
confusion_matrix [[25, 10, 31, 161, 165, 8], [0, 0, 76, 18, 285, 21], [0, 15, 32, 0, 137, 216], [4, 7, 43, 55, 239, 52], [0, 3, 1, 0, 271, 125], [0, 1, 11, 6, 337, 45]]
traning started for  21 epoch
epoch 21 loss: 0.0115642547607
validation accuracy :  0.998888888889
validation class_total [1200.0, 1200.0, 1200.0, 1200.0, 1200.0, 1200.0]
validation class_correct [1200.0, 1200.0, 1197.0, 1199.0, 1200.0, 1196.0]
validation confusion_matrix [[1200, 0, 0, 0, 0, 0], [0, 1200, 0, 0, 0, 0], [0, 0, 1197, 0, 2, 1], [0, 0, 0, 1199, 1, 0], [0, 0, 0, 0, 1200, 0], [0, 0, 0, 0, 4, 1196]]
test accuracy :  0.177916666667
class_total [400.0, 400.0, 400.0, 400.0, 400.0, 400.0]
class_correct [22.0, 1.0, 21.0, 54.0, 306.0, 23.0]
confusion_matrix [[22, 25, 15, 212, 120, 6], [0, 1, 66, 40, 281, 12], [0, 19, 21, 0, 163, 197], [4, 3, 54, 54, 219, 66], [0, 4, 0, 0, 306, 90], [1, 1, 9, 14, 352, 23]]
traning started for  22 epoch
epoch 22 loss: 0.000612258911133
validation accuracy :  0.997638888889
validation class_total [1200.0, 1200.0, 1200.0, 1200.0, 1200.0, 1200.0]
validation class_correct [1197.0, 1197.0, 1194.0, 1199.0, 1196.0, 1200.0]
validation confusion_matrix [[1197, 0, 0, 1, 2, 0], [0, 1197, 0, 0, 0, 3], [0, 0, 1194, 0, 2, 4], [0, 0, 0, 1199, 1, 0], [0, 2, 1, 0, 1196, 1], [0, 0, 0, 0, 0, 1200]]
test accuracy :  0.113333333333
class_total [400.0, 400.0, 400.0, 400.0, 400.0, 400.0]
class_correct [14.0, 1.0, 10.0, 43.0, 152.0, 52.0]
confusion_matrix [[14, 21, 27, 185, 130, 23], [0, 1, 60, 11, 261, 67], [0, 21, 10, 0, 79, 290], [3, 4, 31, 43, 218, 101], [0, 4, 1, 0, 152, 243], [1, 1, 10, 9, 327, 52]]
traning started for  23 epoch
epoch 23 loss: 7.62939453125e-06
validation accuracy :  0.998611111111
validation class_total [1200.0, 1200.0, 1200.0, 1200.0, 1200.0, 1200.0]
validation class_correct [1199.0, 1198.0, 1199.0, 1199.0, 1195.0, 1200.0]
validation confusion_matrix [[1199, 0, 0, 1, 0, 0], [0, 1198, 0, 0, 2, 0], [0, 0, 1199, 1, 0, 0], [0, 0, 0, 1199, 1, 0], [2, 0, 0, 0, 1195, 3], [0, 0, 0, 0, 0, 1200]]
test accuracy :  0.167916666667
class_total [400.0, 400.0, 400.0, 400.0, 400.0, 400.0]
class_correct [6.0, 0.0, 35.0, 70.0, 258.0, 34.0]
confusion_matrix [[6, 8, 76, 217, 75, 18], [0, 0, 102, 48, 223, 27], [0, 21, 35, 2, 87, 255], [5, 4, 58, 70, 181, 82], [0, 4, 2, 0, 258, 136], [0, 0, 50, 28, 288, 34]]
traning started for  24 epoch
epoch 24 loss: 0.0118045806885
validation accuracy :  0.997777777778
validation class_total [1200.0, 1200.0, 1200.0, 1200.0, 1200.0, 1200.0]
validation class_correct [1197.0, 1199.0, 1198.0, 1199.0, 1198.0, 1193.0]
validation confusion_matrix [[1197, 0, 0, 2, 1, 0], [0, 1199, 0, 0, 1, 0], [0, 0, 1198, 2, 0, 0], [0, 0, 1, 1199, 0, 0], [0, 0, 0, 2, 1198, 0], [0, 0, 1, 0, 6, 1193]]
test accuracy :  0.230416666667
class_total [400.0, 400.0, 400.0, 400.0, 400.0, 400.0]
class_correct [3.0, 0.0, 83.0, 116.0, 309.0, 42.0]
confusion_matrix [[3, 4, 52, 260, 76, 5], [1, 0, 89, 68, 230, 12], [0, 15, 83, 4, 103, 195], [3, 6, 52, 116, 182, 41], [0, 4, 2, 1, 309, 84], [0, 0, 43, 40, 275, 42]]
traning started for  25 epoch
epoch 25 loss: 0.00281429290771
validation accuracy :  0.98875
validation class_total [1200.0, 1200.0, 1200.0, 1200.0, 1200.0, 1200.0]
validation class_correct [1174.0, 1151.0, 1199.0, 1199.0, 1200.0, 1196.0]
validation confusion_matrix [[1174, 0, 0, 13, 13, 0], [0, 1151, 0, 0, 47, 2], [0, 0, 1199, 0, 1, 0], [0, 0, 0, 1199, 1, 0], [0, 0, 0, 0, 1200, 0], [0, 0, 2, 0, 2, 1196]]
test accuracy :  0.175833333333
class_total [400.0, 400.0, 400.0, 400.0, 400.0, 400.0]
class_correct [0.0, 0.0, 39.0, 62.0, 292.0, 29.0]
confusion_matrix [[0, 8, 64, 201, 112, 15], [0, 0, 103, 30, 248, 19], [0, 2, 39, 1, 112, 246], [1, 0, 48, 62, 218, 71], [0, 1, 3, 0, 292, 104], [0, 0, 84, 10, 277, 29]]
traning started for  26 epoch
epoch 26 loss: 1.90734863281e-06
validation accuracy :  0.999583333333
validation class_total [1200.0, 1200.0, 1200.0, 1200.0, 1200.0, 1200.0]
validation class_correct [1199.0, 1200.0, 1200.0, 1199.0, 1199.0, 1200.0]
validation confusion_matrix [[1199, 1, 0, 0, 0, 0], [0, 1200, 0, 0, 0, 0], [0, 0, 1200, 0, 0, 0], [0, 0, 0, 1199, 1, 0], [0, 1, 0, 0, 1199, 0], [0, 0, 0, 0, 0, 1200]]
test accuracy :  0.18375
class_total [400.0, 400.0, 400.0, 400.0, 400.0, 400.0]
class_correct [26.0, 1.0, 49.0, 75.0, 259.0, 31.0]
confusion_matrix [[26, 15, 34, 230, 85, 10], [1, 1, 78, 42, 257, 21], [0, 17, 49, 3, 100, 231], [3, 7, 55, 75, 196, 64], [0, 5, 1, 0, 259, 135], [0, 0, 46, 20, 303, 31]]
traning started for  27 epoch
epoch 27 loss: 0.000205993652344
validation accuracy :  0.999861111111
validation class_total [1200.0, 1200.0, 1200.0, 1200.0, 1200.0, 1200.0]
validation class_correct [1199.0, 1200.0, 1200.0, 1200.0, 1200.0, 1200.0]
validation confusion_matrix [[1199, 0, 0, 1, 0, 0], [0, 1200, 0, 0, 0, 0], [0, 0, 1200, 0, 0, 0], [0, 0, 0, 1200, 0, 0], [0, 0, 0, 0, 1200, 0], [0, 0, 0, 0, 0, 1200]]
test accuracy :  0.159166666667
class_total [400.0, 400.0, 400.0, 400.0, 400.0, 400.0]
class_correct [14.0, 1.0, 24.0, 58.0, 239.0, 46.0]
confusion_matrix [[14, 19, 34, 205, 107, 21], [0, 1, 65, 28, 273, 33], [0, 10, 24, 2, 81, 283], [2, 3, 34, 58, 207, 96], [0, 5, 1, 0, 239, 155], [0, 0, 38, 12, 304, 46]]
traning started for  28 epoch
