cuda
traning started for  1 epoch
epoch 1 loss: 1.95141899586
validation accuracy :  0.240138888889
validation class_total [1200.0, 1200.0, 1200.0, 1200.0, 1200.0, 1200.0]
validation class_correct [341.0, 297.0, 687.0, 138.0, 140.0, 126.0]
validation confusion_matrix [[341, 253, 274, 138, 92, 102], [305, 297, 300, 92, 94, 112], [146, 110, 687, 60, 138, 59], [280, 208, 350, 138, 127, 97], [240, 189, 450, 99, 140, 82], [279, 248, 302, 109, 136, 126]]
test accuracy :  0.139166666667
class_total [400.0, 400.0, 400.0, 400.0, 400.0, 400.0]
class_correct [81.0, 51.0, 74.0, 40.0, 50.0, 38.0]
confusion_matrix [[81, 68, 152, 27, 40, 32], [55, 51, 187, 25, 57, 25], [115, 89, 74, 39, 45, 38], [77, 58, 148, 40, 40, 37], [79, 85, 116, 31, 50, 39], [94, 69, 104, 52, 43, 38]]
traning started for  2 epoch
epoch 2 loss: 1.43033099174
validation accuracy :  0.386388888889
validation class_total [1200.0, 1200.0, 1200.0, 1200.0, 1200.0, 1200.0]
validation class_correct [354.0, 158.0, 956.0, 643.0, 99.0, 572.0]
validation confusion_matrix [[354, 118, 6, 676, 26, 20], [5, 158, 421, 20, 89, 507], [0, 2, 956, 0, 25, 217], [268, 166, 26, 643, 38, 59], [6, 90, 543, 13, 99, 449], [0, 33, 520, 1, 74, 572]]
test accuracy :  0.192916666667
class_total [400.0, 400.0, 400.0, 400.0, 400.0, 400.0]
class_correct [22.0, 35.0, 207.0, 1.0, 15.0, 183.0]
confusion_matrix [[22, 145, 33, 90, 36, 74], [0, 35, 193, 3, 33, 136], [0, 6, 207, 0, 9, 178], [0, 25, 154, 1, 34, 186], [0, 10, 197, 0, 15, 178], [0, 39, 129, 0, 49, 183]]
traning started for  3 epoch
epoch 3 loss: 1.68968343735
validation accuracy :  0.582916666667
validation class_total [1200.0, 1200.0, 1200.0, 1200.0, 1200.0, 1200.0]
validation class_correct [442.0, 1002.0, 1010.0, 752.0, 357.0, 634.0]
validation confusion_matrix [[442, 88, 0, 656, 14, 0], [13, 1002, 3, 9, 141, 32], [0, 14, 1010, 0, 4, 172], [406, 38, 0, 752, 4, 0], [4, 602, 40, 8, 357, 189], [0, 141, 278, 0, 147, 634]]
test accuracy :  0.247916666667
class_total [400.0, 400.0, 400.0, 400.0, 400.0, 400.0]
class_correct [98.0, 188.0, 117.0, 16.0, 90.0, 86.0]
confusion_matrix [[98, 123, 0, 162, 17, 0], [14, 188, 16, 50, 113, 19], [0, 62, 117, 0, 40, 181], [11, 225, 5, 16, 105, 38], [0, 122, 73, 0, 90, 115], [3, 174, 25, 1, 111, 86]]
traning started for  4 epoch
epoch 4 loss: 1.23145318031
validation accuracy :  0.693888888889
validation class_total [1200.0, 1200.0, 1200.0, 1200.0, 1200.0, 1200.0]
validation class_correct [1001.0, 687.0, 944.0, 248.0, 1120.0, 996.0]
validation confusion_matrix [[1001, 2, 0, 106, 91, 0], [2, 687, 44, 0, 110, 357], [0, 0, 944, 0, 31, 225], [843, 17, 0, 248, 90, 2], [11, 0, 5, 0, 1120, 64], [0, 2, 48, 0, 154, 996]]
test accuracy :  0.23
class_total [400.0, 400.0, 400.0, 400.0, 400.0, 400.0]
class_correct [230.0, 0.0, 50.0, 5.0, 256.0, 11.0]
confusion_matrix [[230, 10, 1, 86, 67, 6], [25, 0, 15, 2, 337, 21], [0, 3, 50, 0, 10, 337], [14, 3, 11, 5, 243, 124], [1, 1, 16, 0, 256, 126], [1, 0, 6, 0, 382, 11]]
traning started for  5 epoch
epoch 5 loss: 0.698624134064
validation accuracy :  0.932361111111
validation class_total [1200.0, 1200.0, 1200.0, 1200.0, 1200.0, 1200.0]
validation class_correct [1120.0, 1146.0, 1137.0, 1089.0, 1163.0, 1058.0]
validation confusion_matrix [[1120, 2, 0, 31, 47, 0], [3, 1146, 9, 7, 27, 8], [0, 1, 1137, 0, 7, 55], [86, 2, 0, 1089, 23, 0], [7, 0, 0, 1, 1163, 29], [0, 3, 34, 0, 105, 1058]]
test accuracy :  0.16
class_total [400.0, 400.0, 400.0, 400.0, 400.0, 400.0]
class_correct [46.0, 1.0, 83.0, 2.0, 231.0, 21.0]
confusion_matrix [[46, 79, 6, 201, 59, 9], [13, 1, 21, 8, 338, 19], [0, 49, 83, 0, 24, 244], [7, 4, 3, 2, 336, 48], [0, 3, 9, 0, 231, 157], [4, 0, 8, 3, 364, 21]]
traning started for  6 epoch
epoch 6 loss: 0.304375171661
validation accuracy :  0.937361111111
validation class_total [1200.0, 1200.0, 1200.0, 1200.0, 1200.0, 1200.0]
validation class_correct [955.0, 1133.0, 1190.0, 1153.0, 1188.0, 1130.0]
validation confusion_matrix [[955, 1, 0, 54, 190, 0], [0, 1133, 7, 9, 26, 25], [0, 1, 1190, 0, 2, 7], [4, 3, 2, 1153, 38, 0], [0, 0, 1, 1, 1188, 10], [0, 0, 27, 0, 43, 1130]]
test accuracy :  0.212083333333
class_total [400.0, 400.0, 400.0, 400.0, 400.0, 400.0]
class_correct [0.0, 0.0, 251.0, 2.0, 253.0, 3.0]
confusion_matrix [[0, 56, 38, 245, 51, 10], [0, 0, 41, 1, 331, 27], [0, 6, 251, 0, 18, 125], [0, 0, 8, 2, 322, 68], [0, 0, 16, 0, 253, 131], [0, 0, 22, 5, 370, 3]]
traning started for  7 epoch
epoch 7 loss: 0.00402545928955
validation accuracy :  0.973472222222
validation class_total [1200.0, 1200.0, 1200.0, 1200.0, 1200.0, 1200.0]
validation class_correct [1109.0, 1196.0, 1192.0, 1172.0, 1149.0, 1191.0]
validation confusion_matrix [[1109, 2, 0, 18, 71, 0], [0, 1196, 0, 2, 2, 0], [0, 1, 1192, 0, 0, 7], [1, 4, 2, 1172, 21, 0], [1, 1, 4, 0, 1149, 45], [0, 1, 5, 0, 3, 1191]]
test accuracy :  0.134166666667
class_total [400.0, 400.0, 400.0, 400.0, 400.0, 400.0]
class_correct [2.0, 1.0, 216.0, 1.0, 81.0, 21.0]
confusion_matrix [[2, 66, 25, 280, 19, 8], [0, 1, 53, 3, 280, 63], [0, 19, 216, 1, 4, 160], [0, 5, 4, 1, 233, 157], [0, 0, 14, 0, 81, 305], [0, 0, 35, 2, 342, 21]]
traning started for  8 epoch
epoch 8 loss: 0.0302076339722
validation accuracy :  0.990416666667
validation class_total [1200.0, 1200.0, 1200.0, 1200.0, 1200.0, 1200.0]
validation class_correct [1185.0, 1187.0, 1192.0, 1193.0, 1182.0, 1192.0]
validation confusion_matrix [[1185, 0, 0, 3, 12, 0], [3, 1187, 3, 1, 3, 3], [0, 0, 1192, 0, 0, 8], [3, 0, 2, 1193, 2, 0], [3, 0, 0, 0, 1182, 15], [0, 0, 4, 0, 4, 1192]]
test accuracy :  0.0929166666667
class_total [400.0, 400.0, 400.0, 400.0, 400.0, 400.0]
class_correct [3.0, 0.0, 136.0, 0.0, 81.0, 3.0]
confusion_matrix [[3, 31, 25, 328, 9, 4], [2, 0, 63, 13, 275, 47], [0, 21, 136, 2, 7, 234], [2, 0, 3, 0, 272, 123], [0, 0, 17, 0, 81, 302], [1, 0, 36, 35, 325, 3]]
traning started for  9 epoch
epoch 9 loss: 0.0717782974243
validation accuracy :  0.99375
validation class_total [1200.0, 1200.0, 1200.0, 1200.0, 1200.0, 1200.0]
validation class_correct [1192.0, 1194.0, 1198.0, 1198.0, 1187.0, 1186.0]
validation confusion_matrix [[1192, 1, 0, 4, 3, 0], [3, 1194, 1, 1, 1, 0], [0, 0, 1198, 0, 0, 2], [0, 1, 0, 1198, 1, 0], [5, 0, 1, 1, 1187, 6], [0, 1, 8, 0, 5, 1186]]
test accuracy :  0.15875
class_total [400.0, 400.0, 400.0, 400.0, 400.0, 400.0]
class_correct [10.0, 1.0, 207.0, 0.0, 157.0, 6.0]
confusion_matrix [[10, 39, 8, 340, 3, 0], [2, 1, 46, 18, 313, 20], [0, 63, 207, 2, 10, 118], [2, 5, 5, 0, 287, 101], [0, 0, 16, 0, 157, 227], [0, 0, 58, 85, 251, 6]]
traning started for  10 epoch
epoch 10 loss: 0.633263587952
validation accuracy :  0.992638888889
validation class_total [1200.0, 1200.0, 1200.0, 1200.0, 1200.0, 1200.0]
validation class_correct [1181.0, 1194.0, 1200.0, 1197.0, 1195.0, 1180.0]
validation confusion_matrix [[1181, 0, 0, 10, 9, 0], [0, 1194, 5, 0, 1, 0], [0, 0, 1200, 0, 0, 0], [2, 0, 1, 1197, 0, 0], [1, 0, 2, 0, 1195, 2], [0, 0, 6, 0, 14, 1180]]
test accuracy :  0.22
class_total [400.0, 400.0, 400.0, 400.0, 400.0, 400.0]
class_correct [6.0, 0.0, 279.0, 0.0, 242.0, 1.0]
confusion_matrix [[6, 44, 27, 314, 7, 2], [0, 0, 51, 5, 326, 18], [0, 19, 279, 4, 26, 72], [0, 0, 4, 0, 319, 77], [0, 0, 22, 0, 242, 136], [0, 0, 103, 55, 241, 1]]
traning started for  11 epoch
epoch 11 loss: 0.00120639801025
validation accuracy :  0.99625
validation class_total [1200.0, 1200.0, 1200.0, 1200.0, 1200.0, 1200.0]
validation class_correct [1194.0, 1193.0, 1198.0, 1200.0, 1193.0, 1195.0]
validation confusion_matrix [[1194, 0, 0, 2, 4, 0], [2, 1193, 1, 1, 3, 0], [0, 1, 1198, 1, 0, 0], [0, 0, 0, 1200, 0, 0], [4, 0, 0, 1, 1193, 2], [0, 0, 0, 0, 5, 1195]]
test accuracy :  0.119583333333
class_total [400.0, 400.0, 400.0, 400.0, 400.0, 400.0]
class_correct [2.0, 0.0, 126.0, 0.0, 156.0, 3.0]
confusion_matrix [[2, 30, 18, 342, 3, 5], [0, 0, 33, 10, 332, 25], [0, 80, 126, 1, 16, 177], [1, 1, 1, 0, 295, 102], [1, 2, 19, 1, 156, 221], [0, 0, 41, 75, 281, 3]]
traning started for  12 epoch
epoch 12 loss: 0.00206756591797
validation accuracy :  0.997361111111
validation class_total [1200.0, 1200.0, 1200.0, 1200.0, 1200.0, 1200.0]
validation class_correct [1192.0, 1198.0, 1200.0, 1199.0, 1195.0, 1197.0]
validation confusion_matrix [[1192, 0, 0, 8, 0, 0], [0, 1198, 1, 1, 0, 0], [0, 0, 1200, 0, 0, 0], [0, 0, 1, 1199, 0, 0], [1, 0, 0, 0, 1195, 4], [0, 0, 0, 0, 3, 1197]]
test accuracy :  0.12
class_total [400.0, 400.0, 400.0, 400.0, 400.0, 400.0]
class_correct [8.0, 0.0, 152.0, 0.0, 125.0, 3.0]
confusion_matrix [[8, 84, 21, 266, 14, 7], [1, 0, 39, 4, 333, 23], [0, 22, 152, 0, 7, 219], [1, 1, 2, 0, 317, 79], [0, 0, 29, 0, 125, 246], [0, 0, 51, 51, 295, 3]]
traning started for  13 epoch
epoch 13 loss: 0.000297546386719
validation accuracy :  0.995416666667
validation class_total [1200.0, 1200.0, 1200.0, 1200.0, 1200.0, 1200.0]
validation class_correct [1190.0, 1200.0, 1190.0, 1196.0, 1195.0, 1196.0]
validation confusion_matrix [[1190, 0, 0, 2, 8, 0], [0, 1200, 0, 0, 0, 0], [0, 6, 1190, 0, 0, 4], [1, 2, 0, 1196, 1, 0], [0, 0, 0, 0, 1195, 5], [0, 1, 0, 0, 3, 1196]]
test accuracy :  0.0970833333333
class_total [400.0, 400.0, 400.0, 400.0, 400.0, 400.0]
class_correct [4.0, 1.0, 57.0, 0.0, 166.0, 5.0]
confusion_matrix [[4, 106, 18, 257, 7, 8], [0, 1, 24, 4, 327, 44], [0, 210, 57, 1, 11, 121], [0, 7, 1, 0, 299, 93], [0, 6, 8, 0, 166, 220], [0, 0, 48, 74, 273, 5]]
traning started for  14 epoch
epoch 14 loss: 0.00283241271973
validation accuracy :  0.997361111111
validation class_total [1200.0, 1200.0, 1200.0, 1200.0, 1200.0, 1200.0]
validation class_correct [1187.0, 1198.0, 1200.0, 1200.0, 1197.0, 1199.0]
validation confusion_matrix [[1187, 0, 0, 12, 1, 0], [0, 1198, 0, 1, 1, 0], [0, 0, 1200, 0, 0, 0], [0, 0, 0, 1200, 0, 0], [2, 0, 0, 0, 1197, 1], [0, 0, 1, 0, 0, 1199]]
test accuracy :  0.0908333333333
class_total [400.0, 400.0, 400.0, 400.0, 400.0, 400.0]
class_correct [1.0, 0.0, 118.0, 1.0, 96.0, 2.0]
confusion_matrix [[1, 36, 17, 342, 4, 0], [0, 0, 53, 25, 289, 33], [0, 95, 118, 1, 2, 184], [1, 4, 1, 1, 268, 125], [0, 3, 30, 0, 96, 271], [0, 0, 72, 73, 253, 2]]
traning started for  15 epoch
epoch 15 loss: 0.00190925598145
validation accuracy :  0.993333333333
validation class_total [1200.0, 1200.0, 1200.0, 1200.0, 1200.0, 1200.0]
validation class_correct [1185.0, 1189.0, 1194.0, 1186.0, 1200.0, 1198.0]
validation confusion_matrix [[1185, 0, 0, 3, 12, 0], [3, 1189, 0, 2, 6, 0], [0, 0, 1194, 0, 0, 6], [1, 0, 0, 1186, 13, 0], [0, 0, 0, 0, 1200, 0], [0, 0, 0, 0, 2, 1198]]
test accuracy :  0.135833333333
class_total [400.0, 400.0, 400.0, 400.0, 400.0, 400.0]
class_correct [14.0, 0.0, 139.0, 0.0, 163.0, 10.0]
confusion_matrix [[14, 33, 11, 298, 36, 8], [0, 0, 14, 2, 345, 39], [0, 25, 139, 0, 14, 222], [0, 2, 1, 0, 300, 97], [0, 0, 12, 0, 163, 225], [0, 0, 21, 0, 369, 10]]
traning started for  16 epoch
epoch 16 loss: 0.00406646728516
validation accuracy :  0.999166666667
validation class_total [1200.0, 1200.0, 1200.0, 1200.0, 1200.0, 1200.0]
validation class_correct [1200.0, 1200.0, 1199.0, 1200.0, 1195.0, 1200.0]
validation confusion_matrix [[1200, 0, 0, 0, 0, 0], [0, 1200, 0, 0, 0, 0], [0, 0, 1199, 0, 0, 1], [0, 0, 0, 1200, 0, 0], [3, 1, 0, 0, 1195, 1], [0, 0, 0, 0, 0, 1200]]
test accuracy :  0.115833333333
class_total [400.0, 400.0, 400.0, 400.0, 400.0, 400.0]
class_correct [4.0, 1.0, 118.0, 0.0, 146.0, 9.0]
confusion_matrix [[4, 43, 15, 334, 2, 2], [3, 1, 54, 17, 278, 47], [0, 83, 118, 3, 9, 187], [4, 7, 1, 0, 260, 128], [0, 1, 9, 0, 146, 244], [1, 0, 55, 58, 277, 9]]
traning started for  17 epoch
epoch 17 loss: 0.00318241119385
validation accuracy :  0.999444444444
validation class_total [1200.0, 1200.0, 1200.0, 1200.0, 1200.0, 1200.0]
validation class_correct [1200.0, 1200.0, 1200.0, 1200.0, 1196.0, 1200.0]
validation confusion_matrix [[1200, 0, 0, 0, 0, 0], [0, 1200, 0, 0, 0, 0], [0, 0, 1200, 0, 0, 0], [0, 0, 0, 1200, 0, 0], [0, 0, 0, 0, 1196, 4], [0, 0, 0, 0, 0, 1200]]
test accuracy :  0.0954166666667
class_total [400.0, 400.0, 400.0, 400.0, 400.0, 400.0]
class_correct [1.0, 0.0, 152.0, 0.0, 68.0, 8.0]
confusion_matrix [[1, 44, 38, 312, 2, 3], [0, 0, 57, 3, 275, 65], [0, 68, 152, 0, 6, 174], [0, 6, 1, 0, 242, 151], [0, 1, 20, 0, 68, 311], [0, 0, 40, 13, 339, 8]]
traning started for  18 epoch
epoch 18 loss: 3.0517578125e-05
validation accuracy :  0.999722222222
validation class_total [1200.0, 1200.0, 1200.0, 1200.0, 1200.0, 1200.0]
validation class_correct [1200.0, 1200.0, 1199.0, 1199.0, 1200.0, 1200.0]
validation confusion_matrix [[1200, 0, 0, 0, 0, 0], [0, 1200, 0, 0, 0, 0], [0, 0, 1199, 0, 0, 1], [0, 0, 0, 1199, 1, 0], [0, 0, 0, 0, 1200, 0], [0, 0, 0, 0, 0, 1200]]
test accuracy :  0.136666666667
class_total [400.0, 400.0, 400.0, 400.0, 400.0, 400.0]
class_correct [21.0, 0.0, 155.0, 1.0, 146.0, 5.0]
confusion_matrix [[21, 40, 9, 322, 7, 1], [1, 0, 54, 10, 307, 28], [0, 57, 155, 3, 17, 168], [4, 4, 0, 1, 309, 82], [0, 0, 36, 0, 146, 218], [0, 0, 73, 48, 274, 5]]
traning started for  19 epoch
epoch 19 loss: 0.00162315368652
validation accuracy :  0.999861111111
validation class_total [1200.0, 1200.0, 1200.0, 1200.0, 1200.0, 1200.0]
validation class_correct [1200.0, 1200.0, 1200.0, 1199.0, 1200.0, 1200.0]
validation confusion_matrix [[1200, 0, 0, 0, 0, 0], [0, 1200, 0, 0, 0, 0], [0, 0, 1200, 0, 0, 0], [1, 0, 0, 1199, 0, 0], [0, 0, 0, 0, 1200, 0], [0, 0, 0, 0, 0, 1200]]
test accuracy :  0.107083333333
class_total [400.0, 400.0, 400.0, 400.0, 400.0, 400.0]
class_correct [10.0, 1.0, 122.0, 0.0, 118.0, 6.0]
confusion_matrix [[10, 46, 10, 328, 4, 2], [0, 1, 50, 10, 303, 36], [0, 58, 122, 1, 12, 207], [0, 3, 1, 0, 308, 88], [0, 1, 23, 0, 118, 258], [0, 0, 113, 41, 240, 6]]
traning started for  20 epoch
epoch 20 loss: 0.128699302673
validation accuracy :  0.999166666667
validation class_total [1200.0, 1200.0, 1200.0, 1200.0, 1200.0, 1200.0]
validation class_correct [1199.0, 1200.0, 1199.0, 1200.0, 1196.0, 1200.0]
validation confusion_matrix [[1199, 0, 0, 0, 1, 0], [0, 1200, 0, 0, 0, 0], [0, 0, 1199, 0, 1, 0], [0, 0, 0, 1200, 0, 0], [0, 1, 0, 0, 1196, 3], [0, 0, 0, 0, 0, 1200]]
test accuracy :  0.120416666667
class_total [400.0, 400.0, 400.0, 400.0, 400.0, 400.0]
class_correct [2.0, 2.0, 152.0, 1.0, 124.0, 8.0]
confusion_matrix [[2, 77, 24, 289, 2, 6], [2, 2, 50, 14, 287, 45], [0, 71, 152, 1, 10, 166], [1, 5, 0, 1, 274, 119], [0, 1, 9, 0, 124, 266], [0, 0, 44, 26, 322, 8]]
traning started for  21 epoch
epoch 21 loss: 0.000251770019531
validation accuracy :  0.998472222222
validation class_total [1200.0, 1200.0, 1200.0, 1200.0, 1200.0, 1200.0]
validation class_correct [1197.0, 1198.0, 1196.0, 1200.0, 1198.0, 1200.0]
validation confusion_matrix [[1197, 0, 0, 0, 3, 0], [1, 1198, 0, 1, 0, 0], [0, 1, 1196, 1, 0, 2], [0, 0, 0, 1200, 0, 0], [0, 0, 0, 1, 1198, 1], [0, 0, 0, 0, 0, 1200]]
test accuracy :  0.141666666667
class_total [400.0, 400.0, 400.0, 400.0, 400.0, 400.0]
class_correct [43.0, 0.0, 194.0, 2.0, 97.0, 4.0]
confusion_matrix [[43, 37, 9, 303, 6, 2], [3, 0, 23, 16, 291, 67], [0, 58, 194, 4, 5, 139], [0, 2, 0, 2, 220, 176], [1, 1, 19, 1, 97, 281], [0, 0, 30, 97, 269, 4]]
traning started for  22 epoch
epoch 22 loss: 0.00183773040771
validation accuracy :  0.999583333333
validation class_total [1200.0, 1200.0, 1200.0, 1200.0, 1200.0, 1200.0]
validation class_correct [1200.0, 1200.0, 1200.0, 1199.0, 1199.0, 1199.0]
validation confusion_matrix [[1200, 0, 0, 0, 0, 0], [0, 1200, 0, 0, 0, 0], [0, 0, 1200, 0, 0, 0], [1, 0, 0, 1199, 0, 0], [0, 0, 0, 0, 1199, 1], [0, 0, 0, 0, 1, 1199]]
test accuracy :  0.101666666667
class_total [400.0, 400.0, 400.0, 400.0, 400.0, 400.0]
class_correct [3.0, 0.0, 107.0, 2.0, 131.0, 1.0]
confusion_matrix [[3, 27, 10, 354, 4, 2], [0, 0, 51, 18, 301, 30], [0, 12, 107, 0, 12, 269], [0, 2, 1, 2, 259, 136], [0, 0, 30, 0, 131, 239], [0, 0, 36, 70, 293, 1]]
traning started for  23 epoch
epoch 23 loss: 0.00419235229492
validation accuracy :  0.999861111111
validation class_total [1200.0, 1200.0, 1200.0, 1200.0, 1200.0, 1200.0]
validation class_correct [1200.0, 1200.0, 1200.0, 1200.0, 1199.0, 1200.0]
validation confusion_matrix [[1200, 0, 0, 0, 0, 0], [0, 1200, 0, 0, 0, 0], [0, 0, 1200, 0, 0, 0], [0, 0, 0, 1200, 0, 0], [0, 0, 0, 0, 1199, 1], [0, 0, 0, 0, 0, 1200]]
test accuracy :  0.135833333333
class_total [400.0, 400.0, 400.0, 400.0, 400.0, 400.0]
class_correct [9.0, 1.0, 161.0, 4.0, 149.0, 2.0]
confusion_matrix [[9, 52, 7, 330, 1, 1], [0, 1, 41, 25, 309, 24], [0, 92, 161, 4, 9, 134], [2, 4, 2, 4, 295, 93], [1, 6, 32, 0, 149, 212], [0, 0, 69, 82, 247, 2]]
traning started for  24 epoch
epoch 24 loss: 0.00143718719482
validation accuracy :  0.99625
validation class_total [1200.0, 1200.0, 1200.0, 1200.0, 1200.0, 1200.0]
validation class_correct [1189.0, 1198.0, 1200.0, 1193.0, 1196.0, 1197.0]
validation confusion_matrix [[1189, 0, 0, 2, 9, 0], [0, 1198, 0, 0, 1, 1], [0, 0, 1200, 0, 0, 0], [5, 2, 0, 1193, 0, 0], [0, 0, 1, 0, 1196, 3], [0, 2, 1, 0, 0, 1197]]
test accuracy :  0.0979166666667
class_total [400.0, 400.0, 400.0, 400.0, 400.0, 400.0]
class_correct [4.0, 0.0, 120.0, 0.0, 108.0, 3.0]
confusion_matrix [[4, 46, 32, 307, 10, 1], [0, 0, 29, 2, 333, 36], [0, 92, 120, 0, 6, 182], [0, 5, 2, 0, 233, 160], [1, 2, 26, 1, 108, 262], [3, 0, 40, 70, 284, 3]]
traning started for  25 epoch
epoch 25 loss: 5.53131103516e-05
validation accuracy :  0.999722222222
validation class_total [1200.0, 1200.0, 1200.0, 1200.0, 1200.0, 1200.0]
validation class_correct [1199.0, 1200.0, 1200.0, 1199.0, 1200.0, 1200.0]
validation confusion_matrix [[1199, 0, 0, 0, 1, 0], [0, 1200, 0, 0, 0, 0], [0, 0, 1200, 0, 0, 0], [0, 0, 1, 1199, 0, 0], [0, 0, 0, 0, 1200, 0], [0, 0, 0, 0, 0, 1200]]
test accuracy :  0.136666666667
class_total [400.0, 400.0, 400.0, 400.0, 400.0, 400.0]
class_correct [10.0, 0.0, 109.0, 0.0, 199.0, 10.0]
confusion_matrix [[10, 82, 17, 285, 5, 1], [1, 0, 15, 4, 349, 31], [0, 126, 109, 1, 23, 141], [0, 7, 1, 0, 287, 105], [1, 7, 20, 0, 199, 173], [0, 1, 39, 48, 302, 10]]
traning started for  26 epoch
epoch 26 loss: 1.90734863281e-06
validation accuracy :  0.999583333333
validation class_total [1200.0, 1200.0, 1200.0, 1200.0, 1200.0, 1200.0]
validation class_correct [1200.0, 1200.0, 1200.0, 1199.0, 1198.0, 1200.0]
validation confusion_matrix [[1200, 0, 0, 0, 0, 0], [0, 1200, 0, 0, 0, 0], [0, 0, 1200, 0, 0, 0], [0, 1, 0, 1199, 0, 0], [0, 0, 0, 0, 1198, 2], [0, 0, 0, 0, 0, 1200]]
test accuracy :  0.0808333333333
class_total [400.0, 400.0, 400.0, 400.0, 400.0, 400.0]
class_correct [9.0, 0.0, 78.0, 0.0, 97.0, 10.0]
confusion_matrix [[9, 41, 19, 326, 2, 3], [1, 0, 26, 1, 302, 70], [0, 34, 78, 0, 6, 282], [0, 4, 1, 0, 223, 172], [0, 1, 7, 0, 97, 295], [1, 0, 64, 48, 277, 10]]
traning started for  27 epoch
epoch 27 loss: 4.95910644531e-05
validation accuracy :  0.999861111111
validation class_total [1200.0, 1200.0, 1200.0, 1200.0, 1200.0, 1200.0]
validation class_correct [1200.0, 1200.0, 1200.0, 1200.0, 1199.0, 1200.0]
validation confusion_matrix [[1200, 0, 0, 0, 0, 0], [0, 1200, 0, 0, 0, 0], [0, 0, 1200, 0, 0, 0], [0, 0, 0, 1200, 0, 0], [1, 0, 0, 0, 1199, 0], [0, 0, 0, 0, 0, 1200]]
test accuracy :  0.119583333333
class_total [400.0, 400.0, 400.0, 400.0, 400.0, 400.0]
class_correct [10.0, 0.0, 95.0, 0.0, 177.0, 5.0]
confusion_matrix [[10, 41, 11, 336, 1, 1], [1, 0, 25, 4, 322, 48], [0, 65, 95, 0, 22, 218], [2, 3, 1, 0, 260, 134], [1, 0, 10, 0, 177, 212], [0, 0, 45, 111, 239, 5]]
traning started for  28 epoch
epoch 28 loss: 3.81469726562e-06
validation accuracy :  1.0
validation class_total [1200.0, 1200.0, 1200.0, 1200.0, 1200.0, 1200.0]
validation class_correct [1200.0, 1200.0, 1200.0, 1200.0, 1200.0, 1200.0]
validation confusion_matrix [[1200, 0, 0, 0, 0, 0], [0, 1200, 0, 0, 0, 0], [0, 0, 1200, 0, 0, 0], [0, 0, 0, 1200, 0, 0], [0, 0, 0, 0, 1200, 0], [0, 0, 0, 0, 0, 1200]]
test accuracy :  0.148333333333
class_total [400.0, 400.0, 400.0, 400.0, 400.0, 400.0]
class_correct [9.0, 0.0, 147.0, 1.0, 194.0, 5.0]
confusion_matrix [[9, 33, 12, 343, 3, 0], [1, 0, 29, 3, 340, 27], [0, 43, 147, 2, 24, 184], [0, 3, 1, 1, 283, 112], [0, 0, 16, 0, 194, 190], [1, 0, 44, 46, 304, 5]]
traning started for  29 epoch
epoch 29 loss: 0.000178337097168
validation accuracy :  1.0
validation class_total [1200.0, 1200.0, 1200.0, 1200.0, 1200.0, 1200.0]
validation class_correct [1200.0, 1200.0, 1200.0, 1200.0, 1200.0, 1200.0]
validation confusion_matrix [[1200, 0, 0, 0, 0, 0], [0, 1200, 0, 0, 0, 0], [0, 0, 1200, 0, 0, 0], [0, 0, 0, 1200, 0, 0], [0, 0, 0, 0, 1200, 0], [0, 0, 0, 0, 0, 1200]]
test accuracy :  0.13875
class_total [400.0, 400.0, 400.0, 400.0, 400.0, 400.0]
class_correct [7.0, 0.0, 139.0, 1.0, 182.0, 4.0]
confusion_matrix [[7, 35, 10, 344, 1, 3], [1, 0, 29, 2, 331, 37], [0, 51, 139, 1, 19, 190], [1, 3, 1, 1, 275, 119], [0, 0, 13, 0, 182, 205], [0, 0, 43, 54, 299, 4]]
traning started for  30 epoch
epoch 30 loss: 0.00277137756348
validation accuracy :  0.999861111111
validation class_total [1200.0, 1200.0, 1200.0, 1200.0, 1200.0, 1200.0]
validation class_correct [1199.0, 1200.0, 1200.0, 1200.0, 1200.0, 1200.0]
validation confusion_matrix [[1199, 0, 0, 1, 0, 0], [0, 1200, 0, 0, 0, 0], [0, 0, 1200, 0, 0, 0], [0, 0, 0, 1200, 0, 0], [0, 0, 0, 0, 1200, 0], [0, 0, 0, 0, 0, 1200]]
test accuracy :  0.143333333333
class_total [400.0, 400.0, 400.0, 400.0, 400.0, 400.0]
class_correct [4.0, 0.0, 159.0, 0.0, 177.0, 4.0]
confusion_matrix [[4, 29, 10, 357, 0, 0], [0, 0, 34, 6, 327, 33], [0, 47, 159, 1, 18, 175], [1, 3, 1, 0, 280, 115], [0, 0, 17, 1, 177, 205], [0, 0, 63, 66, 267, 4]]
traning started for  31 epoch
epoch 31 loss: 0.0018835067749
validation accuracy :  1.0
validation class_total [1200.0, 1200.0, 1200.0, 1200.0, 1200.0, 1200.0]
validation class_correct [1200.0, 1200.0, 1200.0, 1200.0, 1200.0, 1200.0]
validation confusion_matrix [[1200, 0, 0, 0, 0, 0], [0, 1200, 0, 0, 0, 0], [0, 0, 1200, 0, 0, 0], [0, 0, 0, 1200, 0, 0], [0, 0, 0, 0, 1200, 0], [0, 0, 0, 0, 0, 1200]]
test accuracy :  0.130416666667
class_total [400.0, 400.0, 400.0, 400.0, 400.0, 400.0]
class_correct [6.0, 0.0, 132.0, 1.0, 169.0, 5.0]
confusion_matrix [[6, 29, 6, 358, 1, 0], [2, 0, 29, 6, 333, 30], [0, 69, 132, 3, 21, 175], [4, 5, 1, 1, 278, 111], [0, 0, 11, 1, 169, 219], [0, 0, 45, 58, 292, 5]]
traning started for  32 epoch
epoch 32 loss: 0.000495910644531
validation accuracy :  1.0
validation class_total [1200.0, 1200.0, 1200.0, 1200.0, 1200.0, 1200.0]
validation class_correct [1200.0, 1200.0, 1200.0, 1200.0, 1200.0, 1200.0]
validation confusion_matrix [[1200, 0, 0, 0, 0, 0], [0, 1200, 0, 0, 0, 0], [0, 0, 1200, 0, 0, 0], [0, 0, 0, 1200, 0, 0], [0, 0, 0, 0, 1200, 0], [0, 0, 0, 0, 0, 1200]]
test accuracy :  0.13125
class_total [400.0, 400.0, 400.0, 400.0, 400.0, 400.0]
class_correct [10.0, 0.0, 137.0, 2.0, 162.0, 4.0]
confusion_matrix [[10, 33, 8, 348, 1, 0], [2, 0, 30, 8, 325, 35], [0, 67, 137, 1, 19, 176], [1, 3, 1, 2, 274, 119], [0, 0, 17, 1, 162, 220], [0, 0, 56, 75, 265, 4]]
traning started for  33 epoch
epoch 33 loss: 2.00271606445e-05
