cuda
traning started for  1 epoch
epoch 1 loss: 1.74169373512
validation accuracy :  0.230833333333
validation class_total [1200.0, 1200.0, 1200.0, 1200.0, 1200.0, 1200.0]
validation class_correct [108.0, 252.0, 673.0, 231.0, 145.0, 253.0]
validation confusion_matrix [[108, 140, 356, 254, 108, 234], [55, 252, 387, 199, 101, 206], [49, 108, 673, 128, 125, 117], [63, 169, 399, 231, 111, 227], [72, 149, 516, 164, 145, 154], [57, 209, 347, 249, 85, 253]]
test accuracy :  0.162916666667
class_total [400.0, 400.0, 400.0, 400.0, 400.0, 400.0]
class_correct [17.0, 47.0, 137.0, 67.0, 60.0, 63.0]
confusion_matrix [[17, 52, 140, 68, 43, 80], [18, 47, 210, 46, 44, 35], [21, 61, 137, 80, 28, 73], [17, 56, 158, 67, 28, 74], [19, 35, 175, 56, 60, 55], [16, 61, 142, 73, 45, 63]]
traning started for  2 epoch
epoch 2 loss: 1.35585999489
validation accuracy :  0.414861111111
validation class_total [1200.0, 1200.0, 1200.0, 1200.0, 1200.0, 1200.0]
validation class_correct [252.0, 301.0, 1011.0, 835.0, 288.0, 300.0]
validation confusion_matrix [[252, 15, 22, 788, 103, 20], [0, 301, 624, 2, 58, 215], [0, 120, 1011, 0, 16, 53], [234, 8, 9, 835, 91, 23], [13, 178, 467, 66, 288, 188], [4, 276, 483, 18, 119, 300]]
test accuracy :  0.1975
class_total [400.0, 400.0, 400.0, 400.0, 400.0, 400.0]
class_correct [41.0, 24.0, 198.0, 50.0, 80.0, 81.0]
confusion_matrix [[41, 30, 38, 143, 105, 43], [16, 24, 109, 79, 122, 50], [0, 126, 198, 0, 8, 68], [11, 61, 111, 50, 88, 79], [1, 73, 133, 12, 80, 101], [10, 43, 98, 47, 121, 81]]
traning started for  3 epoch
epoch 3 loss: 1.41687917709
validation accuracy :  0.556527777778
validation class_total [1200.0, 1200.0, 1200.0, 1200.0, 1200.0, 1200.0]
validation class_correct [223.0, 844.0, 1170.0, 839.0, 466.0, 465.0]
validation confusion_matrix [[223, 1, 4, 822, 119, 31], [0, 844, 336, 0, 2, 18], [0, 27, 1170, 0, 1, 2], [143, 0, 4, 839, 184, 30], [2, 27, 286, 46, 466, 373], [0, 242, 413, 10, 70, 465]]
test accuracy :  0.2275
class_total [400.0, 400.0, 400.0, 400.0, 400.0, 400.0]
class_correct [5.0, 0.0, 324.0, 46.0, 52.0, 119.0]
confusion_matrix [[5, 21, 36, 82, 108, 148], [0, 0, 124, 25, 163, 88], [0, 53, 324, 0, 2, 21], [2, 24, 48, 46, 133, 147], [0, 6, 227, 3, 52, 112], [1, 3, 74, 21, 182, 119]]
traning started for  4 epoch
epoch 4 loss: 0.766540288925
validation accuracy :  0.721111111111
validation class_total [1200.0, 1200.0, 1200.0, 1200.0, 1200.0, 1200.0]
validation class_correct [474.0, 1040.0, 1146.0, 717.0, 760.0, 1055.0]
validation confusion_matrix [[474, 0, 0, 522, 160, 44], [1, 1040, 68, 0, 0, 91], [0, 2, 1146, 0, 4, 48], [392, 0, 0, 717, 81, 10], [4, 0, 6, 0, 760, 430], [0, 1, 11, 0, 133, 1055]]
test accuracy :  0.159166666667
class_total [400.0, 400.0, 400.0, 400.0, 400.0, 400.0]
class_correct [34.0, 0.0, 50.0, 6.0, 188.0, 104.0]
confusion_matrix [[34, 8, 7, 30, 104, 217], [1, 0, 16, 2, 204, 177], [0, 10, 50, 0, 9, 331], [4, 2, 0, 6, 166, 222], [0, 0, 7, 0, 188, 205], [0, 0, 4, 2, 290, 104]]
traning started for  5 epoch
epoch 5 loss: 0.391820430756
validation accuracy :  0.933888888889
validation class_total [1200.0, 1200.0, 1200.0, 1200.0, 1200.0, 1200.0]
validation class_correct [1045.0, 1144.0, 1187.0, 1096.0, 1095.0, 1157.0]
validation confusion_matrix [[1045, 3, 0, 61, 80, 11], [0, 1144, 8, 2, 1, 45], [0, 4, 1187, 0, 5, 4], [71, 14, 0, 1096, 19, 0], [4, 0, 7, 4, 1095, 90], [1, 7, 10, 0, 25, 1157]]
test accuracy :  0.174583333333
class_total [400.0, 400.0, 400.0, 400.0, 400.0, 400.0]
class_correct [15.0, 1.0, 139.0, 11.0, 243.0, 10.0]
confusion_matrix [[15, 112, 68, 158, 26, 21], [25, 1, 26, 12, 199, 137], [0, 36, 139, 1, 12, 212], [24, 0, 2, 11, 227, 136], [0, 0, 4, 0, 243, 153], [2, 0, 4, 9, 375, 10]]
traning started for  6 epoch
epoch 6 loss: 0.0842838287354
validation accuracy :  0.970833333333
validation class_total [1200.0, 1200.0, 1200.0, 1200.0, 1200.0, 1200.0]
validation class_correct [1148.0, 1173.0, 1187.0, 1172.0, 1167.0, 1143.0]
validation confusion_matrix [[1148, 0, 0, 39, 13, 0], [0, 1173, 6, 6, 1, 14], [0, 3, 1187, 0, 5, 5], [9, 0, 0, 1172, 19, 0], [7, 0, 2, 2, 1167, 22], [1, 9, 0, 1, 46, 1143]]
test accuracy :  0.145
class_total [400.0, 400.0, 400.0, 400.0, 400.0, 400.0]
class_correct [10.0, 1.0, 125.0, 12.0, 194.0, 6.0]
confusion_matrix [[10, 11, 14, 345, 19, 1], [38, 1, 19, 51, 262, 29], [0, 103, 125, 1, 8, 163], [12, 2, 3, 12, 252, 119], [0, 1, 26, 2, 194, 177], [0, 0, 2, 4, 388, 6]]
traning started for  7 epoch
epoch 7 loss: 0.313081741333
validation accuracy :  0.970833333333
validation class_total [1200.0, 1200.0, 1200.0, 1200.0, 1200.0, 1200.0]
validation class_correct [1113.0, 1167.0, 1192.0, 1180.0, 1175.0, 1163.0]
validation confusion_matrix [[1113, 0, 0, 47, 40, 0], [2, 1167, 5, 16, 1, 9], [0, 1, 1192, 1, 5, 1], [5, 0, 0, 1180, 15, 0], [6, 0, 3, 3, 1175, 13], [1, 5, 2, 0, 29, 1163]]
test accuracy :  0.120416666667
class_total [400.0, 400.0, 400.0, 400.0, 400.0, 400.0]
class_correct [21.0, 0.0, 114.0, 11.0, 140.0, 3.0]
confusion_matrix [[21, 6, 12, 342, 18, 1], [19, 0, 20, 36, 308, 17], [0, 130, 114, 1, 7, 148], [10, 6, 1, 11, 250, 122], [3, 2, 21, 0, 140, 234], [0, 0, 10, 4, 383, 3]]
traning started for  8 epoch
epoch 8 loss: 0.181399822235
validation accuracy :  0.951388888889
validation class_total [1200.0, 1200.0, 1200.0, 1200.0, 1200.0, 1200.0]
validation class_correct [991.0, 1113.0, 1192.0, 1175.0, 1195.0, 1184.0]
validation confusion_matrix [[991, 0, 0, 86, 123, 0], [1, 1113, 4, 6, 3, 73], [0, 0, 1192, 0, 1, 7], [0, 0, 0, 1175, 25, 0], [0, 0, 0, 0, 1195, 5], [0, 0, 1, 0, 15, 1184]]
test accuracy :  0.169583333333
class_total [400.0, 400.0, 400.0, 400.0, 400.0, 400.0]
class_correct [9.0, 0.0, 127.0, 5.0, 260.0, 6.0]
confusion_matrix [[9, 13, 20, 326, 27, 5], [1, 0, 25, 11, 292, 71], [0, 37, 127, 1, 16, 219], [0, 0, 2, 5, 298, 95], [0, 0, 24, 0, 260, 116], [0, 0, 3, 0, 391, 6]]
traning started for  9 epoch
epoch 9 loss: 0.0707383155823
validation accuracy :  0.99125
validation class_total [1200.0, 1200.0, 1200.0, 1200.0, 1200.0, 1200.0]
validation class_correct [1189.0, 1182.0, 1199.0, 1195.0, 1191.0, 1181.0]
validation confusion_matrix [[1189, 0, 0, 8, 3, 0], [1, 1182, 2, 8, 1, 6], [0, 0, 1199, 0, 1, 0], [3, 0, 0, 1195, 2, 0], [6, 0, 0, 2, 1191, 1], [0, 4, 1, 0, 14, 1181]]
test accuracy :  0.16625
class_total [400.0, 400.0, 400.0, 400.0, 400.0, 400.0]
class_correct [3.0, 2.0, 106.0, 13.0, 273.0, 2.0]
confusion_matrix [[3, 28, 22, 344, 1, 2], [13, 2, 58, 87, 202, 38], [0, 123, 106, 0, 9, 162], [12, 1, 7, 13, 237, 130], [3, 0, 5, 0, 273, 119], [1, 0, 16, 40, 341, 2]]
traning started for  10 epoch
epoch 10 loss: 0.364490270615
validation accuracy :  0.9775
validation class_total [1200.0, 1200.0, 1200.0, 1200.0, 1200.0, 1200.0]
validation class_correct [1168.0, 1180.0, 1200.0, 1198.0, 1171.0, 1121.0]
validation confusion_matrix [[1168, 0, 0, 22, 10, 0], [1, 1180, 14, 0, 0, 5], [0, 0, 1200, 0, 0, 0], [0, 1, 0, 1198, 1, 0], [1, 0, 22, 3, 1171, 3], [3, 18, 26, 1, 31, 1121]]
test accuracy :  0.174166666667
class_total [400.0, 400.0, 400.0, 400.0, 400.0, 400.0]
class_correct [4.0, 2.0, 224.0, 30.0, 156.0, 2.0]
confusion_matrix [[4, 17, 25, 353, 1, 0], [1, 2, 160, 75, 139, 23], [0, 67, 224, 2, 5, 102], [11, 2, 11, 30, 209, 137], [1, 0, 127, 1, 156, 115], [0, 0, 51, 15, 332, 2]]
traning started for  11 epoch
epoch 11 loss: 0.00086784362793
validation accuracy :  0.988333333333
validation class_total [1200.0, 1200.0, 1200.0, 1200.0, 1200.0, 1200.0]
validation class_correct [1196.0, 1180.0, 1198.0, 1197.0, 1196.0, 1149.0]
validation confusion_matrix [[1196, 0, 0, 2, 2, 0], [1, 1180, 1, 16, 0, 2], [0, 1, 1198, 0, 0, 1], [1, 0, 0, 1197, 2, 0], [2, 0, 1, 1, 1196, 0], [0, 2, 0, 0, 49, 1149]]
test accuracy :  0.183333333333
class_total [400.0, 400.0, 400.0, 400.0, 400.0, 400.0]
class_correct [2.0, 1.0, 76.0, 26.0, 328.0, 7.0]
confusion_matrix [[2, 41, 11, 335, 7, 4], [4, 1, 32, 55, 280, 28], [1, 48, 76, 5, 47, 223], [2, 1, 4, 26, 287, 80], [4, 0, 9, 0, 328, 59], [0, 0, 7, 15, 371, 7]]
traning started for  12 epoch
epoch 12 loss: 0.0399761199951
validation accuracy :  0.988611111111
validation class_total [1200.0, 1200.0, 1200.0, 1200.0, 1200.0, 1200.0]
validation class_correct [1186.0, 1185.0, 1175.0, 1191.0, 1195.0, 1186.0]
validation confusion_matrix [[1186, 0, 0, 4, 10, 0], [0, 1185, 6, 1, 1, 7], [0, 0, 1175, 0, 17, 8], [1, 0, 0, 1191, 8, 0], [3, 0, 0, 1, 1195, 1], [0, 0, 1, 0, 13, 1186]]
test accuracy :  0.167083333333
class_total [400.0, 400.0, 400.0, 400.0, 400.0, 400.0]
class_correct [9.0, 0.0, 33.0, 13.0, 340.0, 6.0]
confusion_matrix [[9, 45, 20, 316, 6, 4], [44, 0, 10, 63, 262, 21], [0, 93, 33, 2, 38, 234], [7, 1, 4, 13, 269, 106], [2, 0, 1, 0, 340, 57], [0, 0, 9, 10, 375, 6]]
traning started for  13 epoch
epoch 13 loss: 0.0163478851318
validation accuracy :  0.991805555556
validation class_total [1200.0, 1200.0, 1200.0, 1200.0, 1200.0, 1200.0]
validation class_correct [1185.0, 1195.0, 1199.0, 1200.0, 1185.0, 1177.0]
validation confusion_matrix [[1185, 1, 0, 11, 3, 0], [0, 1195, 4, 0, 0, 1], [0, 1, 1199, 0, 0, 0], [0, 0, 0, 1200, 0, 0], [0, 0, 11, 1, 1185, 3], [0, 12, 10, 0, 1, 1177]]
test accuracy :  0.18
class_total [400.0, 400.0, 400.0, 400.0, 400.0, 400.0]
class_correct [0.0, 8.0, 282.0, 22.0, 119.0, 1.0]
confusion_matrix [[0, 80, 22, 295, 1, 2], [5, 8, 82, 135, 119, 51], [0, 54, 282, 1, 6, 57], [3, 6, 34, 22, 145, 190], [0, 0, 146, 0, 119, 135], [2, 0, 45, 25, 327, 1]]
traning started for  14 epoch
epoch 14 loss: 0.000293731689453
validation accuracy :  0.998194444444
validation class_total [1200.0, 1200.0, 1200.0, 1200.0, 1200.0, 1200.0]
validation class_correct [1198.0, 1199.0, 1200.0, 1200.0, 1194.0, 1196.0]
validation confusion_matrix [[1198, 0, 0, 2, 0, 0], [1, 1199, 0, 0, 0, 0], [0, 0, 1200, 0, 0, 0], [0, 0, 0, 1200, 0, 0], [1, 0, 2, 0, 1194, 3], [1, 1, 0, 0, 2, 1196]]
test accuracy :  0.152083333333
class_total [400.0, 400.0, 400.0, 400.0, 400.0, 400.0]
class_correct [8.0, 3.0, 145.0, 9.0, 194.0, 6.0]
confusion_matrix [[8, 54, 22, 311, 2, 3], [22, 3, 27, 53, 240, 55], [0, 88, 145, 1, 5, 161], [7, 1, 7, 9, 189, 187], [1, 1, 15, 0, 194, 189], [0, 0, 11, 15, 368, 6]]
traning started for  15 epoch
epoch 15 loss: 0.000469207763672
validation accuracy :  0.999722222222
validation class_total [1200.0, 1200.0, 1200.0, 1200.0, 1200.0, 1200.0]
validation class_correct [1200.0, 1200.0, 1198.0, 1200.0, 1200.0, 1200.0]
validation confusion_matrix [[1200, 0, 0, 0, 0, 0], [0, 1200, 0, 0, 0, 0], [0, 0, 1198, 0, 1, 1], [0, 0, 0, 1200, 0, 0], [0, 0, 0, 0, 1200, 0], [0, 0, 0, 0, 0, 1200]]
test accuracy :  0.15375
class_total [400.0, 400.0, 400.0, 400.0, 400.0, 400.0]
class_correct [12.0, 1.0, 125.0, 7.0, 219.0, 5.0]
confusion_matrix [[12, 67, 17, 293, 6, 5], [12, 1, 27, 16, 271, 73], [0, 88, 125, 1, 5, 181], [2, 1, 4, 7, 211, 175], [0, 0, 14, 0, 219, 167], [0, 0, 15, 13, 367, 5]]
traning started for  16 epoch
epoch 16 loss: 0.00247383117676
validation accuracy :  0.973888888889
validation class_total [1200.0, 1200.0, 1200.0, 1200.0, 1200.0, 1200.0]
validation class_correct [1119.0, 1123.0, 1199.0, 1197.0, 1176.0, 1198.0]
validation confusion_matrix [[1119, 0, 0, 52, 29, 0], [1, 1123, 7, 3, 3, 63], [0, 0, 1199, 0, 1, 0], [0, 0, 0, 1197, 3, 0], [0, 0, 5, 1, 1176, 18], [0, 2, 0, 0, 0, 1198]]
test accuracy :  0.127083333333
class_total [400.0, 400.0, 400.0, 400.0, 400.0, 400.0]
class_correct [4.0, 2.0, 173.0, 13.0, 97.0, 16.0]
confusion_matrix [[4, 55, 12, 326, 2, 1], [11, 2, 61, 40, 140, 146], [0, 52, 173, 2, 2, 171], [4, 2, 4, 13, 131, 246], [1, 0, 13, 0, 97, 289], [0, 0, 35, 9, 340, 16]]
traning started for  17 epoch
epoch 17 loss: 9.44137573242e-05
validation accuracy :  0.999583333333
validation class_total [1200.0, 1200.0, 1200.0, 1200.0, 1200.0, 1200.0]
validation class_correct [1200.0, 1200.0, 1200.0, 1200.0, 1197.0, 1200.0]
validation confusion_matrix [[1200, 0, 0, 0, 0, 0], [0, 1200, 0, 0, 0, 0], [0, 0, 1200, 0, 0, 0], [0, 0, 0, 1200, 0, 0], [0, 0, 2, 1, 1197, 0], [0, 0, 0, 0, 0, 1200]]
test accuracy :  0.139583333333
class_total [400.0, 400.0, 400.0, 400.0, 400.0, 400.0]
class_correct [7.0, 2.0, 191.0, 8.0, 118.0, 9.0]
confusion_matrix [[7, 54, 36, 297, 2, 4], [20, 2, 36, 52, 214, 76], [0, 94, 191, 0, 2, 113], [6, 1, 10, 8, 172, 203], [1, 0, 14, 0, 118, 267], [0, 0, 16, 38, 337, 9]]
traning started for  18 epoch
epoch 18 loss: 0.00428295135498
validation accuracy :  0.991527777778
validation class_total [1200.0, 1200.0, 1200.0, 1200.0, 1200.0, 1200.0]
validation class_correct [1197.0, 1195.0, 1200.0, 1200.0, 1184.0, 1163.0]
validation confusion_matrix [[1197, 0, 0, 3, 0, 0], [0, 1195, 4, 1, 0, 0], [0, 0, 1200, 0, 0, 0], [0, 0, 0, 1200, 0, 0], [5, 0, 8, 3, 1184, 0], [0, 19, 18, 0, 0, 1163]]
test accuracy :  0.1975
class_total [400.0, 400.0, 400.0, 400.0, 400.0, 400.0]
class_correct [2.0, 2.0, 242.0, 33.0, 192.0, 3.0]
confusion_matrix [[2, 29, 14, 353, 1, 1], [17, 2, 71, 86, 174, 50], [0, 122, 242, 9, 6, 21], [13, 5, 22, 33, 170, 157], [4, 1, 41, 2, 192, 160], [0, 0, 45, 18, 334, 3]]
traning started for  19 epoch
epoch 19 loss: 1.71661376953e-05
validation accuracy :  0.995277777778
validation class_total [1200.0, 1200.0, 1200.0, 1200.0, 1200.0, 1200.0]
validation class_correct [1196.0, 1200.0, 1200.0, 1200.0, 1170.0, 1200.0]
validation confusion_matrix [[1196, 0, 0, 4, 0, 0], [0, 1200, 0, 0, 0, 0], [0, 0, 1200, 0, 0, 0], [0, 0, 0, 1200, 0, 0], [1, 0, 19, 0, 1170, 10], [0, 0, 0, 0, 0, 1200]]
test accuracy :  0.0804166666667
class_total [400.0, 400.0, 400.0, 400.0, 400.0, 400.0]
class_correct [6.0, 5.0, 134.0, 8.0, 23.0, 17.0]
confusion_matrix [[6, 56, 30, 302, 2, 4], [14, 5, 83, 48, 159, 91], [0, 105, 134, 0, 0, 161], [1, 6, 24, 8, 118, 243], [1, 2, 55, 0, 23, 319], [0, 0, 38, 5, 340, 17]]
traning started for  20 epoch
epoch 20 loss: 0.00270748138428
validation accuracy :  0.995138888889
validation class_total [1200.0, 1200.0, 1200.0, 1200.0, 1200.0, 1200.0]
validation class_correct [1195.0, 1189.0, 1197.0, 1199.0, 1199.0, 1186.0]
validation confusion_matrix [[1195, 0, 0, 1, 4, 0], [0, 1189, 6, 2, 0, 3], [0, 3, 1197, 0, 0, 0], [0, 0, 1, 1199, 0, 0], [0, 0, 0, 1, 1199, 0], [0, 0, 4, 0, 10, 1186]]
test accuracy :  0.182916666667
class_total [400.0, 400.0, 400.0, 400.0, 400.0, 400.0]
class_correct [11.0, 1.0, 163.0, 12.0, 251.0, 1.0]
confusion_matrix [[11, 90, 36, 242, 10, 11], [9, 1, 34, 39, 249, 68], [0, 62, 163, 2, 19, 154], [6, 1, 6, 12, 238, 137], [1, 0, 20, 0, 251, 128], [0, 0, 8, 36, 355, 1]]
traning started for  21 epoch
epoch 21 loss: 0.0535373687744
validation accuracy :  0.999166666667
validation class_total [1200.0, 1200.0, 1200.0, 1200.0, 1200.0, 1200.0]
validation class_correct [1200.0, 1200.0, 1200.0, 1198.0, 1197.0, 1199.0]
validation confusion_matrix [[1200, 0, 0, 0, 0, 0], [0, 1200, 0, 0, 0, 0], [0, 0, 1200, 0, 0, 0], [0, 0, 0, 1198, 2, 0], [1, 0, 2, 0, 1197, 0], [0, 0, 1, 0, 0, 1199]]
test accuracy :  0.12125
class_total [400.0, 400.0, 400.0, 400.0, 400.0, 400.0]
class_correct [7.0, 2.0, 102.0, 11.0, 167.0, 2.0]
confusion_matrix [[7, 40, 14, 333, 2, 4], [13, 2, 28, 45, 278, 34], [0, 85, 102, 3, 11, 199], [5, 1, 8, 11, 198, 177], [1, 0, 7, 1, 167, 224], [0, 0, 18, 8, 372, 2]]
traning started for  22 epoch
epoch 22 loss: 0.00243282318115
validation accuracy :  0.999722222222
validation class_total [1200.0, 1200.0, 1200.0, 1200.0, 1200.0, 1200.0]
validation class_correct [1200.0, 1200.0, 1200.0, 1199.0, 1199.0, 1200.0]
validation confusion_matrix [[1200, 0, 0, 0, 0, 0], [0, 1200, 0, 0, 0, 0], [0, 0, 1200, 0, 0, 0], [1, 0, 0, 1199, 0, 0], [0, 0, 0, 0, 1199, 1], [0, 0, 0, 0, 0, 1200]]
test accuracy :  0.14125
class_total [400.0, 400.0, 400.0, 400.0, 400.0, 400.0]
class_correct [7.0, 1.0, 181.0, 8.0, 138.0, 4.0]
confusion_matrix [[7, 52, 22, 316, 1, 2], [32, 1, 29, 45, 243, 50], [0, 73, 181, 1, 3, 142], [10, 3, 10, 8, 181, 188], [1, 0, 7, 0, 138, 254], [0, 0, 7, 18, 371, 4]]
traning started for  23 epoch
epoch 23 loss: 0.00215911865234
validation accuracy :  0.998888888889
validation class_total [1200.0, 1200.0, 1200.0, 1200.0, 1200.0, 1200.0]
validation class_correct [1197.0, 1200.0, 1200.0, 1195.0, 1200.0, 1200.0]
validation confusion_matrix [[1197, 0, 0, 1, 2, 0], [0, 1200, 0, 0, 0, 0], [0, 0, 1200, 0, 0, 0], [1, 1, 1, 1195, 2, 0], [0, 0, 0, 0, 1200, 0], [0, 0, 0, 0, 0, 1200]]
test accuracy :  0.126666666667
class_total [400.0, 400.0, 400.0, 400.0, 400.0, 400.0]
class_correct [9.0, 0.0, 140.0, 6.0, 143.0, 6.0]
confusion_matrix [[9, 96, 72, 191, 9, 23], [4, 0, 43, 9, 264, 80], [0, 107, 140, 0, 7, 146], [5, 9, 6, 6, 169, 205], [1, 0, 24, 0, 143, 232], [0, 0, 16, 4, 374, 6]]
traning started for  24 epoch
epoch 24 loss: 0.033543586731
validation accuracy :  0.999444444444
validation class_total [1200.0, 1200.0, 1200.0, 1200.0, 1200.0, 1200.0]
validation class_correct [1198.0, 1200.0, 1200.0, 1198.0, 1200.0, 1200.0]
validation confusion_matrix [[1198, 0, 0, 2, 0, 0], [0, 1200, 0, 0, 0, 0], [0, 0, 1200, 0, 0, 0], [2, 0, 0, 1198, 0, 0], [0, 0, 0, 0, 1200, 0], [0, 0, 0, 0, 0, 1200]]
test accuracy :  0.149166666667
class_total [400.0, 400.0, 400.0, 400.0, 400.0, 400.0]
class_correct [24.0, 1.0, 158.0, 8.0, 163.0, 4.0]
confusion_matrix [[24, 64, 25, 276, 8, 3], [17, 1, 26, 31, 242, 83], [0, 69, 158, 3, 15, 155], [9, 1, 9, 8, 196, 177], [3, 0, 6, 0, 163, 228], [1, 0, 13, 11, 371, 4]]
traning started for  25 epoch
epoch 25 loss: 0.0035924911499
validation accuracy :  0.999722222222
validation class_total [1200.0, 1200.0, 1200.0, 1200.0, 1200.0, 1200.0]
validation class_correct [1199.0, 1200.0, 1200.0, 1200.0, 1200.0, 1199.0]
validation confusion_matrix [[1199, 0, 0, 0, 1, 0], [0, 1200, 0, 0, 0, 0], [0, 0, 1200, 0, 0, 0], [0, 0, 0, 1200, 0, 0], [0, 0, 0, 0, 1200, 0], [0, 0, 0, 0, 1, 1199]]
test accuracy :  0.189166666667
class_total [400.0, 400.0, 400.0, 400.0, 400.0, 400.0]
class_correct [13.0, 0.0, 193.0, 11.0, 235.0, 2.0]
confusion_matrix [[13, 38, 33, 309, 5, 2], [12, 0, 25, 36, 301, 26], [0, 61, 193, 3, 15, 128], [5, 1, 9, 11, 248, 126], [2, 0, 10, 0, 235, 153], [0, 0, 17, 13, 368, 2]]
traning started for  26 epoch
epoch 26 loss: 0.00101089477539
validation accuracy :  1.0
validation class_total [1200.0, 1200.0, 1200.0, 1200.0, 1200.0, 1200.0]
validation class_correct [1200.0, 1200.0, 1200.0, 1200.0, 1200.0, 1200.0]
validation confusion_matrix [[1200, 0, 0, 0, 0, 0], [0, 1200, 0, 0, 0, 0], [0, 0, 1200, 0, 0, 0], [0, 0, 0, 1200, 0, 0], [0, 0, 0, 0, 1200, 0], [0, 0, 0, 0, 0, 1200]]
test accuracy :  0.12875
class_total [400.0, 400.0, 400.0, 400.0, 400.0, 400.0]
class_correct [12.0, 0.0, 151.0, 9.0, 131.0, 6.0]
confusion_matrix [[12, 52, 32, 295, 5, 4], [16, 0, 21, 41, 261, 61], [0, 62, 151, 2, 10, 175], [7, 1, 8, 9, 183, 192], [3, 0, 8, 0, 131, 258], [0, 0, 12, 14, 368, 6]]
traning started for  27 epoch
epoch 27 loss: 0.000784873962402
validation accuracy :  1.0
validation class_total [1200.0, 1200.0, 1200.0, 1200.0, 1200.0, 1200.0]
validation class_correct [1200.0, 1200.0, 1200.0, 1200.0, 1200.0, 1200.0]
validation confusion_matrix [[1200, 0, 0, 0, 0, 0], [0, 1200, 0, 0, 0, 0], [0, 0, 1200, 0, 0, 0], [0, 0, 0, 1200, 0, 0], [0, 0, 0, 0, 1200, 0], [0, 0, 0, 0, 0, 1200]]
test accuracy :  0.14
class_total [400.0, 400.0, 400.0, 400.0, 400.0, 400.0]
class_correct [6.0, 1.0, 137.0, 7.0, 180.0, 5.0]
confusion_matrix [[6, 48, 25, 313, 6, 2], [16, 1, 21, 42, 270, 50], [0, 67, 137, 2, 14, 180], [7, 1, 7, 7, 209, 169], [2, 0, 5, 0, 180, 213], [0, 0, 8, 14, 373, 5]]
traning started for  28 epoch
epoch 28 loss: 0.000110626220703
validation accuracy :  1.0
validation class_total [1200.0, 1200.0, 1200.0, 1200.0, 1200.0, 1200.0]
validation class_correct [1200.0, 1200.0, 1200.0, 1200.0, 1200.0, 1200.0]
validation confusion_matrix [[1200, 0, 0, 0, 0, 0], [0, 1200, 0, 0, 0, 0], [0, 0, 1200, 0, 0, 0], [0, 0, 0, 1200, 0, 0], [0, 0, 0, 0, 1200, 0], [0, 0, 0, 0, 0, 1200]]
test accuracy :  0.154583333333
class_total [400.0, 400.0, 400.0, 400.0, 400.0, 400.0]
class_correct [8.0, 0.0, 174.0, 8.0, 176.0, 5.0]
confusion_matrix [[8, 47, 35, 302, 7, 1], [10, 0, 29, 43, 268, 50], [0, 63, 174, 1, 10, 152], [5, 1, 9, 8, 207, 170], [1, 0, 13, 0, 176, 210], [0, 0, 10, 12, 373, 5]]
traning started for  29 epoch
epoch 29 loss: 1.90734863281e-06
validation accuracy :  1.0
validation class_total [1200.0, 1200.0, 1200.0, 1200.0, 1200.0, 1200.0]
validation class_correct [1200.0, 1200.0, 1200.0, 1200.0, 1200.0, 1200.0]
validation confusion_matrix [[1200, 0, 0, 0, 0, 0], [0, 1200, 0, 0, 0, 0], [0, 0, 1200, 0, 0, 0], [0, 0, 0, 1200, 0, 0], [0, 0, 0, 0, 1200, 0], [0, 0, 0, 0, 0, 1200]]
test accuracy :  0.146666666667
class_total [400.0, 400.0, 400.0, 400.0, 400.0, 400.0]
class_correct [12.0, 1.0, 153.0, 6.0, 177.0, 3.0]
confusion_matrix [[12, 51, 28, 302, 4, 3], [13, 1, 20, 41, 273, 52], [0, 65, 153, 3, 8, 171], [4, 2, 10, 6, 198, 180], [1, 0, 9, 0, 177, 213], [1, 0, 5, 12, 379, 3]]
traning started for  30 epoch
epoch 30 loss: 1.90734863281e-06
validation accuracy :  1.0
validation class_total [1200.0, 1200.0, 1200.0, 1200.0, 1200.0, 1200.0]
validation class_correct [1200.0, 1200.0, 1200.0, 1200.0, 1200.0, 1200.0]
validation confusion_matrix [[1200, 0, 0, 0, 0, 0], [0, 1200, 0, 0, 0, 0], [0, 0, 1200, 0, 0, 0], [0, 0, 0, 1200, 0, 0], [0, 0, 0, 0, 1200, 0], [0, 0, 0, 0, 0, 1200]]
test accuracy :  0.13875
class_total [400.0, 400.0, 400.0, 400.0, 400.0, 400.0]
class_correct [7.0, 2.0, 144.0, 9.0, 166.0, 5.0]
confusion_matrix [[7, 46, 26, 315, 4, 2], [12, 2, 22, 43, 262, 59], [0, 64, 144, 2, 13, 177], [7, 1, 6, 9, 197, 180], [2, 0, 7, 0, 166, 225], [0, 0, 7, 23, 365, 5]]
traning started for  31 epoch
epoch 31 loss: 0.000232696533203
validation accuracy :  1.0
validation class_total [1200.0, 1200.0, 1200.0, 1200.0, 1200.0, 1200.0]
validation class_correct [1200.0, 1200.0, 1200.0, 1200.0, 1200.0, 1200.0]
validation confusion_matrix [[1200, 0, 0, 0, 0, 0], [0, 1200, 0, 0, 0, 0], [0, 0, 1200, 0, 0, 0], [0, 0, 0, 1200, 0, 0], [0, 0, 0, 0, 1200, 0], [0, 0, 0, 0, 0, 1200]]
test accuracy :  0.158333333333
class_total [400.0, 400.0, 400.0, 400.0, 400.0, 400.0]
class_correct [12.0, 0.0, 167.0, 11.0, 187.0, 3.0]
confusion_matrix [[12, 41, 26, 317, 3, 1], [12, 0, 26, 59, 253, 50], [0, 62, 167, 2, 9, 160], [8, 2, 7, 11, 198, 174], [2, 0, 6, 0, 187, 205], [1, 0, 9, 22, 365, 3]]
traning started for  32 epoch
epoch 32 loss: 0.00135517120361
validation accuracy :  1.0
validation class_total [1200.0, 1200.0, 1200.0, 1200.0, 1200.0, 1200.0]
validation class_correct [1200.0, 1200.0, 1200.0, 1200.0, 1200.0, 1200.0]
validation confusion_matrix [[1200, 0, 0, 0, 0, 0], [0, 1200, 0, 0, 0, 0], [0, 0, 1200, 0, 0, 0], [0, 0, 0, 1200, 0, 0], [0, 0, 0, 0, 1200, 0], [0, 0, 0, 0, 0, 1200]]
test accuracy :  0.159583333333
class_total [400.0, 400.0, 400.0, 400.0, 400.0, 400.0]
class_correct [20.0, 0.0, 166.0, 7.0, 185.0, 5.0]
confusion_matrix [[20, 45, 26, 303, 5, 1], [18, 0, 22, 36, 278, 46], [0, 57, 166, 1, 11, 165], [5, 2, 6, 7, 210, 170], [1, 0, 7, 0, 185, 207], [0, 0, 8, 21, 366, 5]]
traning started for  33 epoch
epoch 33 loss: 1.81198120117e-05
validation accuracy :  1.0
validation class_total [1200.0, 1200.0, 1200.0, 1200.0, 1200.0, 1200.0]
validation class_correct [1200.0, 1200.0, 1200.0, 1200.0, 1200.0, 1200.0]
validation confusion_matrix [[1200, 0, 0, 0, 0, 0], [0, 1200, 0, 0, 0, 0], [0, 0, 1200, 0, 0, 0], [0, 0, 0, 1200, 0, 0], [0, 0, 0, 0, 1200, 0], [0, 0, 0, 0, 0, 1200]]
test accuracy :  0.15875
class_total [400.0, 400.0, 400.0, 400.0, 400.0, 400.0]
class_correct [8.0, 0.0, 178.0, 7.0, 181.0, 7.0]
confusion_matrix [[8, 47, 31, 308, 4, 2], [12, 0, 27, 42, 275, 44], [0, 41, 178, 1, 8, 172], [4, 1, 8, 7, 209, 171], [1, 0, 11, 0, 181, 207], [0, 0, 9, 13, 371, 7]]
traning started for  34 epoch
epoch 34 loss: 0.000102996826172
validation accuracy :  1.0
validation class_total [1200.0, 1200.0, 1200.0, 1200.0, 1200.0, 1200.0]
validation class_correct [1200.0, 1200.0, 1200.0, 1200.0, 1200.0, 1200.0]
validation confusion_matrix [[1200, 0, 0, 0, 0, 0], [0, 1200, 0, 0, 0, 0], [0, 0, 1200, 0, 0, 0], [0, 0, 0, 1200, 0, 0], [0, 0, 0, 0, 1200, 0], [0, 0, 0, 0, 0, 1200]]
test accuracy :  0.147916666667
class_total [400.0, 400.0, 400.0, 400.0, 400.0, 400.0]
class_correct [7.0, 0.0, 171.0, 9.0, 161.0, 7.0]
confusion_matrix [[7, 57, 35, 295, 4, 2], [9, 0, 28, 39, 266, 58], [0, 52, 171, 0, 6, 171], [5, 0, 7, 9, 202, 177], [1, 0, 10, 0, 161, 228], [0, 0, 13, 12, 368, 7]]
traning started for  35 epoch
epoch 35 loss: 2.38418579102e-05
validation accuracy :  1.0
validation class_total [1200.0, 1200.0, 1200.0, 1200.0, 1200.0, 1200.0]
validation class_correct [1200.0, 1200.0, 1200.0, 1200.0, 1200.0, 1200.0]
validation confusion_matrix [[1200, 0, 0, 0, 0, 0], [0, 1200, 0, 0, 0, 0], [0, 0, 1200, 0, 0, 0], [0, 0, 0, 1200, 0, 0], [0, 0, 0, 0, 1200, 0], [0, 0, 0, 0, 0, 1200]]
test accuracy :  0.152083333333
class_total [400.0, 400.0, 400.0, 400.0, 400.0, 400.0]
class_correct [9.0, 0.0, 185.0, 8.0, 158.0, 5.0]
confusion_matrix [[9, 52, 33, 301, 3, 2], [14, 0, 34, 35, 264, 53], [0, 53, 185, 1, 10, 151], [4, 1, 6, 8, 204, 177], [1, 0, 16, 0, 158, 225], [1, 0, 14, 8, 372, 5]]
traning started for  36 epoch
epoch 36 loss: 0.00190258026123
validation accuracy :  1.0
validation class_total [1200.0, 1200.0, 1200.0, 1200.0, 1200.0, 1200.0]
validation class_correct [1200.0, 1200.0, 1200.0, 1200.0, 1200.0, 1200.0]
validation confusion_matrix [[1200, 0, 0, 0, 0, 0], [0, 1200, 0, 0, 0, 0], [0, 0, 1200, 0, 0, 0], [0, 0, 0, 1200, 0, 0], [0, 0, 0, 0, 1200, 0], [0, 0, 0, 0, 0, 1200]]
test accuracy :  0.12875
class_total [400.0, 400.0, 400.0, 400.0, 400.0, 400.0]
class_correct [10.0, 0.0, 152.0, 8.0, 133.0, 6.0]
confusion_matrix [[10, 55, 27, 300, 4, 4], [14, 0, 28, 42, 255, 61], [0, 69, 152, 2, 2, 175], [5, 1, 7, 8, 197, 182], [4, 0, 10, 0, 133, 253], [1, 0, 10, 15, 368, 6]]
traning started for  37 epoch
epoch 37 loss: 0.0
