cuda
traning started for  1 epoch
epoch 1 loss: 1.84564125538
validation accuracy :  0.229305555556
validation class_total [1200.0, 1200.0, 1200.0, 1200.0, 1200.0, 1200.0]
validation class_correct [418.0, 64.0, 554.0, 136.0, 306.0, 173.0]
validation confusion_matrix [[418, 56, 219, 143, 213, 151], [366, 64, 234, 139, 240, 157], [172, 37, 554, 78, 266, 93], [315, 61, 296, 136, 251, 141], [227, 38, 411, 99, 306, 119], [308, 60, 267, 118, 274, 173]]
test accuracy :  0.191666666667
class_total [400.0, 400.0, 400.0, 400.0, 400.0, 400.0]
class_correct [134.0, 10.0, 118.0, 33.0, 120.0, 45.0]
confusion_matrix [[134, 19, 66, 44, 81, 56], [67, 10, 143, 33, 100, 47], [77, 11, 118, 33, 124, 37], [66, 18, 122, 33, 109, 52], [83, 10, 116, 34, 120, 37], [109, 16, 101, 36, 93, 45]]
traning started for  2 epoch
epoch 2 loss: 1.01033782959
validation accuracy :  0.434583333333
validation class_total [1200.0, 1200.0, 1200.0, 1200.0, 1200.0, 1200.0]
validation class_correct [159.0, 694.0, 1007.0, 685.0, 127.0, 457.0]
validation confusion_matrix [[159, 269, 4, 725, 9, 34], [6, 694, 42, 64, 76, 318], [0, 5, 1007, 0, 69, 119], [158, 299, 3, 685, 12, 43], [0, 58, 730, 5, 127, 280], [0, 90, 498, 2, 153, 457]]
test accuracy :  0.22375
class_total [400.0, 400.0, 400.0, 400.0, 400.0, 400.0]
class_correct [3.0, 44.0, 309.0, 4.0, 38.0, 139.0]
confusion_matrix [[3, 236, 11, 27, 19, 104], [0, 44, 127, 2, 62, 165], [0, 3, 309, 0, 33, 55], [0, 67, 120, 4, 60, 149], [0, 5, 280, 0, 38, 77], [0, 30, 182, 0, 49, 139]]
traning started for  3 epoch
epoch 3 loss: 1.00838875771
validation accuracy :  0.580694444444
validation class_total [1200.0, 1200.0, 1200.0, 1200.0, 1200.0, 1200.0]
validation class_correct [213.0, 799.0, 1086.0, 929.0, 563.0, 591.0]
validation confusion_matrix [[213, 57, 0, 921, 3, 6], [3, 799, 0, 28, 83, 287], [0, 0, 1086, 0, 77, 37], [181, 75, 0, 929, 2, 13], [0, 112, 49, 5, 563, 471], [0, 220, 10, 2, 377, 591]]
test accuracy :  0.235
class_total [400.0, 400.0, 400.0, 400.0, 400.0, 400.0]
class_correct [15.0, 101.0, 102.0, 5.0, 178.0, 163.0]
confusion_matrix [[15, 240, 0, 80, 13, 52], [1, 101, 0, 19, 116, 163], [0, 1, 102, 0, 181, 116], [0, 73, 4, 5, 142, 176], [0, 33, 9, 1, 178, 179], [0, 87, 5, 3, 142, 163]]
traning started for  4 epoch
epoch 4 loss: 1.0990717411
validation accuracy :  0.710138888889
validation class_total [1200.0, 1200.0, 1200.0, 1200.0, 1200.0, 1200.0]
validation class_correct [481.0, 1113.0, 1136.0, 747.0, 978.0, 658.0]
validation confusion_matrix [[481, 2, 1, 707, 9, 0], [11, 1113, 1, 19, 3, 53], [0, 0, 1136, 0, 47, 17], [442, 1, 0, 747, 10, 0], [4, 1, 18, 30, 978, 169], [0, 20, 5, 12, 505, 658]]
test accuracy :  0.20625
class_total [400.0, 400.0, 400.0, 400.0, 400.0, 400.0]
class_correct [63.0, 1.0, 104.0, 24.0, 268.0, 35.0]
confusion_matrix [[63, 102, 0, 142, 21, 72], [7, 1, 7, 37, 321, 27], [0, 0, 104, 0, 130, 166], [2, 0, 2, 24, 297, 75], [0, 0, 11, 1, 268, 120], [0, 0, 7, 12, 346, 35]]
traning started for  5 epoch
epoch 5 loss: 0.78147983551
validation accuracy :  0.902222222222
validation class_total [1200.0, 1200.0, 1200.0, 1200.0, 1200.0, 1200.0]
validation class_correct [981.0, 1116.0, 1182.0, 1090.0, 1004.0, 1123.0]
validation confusion_matrix [[981, 2, 0, 209, 4, 4], [5, 1116, 0, 1, 0, 78], [0, 0, 1182, 0, 3, 15], [39, 0, 0, 1090, 64, 7], [1, 0, 11, 23, 1004, 161], [0, 6, 2, 2, 67, 1123]]
test accuracy :  0.14625
class_total [400.0, 400.0, 400.0, 400.0, 400.0, 400.0]
class_correct [24.0, 0.0, 129.0, 6.0, 128.0, 64.0]
confusion_matrix [[24, 185, 0, 50, 16, 125], [0, 0, 2, 30, 275, 93], [0, 3, 129, 0, 26, 242], [0, 1, 0, 6, 252, 141], [0, 0, 22, 1, 128, 249], [0, 0, 3, 11, 322, 64]]
traning started for  6 epoch
epoch 6 loss: 1.85385751724
validation accuracy :  0.93375
validation class_total [1200.0, 1200.0, 1200.0, 1200.0, 1200.0, 1200.0]
validation class_correct [1112.0, 1137.0, 1193.0, 1156.0, 1170.0, 955.0]
validation confusion_matrix [[1112, 0, 0, 83, 4, 1], [7, 1137, 2, 3, 2, 49], [0, 0, 1193, 0, 7, 0], [4, 0, 0, 1156, 38, 2], [0, 0, 14, 11, 1170, 5], [0, 6, 36, 1, 202, 955]]
test accuracy :  0.201666666667
class_total [400.0, 400.0, 400.0, 400.0, 400.0, 400.0]
class_correct [37.0, 0.0, 127.0, 14.0, 302.0, 4.0]
confusion_matrix [[37, 181, 0, 50, 26, 106], [0, 0, 0, 15, 371, 14], [0, 1, 127, 0, 69, 203], [0, 0, 0, 14, 347, 39], [0, 0, 34, 0, 302, 64], [0, 0, 11, 6, 379, 4]]
traning started for  7 epoch
epoch 7 loss: 0.186239242554
validation accuracy :  0.952361111111
validation class_total [1200.0, 1200.0, 1200.0, 1200.0, 1200.0, 1200.0]
validation class_correct [1099.0, 1110.0, 1196.0, 1118.0, 1172.0, 1162.0]
validation confusion_matrix [[1099, 11, 0, 56, 28, 6], [1, 1110, 1, 0, 0, 88], [0, 0, 1196, 0, 4, 0], [5, 0, 0, 1118, 73, 4], [0, 0, 6, 2, 1172, 20], [0, 1, 2, 0, 35, 1162]]
test accuracy :  0.13125
class_total [400.0, 400.0, 400.0, 400.0, 400.0, 400.0]
class_correct [14.0, 0.0, 192.0, 10.0, 74.0, 25.0]
confusion_matrix [[14, 177, 0, 13, 6, 190], [1, 0, 3, 13, 330, 53], [0, 2, 192, 0, 17, 189], [1, 0, 0, 10, 257, 132], [0, 0, 8, 0, 74, 318], [0, 0, 3, 3, 369, 25]]
traning started for  8 epoch
epoch 8 loss: 0.00303554534912
validation accuracy :  0.971805555556
validation class_total [1200.0, 1200.0, 1200.0, 1200.0, 1200.0, 1200.0]
validation class_correct [1182.0, 1197.0, 1194.0, 1173.0, 1074.0, 1177.0]
validation confusion_matrix [[1182, 5, 0, 11, 1, 1], [3, 1197, 0, 0, 0, 0], [0, 3, 1194, 0, 1, 2], [14, 0, 1, 1173, 6, 6], [0, 1, 3, 8, 1074, 114], [0, 21, 1, 0, 1, 1177]]
test accuracy :  0.2075
class_total [400.0, 400.0, 400.0, 400.0, 400.0, 400.0]
class_correct [36.0, 1.0, 230.0, 8.0, 72.0, 151.0]
confusion_matrix [[36, 287, 0, 21, 1, 55], [0, 1, 5, 11, 196, 187], [0, 6, 230, 0, 16, 148], [0, 0, 0, 8, 118, 274], [0, 0, 11, 0, 72, 317], [0, 0, 2, 21, 226, 151]]
traning started for  9 epoch
epoch 9 loss: 1.09449672699
validation accuracy :  0.985
validation class_total [1200.0, 1200.0, 1200.0, 1200.0, 1200.0, 1200.0]
validation class_correct [1200.0, 1186.0, 1193.0, 1166.0, 1184.0, 1163.0]
validation confusion_matrix [[1200, 0, 0, 0, 0, 0], [12, 1186, 0, 0, 0, 2], [0, 0, 1193, 0, 5, 2], [31, 0, 0, 1166, 1, 2], [3, 0, 1, 5, 1184, 7], [1, 18, 2, 0, 16, 1163]]
test accuracy :  0.235
class_total [400.0, 400.0, 400.0, 400.0, 400.0, 400.0]
class_correct [180.0, 3.0, 149.0, 3.0, 185.0, 44.0]
confusion_matrix [[180, 164, 0, 31, 6, 19], [20, 3, 0, 27, 317, 33], [0, 30, 149, 0, 35, 186], [1, 3, 1, 3, 231, 161], [4, 2, 6, 1, 185, 202], [0, 0, 4, 11, 341, 44]]
traning started for  10 epoch
epoch 10 loss: 0.0188589096069
validation accuracy :  0.994305555556
validation class_total [1200.0, 1200.0, 1200.0, 1200.0, 1200.0, 1200.0]
validation class_correct [1188.0, 1192.0, 1196.0, 1188.0, 1198.0, 1197.0]
validation confusion_matrix [[1188, 2, 0, 7, 3, 0], [2, 1192, 0, 0, 0, 6], [0, 1, 1196, 0, 1, 2], [1, 0, 0, 1188, 8, 3], [0, 0, 0, 0, 1198, 2], [0, 1, 0, 0, 2, 1197]]
test accuracy :  0.149583333333
class_total [400.0, 400.0, 400.0, 400.0, 400.0, 400.0]
class_correct [64.0, 0.0, 158.0, 1.0, 80.0, 56.0]
confusion_matrix [[64, 182, 0, 74, 6, 74], [0, 0, 0, 10, 273, 117], [0, 10, 158, 0, 14, 218], [0, 0, 0, 1, 246, 153], [0, 0, 17, 0, 80, 303], [0, 0, 1, 20, 323, 56]]
traning started for  11 epoch
epoch 11 loss: 0.649961948395
validation accuracy :  0.992638888889
validation class_total [1200.0, 1200.0, 1200.0, 1200.0, 1200.0, 1200.0]
validation class_correct [1193.0, 1190.0, 1195.0, 1190.0, 1197.0, 1182.0]
validation confusion_matrix [[1193, 0, 0, 6, 1, 0], [4, 1190, 0, 0, 0, 6], [0, 0, 1195, 0, 5, 0], [5, 0, 0, 1190, 5, 0], [0, 0, 0, 2, 1197, 1], [0, 0, 0, 1, 17, 1182]]
test accuracy :  0.216666666667
class_total [400.0, 400.0, 400.0, 400.0, 400.0, 400.0]
class_correct [133.0, 0.0, 156.0, 7.0, 216.0, 8.0]
confusion_matrix [[133, 132, 0, 88, 15, 32], [1, 0, 0, 12, 350, 37], [0, 7, 156, 0, 56, 181], [0, 0, 0, 7, 306, 87], [0, 0, 17, 0, 216, 167], [0, 0, 2, 21, 369, 8]]
traning started for  12 epoch
epoch 12 loss: 0.000327110290527
validation accuracy :  0.997083333333
validation class_total [1200.0, 1200.0, 1200.0, 1200.0, 1200.0, 1200.0]
validation class_correct [1198.0, 1191.0, 1197.0, 1197.0, 1199.0, 1197.0]
validation confusion_matrix [[1198, 0, 0, 1, 1, 0], [8, 1191, 0, 0, 0, 1], [0, 0, 1197, 0, 2, 1], [2, 0, 0, 1197, 1, 0], [0, 0, 0, 0, 1199, 1], [0, 0, 0, 1, 2, 1197]]
test accuracy :  0.1575
class_total [400.0, 400.0, 400.0, 400.0, 400.0, 400.0]
class_correct [66.0, 1.0, 86.0, 20.0, 170.0, 35.0]
confusion_matrix [[66, 131, 1, 105, 25, 72], [4, 1, 1, 62, 259, 73], [0, 14, 86, 0, 15, 285], [0, 0, 0, 20, 262, 118], [0, 1, 0, 1, 170, 228], [0, 0, 3, 24, 338, 35]]
traning started for  13 epoch
epoch 13 loss: 0.000288963317871
validation accuracy :  0.988055555556
validation class_total [1200.0, 1200.0, 1200.0, 1200.0, 1200.0, 1200.0]
validation class_correct [1189.0, 1200.0, 1171.0, 1194.0, 1163.0, 1197.0]
validation confusion_matrix [[1189, 7, 0, 4, 0, 0], [0, 1200, 0, 0, 0, 0], [0, 3, 1171, 0, 5, 21], [1, 0, 0, 1194, 2, 3], [1, 0, 0, 1, 1163, 35], [0, 3, 0, 0, 0, 1197]]
test accuracy :  0.0729166666667
class_total [400.0, 400.0, 400.0, 400.0, 400.0, 400.0]
class_correct [23.0, 1.0, 17.0, 25.0, 34.0, 75.0]
confusion_matrix [[23, 278, 0, 30, 0, 69], [0, 1, 0, 12, 126, 261], [0, 9, 17, 0, 9, 365], [0, 1, 0, 25, 126, 248], [0, 1, 1, 2, 34, 362], [0, 0, 0, 27, 298, 75]]
traning started for  14 epoch
epoch 14 loss: 0.0
validation accuracy :  0.975555555556
validation class_total [1200.0, 1200.0, 1200.0, 1200.0, 1200.0, 1200.0]
validation class_correct [1199.0, 1079.0, 1184.0, 1182.0, 1181.0, 1199.0]
validation confusion_matrix [[1199, 1, 0, 0, 0, 0], [1, 1079, 0, 0, 0, 120], [0, 0, 1184, 0, 4, 12], [4, 0, 0, 1182, 1, 13], [1, 0, 0, 1, 1181, 17], [0, 1, 0, 0, 0, 1199]]
test accuracy :  0.109166666667
class_total [400.0, 400.0, 400.0, 400.0, 400.0, 400.0]
class_correct [76.0, 10.0, 28.0, 15.0, 15.0, 118.0]
confusion_matrix [[76, 151, 0, 30, 16, 127], [22, 10, 0, 3, 134, 231], [0, 0, 28, 0, 4, 368], [9, 1, 0, 15, 93, 282], [0, 0, 2, 0, 15, 383], [0, 0, 1, 9, 272, 118]]
traning started for  15 epoch
epoch 15 loss: 0.091010093689
validation accuracy :  0.985555555556
validation class_total [1200.0, 1200.0, 1200.0, 1200.0, 1200.0, 1200.0]
validation class_correct [1159.0, 1192.0, 1186.0, 1199.0, 1190.0, 1170.0]
validation confusion_matrix [[1159, 0, 0, 38, 3, 0], [1, 1192, 0, 1, 0, 6], [0, 2, 1186, 0, 12, 0], [0, 0, 0, 1199, 1, 0], [0, 0, 0, 10, 1190, 0], [0, 3, 1, 10, 16, 1170]]
test accuracy :  0.24375
class_total [400.0, 400.0, 400.0, 400.0, 400.0, 400.0]
class_correct [58.0, 1.0, 154.0, 53.0, 312.0, 7.0]
confusion_matrix [[58, 152, 1, 123, 26, 40], [0, 1, 2, 24, 345, 28], [0, 19, 154, 1, 96, 130], [0, 0, 0, 53, 258, 89], [0, 0, 10, 7, 312, 71], [0, 0, 1, 40, 352, 7]]
traning started for  16 epoch
epoch 16 loss: 0.000909805297852
validation accuracy :  0.997916666667
validation class_total [1200.0, 1200.0, 1200.0, 1200.0, 1200.0, 1200.0]
validation class_correct [1198.0, 1197.0, 1197.0, 1198.0, 1199.0, 1196.0]
validation confusion_matrix [[1198, 0, 0, 1, 1, 0], [3, 1197, 0, 0, 0, 0], [0, 1, 1197, 0, 2, 0], [1, 0, 0, 1198, 1, 0], [0, 0, 0, 1, 1199, 0], [0, 3, 0, 0, 1, 1196]]
test accuracy :  0.120833333333
class_total [400.0, 400.0, 400.0, 400.0, 400.0, 400.0]
class_correct [48.0, 7.0, 129.0, 12.0, 65.0, 29.0]
confusion_matrix [[48, 280, 3, 47, 5, 17], [5, 7, 0, 14, 250, 124], [0, 116, 129, 0, 23, 132], [1, 1, 1, 12, 166, 219], [0, 13, 5, 2, 65, 315], [0, 0, 3, 14, 354, 29]]
traning started for  17 epoch
epoch 17 loss: 9.53674316406e-07
validation accuracy :  0.998333333333
validation class_total [1200.0, 1200.0, 1200.0, 1200.0, 1200.0, 1200.0]
validation class_correct [1199.0, 1198.0, 1199.0, 1199.0, 1195.0, 1198.0]
validation confusion_matrix [[1199, 0, 0, 1, 0, 0], [2, 1198, 0, 0, 0, 0], [0, 1, 1199, 0, 0, 0], [1, 0, 0, 1199, 0, 0], [0, 0, 0, 4, 1195, 1], [0, 2, 0, 0, 0, 1198]]
test accuracy :  0.14375
class_total [400.0, 400.0, 400.0, 400.0, 400.0, 400.0]
class_correct [79.0, 1.0, 107.0, 37.0, 80.0, 41.0]
confusion_matrix [[79, 143, 1, 132, 4, 41], [6, 1, 0, 58, 199, 136], [0, 19, 107, 0, 25, 249], [1, 0, 0, 37, 127, 235], [0, 1, 5, 5, 80, 309], [0, 0, 1, 53, 305, 41]]
traning started for  18 epoch
epoch 18 loss: 0.210604190826
validation accuracy :  0.98375
validation class_total [1200.0, 1200.0, 1200.0, 1200.0, 1200.0, 1200.0]
validation class_correct [1200.0, 1163.0, 1195.0, 1199.0, 1191.0, 1135.0]
validation confusion_matrix [[1200, 0, 0, 0, 0, 0], [37, 1163, 0, 0, 0, 0], [0, 1, 1195, 0, 4, 0], [1, 0, 0, 1199, 0, 0], [1, 0, 0, 8, 1191, 0], [0, 1, 0, 41, 23, 1135]]
test accuracy :  0.235833333333
class_total [400.0, 400.0, 400.0, 400.0, 400.0, 400.0]
class_correct [153.0, 1.0, 125.0, 64.0, 215.0, 8.0]
confusion_matrix [[153, 32, 0, 193, 12, 10], [7, 1, 0, 79, 284, 29], [0, 16, 125, 1, 72, 186], [0, 0, 0, 64, 254, 82], [0, 1, 10, 7, 215, 167], [0, 0, 1, 73, 318, 8]]
traning started for  19 epoch
epoch 19 loss: 0.000133514404297
validation accuracy :  0.992916666667
validation class_total [1200.0, 1200.0, 1200.0, 1200.0, 1200.0, 1200.0]
validation class_correct [1191.0, 1199.0, 1197.0, 1194.0, 1193.0, 1175.0]
validation confusion_matrix [[1191, 0, 0, 4, 5, 0], [1, 1199, 0, 0, 0, 0], [0, 2, 1197, 0, 0, 1], [1, 0, 0, 1194, 3, 2], [0, 2, 1, 0, 1193, 4], [0, 23, 0, 1, 1, 1175]]
test accuracy :  0.176666666667
class_total [400.0, 400.0, 400.0, 400.0, 400.0, 400.0]
class_correct [43.0, 1.0, 166.0, 23.0, 125.0, 66.0]
confusion_matrix [[43, 240, 1, 68, 7, 41], [1, 1, 1, 13, 291, 93], [0, 12, 166, 0, 21, 201], [0, 1, 0, 23, 200, 176], [0, 1, 21, 1, 125, 252], [0, 0, 5, 9, 320, 66]]
traning started for  20 epoch
epoch 20 loss: 1.33514404297e-05
validation accuracy :  0.999166666667
validation class_total [1200.0, 1200.0, 1200.0, 1200.0, 1200.0, 1200.0]
validation class_correct [1200.0, 1198.0, 1199.0, 1200.0, 1199.0, 1198.0]
validation confusion_matrix [[1200, 0, 0, 0, 0, 0], [2, 1198, 0, 0, 0, 0], [0, 0, 1199, 0, 1, 0], [0, 0, 0, 1200, 0, 0], [0, 0, 0, 1, 1199, 0], [0, 1, 0, 1, 0, 1198]]
test accuracy :  0.21125
class_total [400.0, 400.0, 400.0, 400.0, 400.0, 400.0]
class_correct [114.0, 1.0, 167.0, 35.0, 131.0, 59.0]
confusion_matrix [[114, 122, 1, 121, 6, 36], [4, 1, 0, 27, 313, 55], [0, 21, 167, 0, 11, 201], [1, 1, 0, 35, 216, 147], [0, 1, 15, 2, 131, 251], [0, 0, 2, 36, 303, 59]]
traning started for  21 epoch
epoch 21 loss: 2.86102294922e-05
validation accuracy :  0.999305555556
validation class_total [1200.0, 1200.0, 1200.0, 1200.0, 1200.0, 1200.0]
validation class_correct [1200.0, 1198.0, 1200.0, 1200.0, 1198.0, 1199.0]
validation confusion_matrix [[1200, 0, 0, 0, 0, 0], [2, 1198, 0, 0, 0, 0], [0, 0, 1200, 0, 0, 0], [0, 0, 0, 1200, 0, 0], [0, 0, 2, 0, 1198, 0], [0, 1, 0, 0, 0, 1199]]
test accuracy :  0.145
class_total [400.0, 400.0, 400.0, 400.0, 400.0, 400.0]
class_correct [29.0, 1.0, 127.0, 32.0, 95.0, 64.0]
confusion_matrix [[29, 247, 2, 50, 6, 66], [4, 1, 1, 29, 225, 140], [0, 20, 127, 0, 9, 244], [0, 1, 0, 32, 150, 217], [0, 0, 9, 0, 95, 296], [0, 0, 3, 42, 291, 64]]
traning started for  22 epoch
epoch 22 loss: 0.00485897064209
validation accuracy :  0.99875
validation class_total [1200.0, 1200.0, 1200.0, 1200.0, 1200.0, 1200.0]
validation class_correct [1200.0, 1197.0, 1199.0, 1199.0, 1197.0, 1199.0]
validation confusion_matrix [[1200, 0, 0, 0, 0, 0], [3, 1197, 0, 0, 0, 0], [0, 1, 1199, 0, 0, 0], [1, 0, 0, 1199, 0, 0], [0, 0, 1, 2, 1197, 0], [0, 1, 0, 0, 0, 1199]]
test accuracy :  0.1825
class_total [400.0, 400.0, 400.0, 400.0, 400.0, 400.0]
class_correct [86.0, 4.0, 153.0, 72.0, 91.0, 32.0]
confusion_matrix [[86, 158, 2, 85, 11, 58], [3, 4, 0, 82, 170, 141], [0, 24, 153, 1, 13, 209], [1, 1, 0, 72, 146, 180], [0, 1, 8, 7, 91, 293], [0, 0, 1, 47, 320, 32]]
traning started for  23 epoch
epoch 23 loss: 0.000872611999512
validation accuracy :  0.998888888889
validation class_total [1200.0, 1200.0, 1200.0, 1200.0, 1200.0, 1200.0]
validation class_correct [1200.0, 1198.0, 1200.0, 1200.0, 1196.0, 1198.0]
validation confusion_matrix [[1200, 0, 0, 0, 0, 0], [2, 1198, 0, 0, 0, 0], [0, 0, 1200, 0, 0, 0], [0, 0, 0, 1200, 0, 0], [0, 0, 3, 0, 1196, 1], [0, 2, 0, 0, 0, 1198]]
test accuracy :  0.142083333333
class_total [400.0, 400.0, 400.0, 400.0, 400.0, 400.0]
class_correct [56.0, 7.0, 172.0, 31.0, 53.0, 22.0]
confusion_matrix [[56, 164, 1, 127, 5, 47], [2, 7, 3, 18, 268, 102], [0, 45, 172, 0, 3, 180], [3, 9, 1, 31, 197, 159], [0, 2, 10, 1, 53, 334], [0, 0, 4, 27, 347, 22]]
traning started for  24 epoch
epoch 24 loss: 1.90734863281e-06
validation accuracy :  0.998333333333
validation class_total [1200.0, 1200.0, 1200.0, 1200.0, 1200.0, 1200.0]
validation class_correct [1200.0, 1197.0, 1200.0, 1199.0, 1195.0, 1197.0]
validation confusion_matrix [[1200, 0, 0, 0, 0, 0], [3, 1197, 0, 0, 0, 0], [0, 0, 1200, 0, 0, 0], [0, 0, 0, 1199, 1, 0], [0, 0, 4, 1, 1195, 0], [0, 1, 2, 0, 0, 1197]]
test accuracy :  0.19
class_total [400.0, 400.0, 400.0, 400.0, 400.0, 400.0]
class_correct [52.0, 8.0, 278.0, 25.0, 63.0, 30.0]
confusion_matrix [[52, 121, 12, 98, 18, 99], [29, 8, 4, 49, 208, 102], [0, 16, 278, 0, 6, 100], [5, 1, 2, 25, 217, 150], [0, 0, 51, 1, 63, 285], [0, 0, 8, 51, 311, 30]]
traning started for  25 epoch
epoch 25 loss: 0.00132942199707
validation accuracy :  0.999166666667
validation class_total [1200.0, 1200.0, 1200.0, 1200.0, 1200.0, 1200.0]
validation class_correct [1200.0, 1198.0, 1199.0, 1199.0, 1200.0, 1198.0]
validation confusion_matrix [[1200, 0, 0, 0, 0, 0], [1, 1198, 1, 0, 0, 0], [0, 0, 1199, 0, 1, 0], [1, 0, 0, 1199, 0, 0], [0, 0, 0, 0, 1200, 0], [0, 0, 0, 1, 1, 1198]]
test accuracy :  0.213333333333
class_total [400.0, 400.0, 400.0, 400.0, 400.0, 400.0]
class_correct [129.0, 0.0, 207.0, 32.0, 110.0, 34.0]
confusion_matrix [[129, 130, 2, 92, 13, 34], [10, 0, 0, 70, 255, 65], [0, 27, 207, 0, 19, 147], [0, 1, 1, 32, 194, 172], [0, 1, 4, 1, 110, 284], [1, 0, 2, 58, 305, 34]]
traning started for  26 epoch
epoch 26 loss: 0.000191688537598
validation accuracy :  0.998611111111
validation class_total [1200.0, 1200.0, 1200.0, 1200.0, 1200.0, 1200.0]
validation class_correct [1200.0, 1195.0, 1197.0, 1200.0, 1199.0, 1199.0]
validation confusion_matrix [[1200, 0, 0, 0, 0, 0], [0, 1195, 0, 0, 0, 5], [0, 0, 1197, 0, 0, 3], [0, 0, 0, 1200, 0, 0], [0, 0, 0, 1, 1199, 0], [0, 0, 0, 1, 0, 1199]]
test accuracy :  0.0975
class_total [400.0, 400.0, 400.0, 400.0, 400.0, 400.0]
class_correct [32.0, 1.0, 99.0, 28.0, 34.0, 40.0]
confusion_matrix [[32, 94, 1, 140, 2, 131], [0, 1, 0, 66, 167, 166], [0, 6, 99, 0, 11, 284], [0, 0, 1, 28, 134, 237], [0, 0, 1, 1, 34, 364], [0, 0, 1, 79, 280, 40]]
traning started for  27 epoch
epoch 27 loss: 0.000191688537598
validation accuracy :  0.994305555556
validation class_total [1200.0, 1200.0, 1200.0, 1200.0, 1200.0, 1200.0]
validation class_correct [1191.0, 1196.0, 1200.0, 1199.0, 1189.0, 1184.0]
validation confusion_matrix [[1191, 1, 0, 5, 3, 0], [1, 1196, 3, 0, 0, 0], [0, 0, 1200, 0, 0, 0], [0, 0, 0, 1199, 1, 0], [0, 0, 10, 0, 1189, 1], [0, 6, 10, 0, 0, 1184]]
test accuracy :  0.225833333333
class_total [400.0, 400.0, 400.0, 400.0, 400.0, 400.0]
class_correct [59.0, 5.0, 314.0, 17.0, 101.0, 46.0]
confusion_matrix [[59, 217, 26, 59, 5, 34], [2, 5, 9, 23, 266, 95], [0, 2, 314, 0, 13, 71], [0, 1, 5, 17, 205, 172], [0, 1, 21, 1, 101, 276], [0, 0, 6, 19, 329, 46]]
traning started for  28 epoch
epoch 28 loss: 0.000967025756836
validation accuracy :  0.999027777778
validation class_total [1200.0, 1200.0, 1200.0, 1200.0, 1200.0, 1200.0]
validation class_correct [1198.0, 1197.0, 1200.0, 1200.0, 1199.0, 1199.0]
validation confusion_matrix [[1198, 0, 0, 0, 2, 0], [3, 1197, 0, 0, 0, 0], [0, 0, 1200, 0, 0, 0], [0, 0, 0, 1200, 0, 0], [0, 0, 0, 1, 1199, 0], [0, 1, 0, 0, 0, 1199]]
test accuracy :  0.198333333333
class_total [400.0, 400.0, 400.0, 400.0, 400.0, 400.0]
class_correct [53.0, 1.0, 253.0, 44.0, 86.0, 39.0]
confusion_matrix [[53, 163, 1, 97, 13, 73], [9, 1, 0, 54, 284, 52], [0, 24, 253, 0, 7, 116], [7, 0, 1, 44, 218, 130], [0, 1, 7, 1, 86, 305], [0, 0, 3, 36, 322, 39]]
traning started for  29 epoch
epoch 29 loss: 0.0233459472656
validation accuracy :  0.999305555556
validation class_total [1200.0, 1200.0, 1200.0, 1200.0, 1200.0, 1200.0]
validation class_correct [1199.0, 1199.0, 1200.0, 1199.0, 1198.0, 1200.0]
validation confusion_matrix [[1199, 0, 0, 0, 1, 0], [1, 1199, 0, 0, 0, 0], [0, 0, 1200, 0, 0, 0], [1, 0, 0, 1199, 0, 0], [0, 0, 0, 2, 1198, 0], [0, 0, 0, 0, 0, 1200]]
test accuracy :  0.178333333333
class_total [400.0, 400.0, 400.0, 400.0, 400.0, 400.0]
class_correct [61.0, 1.0, 194.0, 17.0, 96.0, 59.0]
confusion_matrix [[61, 141, 2, 95, 24, 77], [0, 1, 3, 6, 309, 81], [0, 32, 194, 0, 8, 166], [1, 2, 1, 17, 213, 166], [0, 0, 8, 1, 96, 295], [0, 0, 2, 35, 304, 59]]
traning started for  30 epoch
epoch 30 loss: 0.0
validation accuracy :  0.999861111111
validation class_total [1200.0, 1200.0, 1200.0, 1200.0, 1200.0, 1200.0]
validation class_correct [1200.0, 1200.0, 1200.0, 1200.0, 1200.0, 1199.0]
validation confusion_matrix [[1200, 0, 0, 0, 0, 0], [0, 1200, 0, 0, 0, 0], [0, 0, 1200, 0, 0, 0], [0, 0, 0, 1200, 0, 0], [0, 0, 0, 0, 1200, 0], [0, 1, 0, 0, 0, 1199]]
test accuracy :  0.1575
class_total [400.0, 400.0, 400.0, 400.0, 400.0, 400.0]
class_correct [29.0, 0.0, 193.0, 19.0, 96.0, 41.0]
confusion_matrix [[29, 182, 4, 85, 2, 98], [0, 0, 0, 9, 273, 118], [0, 18, 193, 0, 9, 180], [4, 1, 0, 19, 217, 159], [0, 0, 7, 1, 96, 296], [0, 0, 3, 33, 323, 41]]
traning started for  31 epoch
epoch 31 loss: 2.28881835938e-05
validation accuracy :  0.999722222222
validation class_total [1200.0, 1200.0, 1200.0, 1200.0, 1200.0, 1200.0]
validation class_correct [1200.0, 1198.0, 1200.0, 1200.0, 1200.0, 1200.0]
validation confusion_matrix [[1200, 0, 0, 0, 0, 0], [2, 1198, 0, 0, 0, 0], [0, 0, 1200, 0, 0, 0], [0, 0, 0, 1200, 0, 0], [0, 0, 0, 0, 1200, 0], [0, 0, 0, 0, 0, 1200]]
test accuracy :  0.156666666667
class_total [400.0, 400.0, 400.0, 400.0, 400.0, 400.0]
class_correct [49.0, 1.0, 173.0, 25.0, 96.0, 32.0]
confusion_matrix [[49, 184, 1, 82, 8, 76], [0, 1, 0, 31, 253, 115], [0, 27, 173, 0, 12, 188], [8, 0, 1, 25, 205, 161], [0, 1, 6, 1, 96, 296], [0, 0, 2, 30, 336, 32]]
traning started for  32 epoch
epoch 32 loss: 0.0
validation accuracy :  0.999861111111
validation class_total [1200.0, 1200.0, 1200.0, 1200.0, 1200.0, 1200.0]
validation class_correct [1200.0, 1200.0, 1200.0, 1199.0, 1200.0, 1200.0]
validation confusion_matrix [[1200, 0, 0, 0, 0, 0], [0, 1200, 0, 0, 0, 0], [0, 0, 1200, 0, 0, 0], [1, 0, 0, 1199, 0, 0], [0, 0, 0, 0, 1200, 0], [0, 0, 0, 0, 0, 1200]]
test accuracy :  0.16375
class_total [400.0, 400.0, 400.0, 400.0, 400.0, 400.0]
class_correct [55.0, 0.0, 190.0, 18.0, 96.0, 34.0]
confusion_matrix [[55, 192, 1, 79, 5, 68], [1, 0, 0, 18, 278, 103], [0, 22, 190, 0, 16, 172], [4, 1, 0, 18, 227, 150], [0, 1, 4, 0, 96, 299], [0, 0, 2, 27, 337, 34]]
traning started for  33 epoch
epoch 33 loss: 9.53674316406e-07
validation accuracy :  0.999861111111
validation class_total [1200.0, 1200.0, 1200.0, 1200.0, 1200.0, 1200.0]
validation class_correct [1200.0, 1199.0, 1200.0, 1200.0, 1200.0, 1200.0]
validation confusion_matrix [[1200, 0, 0, 0, 0, 0], [1, 1199, 0, 0, 0, 0], [0, 0, 1200, 0, 0, 0], [0, 0, 0, 1200, 0, 0], [0, 0, 0, 0, 1200, 0], [0, 0, 0, 0, 0, 1200]]
test accuracy :  0.152083333333
class_total [400.0, 400.0, 400.0, 400.0, 400.0, 400.0]
class_correct [52.0, 2.0, 169.0, 19.0, 77.0, 46.0]
confusion_matrix [[52, 197, 1, 73, 2, 75], [0, 2, 0, 23, 258, 117], [0, 21, 169, 0, 13, 197], [2, 0, 0, 19, 207, 172], [0, 0, 3, 1, 77, 319], [1, 0, 2, 38, 313, 46]]
traning started for  34 epoch
epoch 34 loss: 0.0
validation accuracy :  1.0
validation class_total [1200.0, 1200.0, 1200.0, 1200.0, 1200.0, 1200.0]
validation class_correct [1200.0, 1200.0, 1200.0, 1200.0, 1200.0, 1200.0]
validation confusion_matrix [[1200, 0, 0, 0, 0, 0], [0, 1200, 0, 0, 0, 0], [0, 0, 1200, 0, 0, 0], [0, 0, 0, 1200, 0, 0], [0, 0, 0, 0, 1200, 0], [0, 0, 0, 0, 0, 1200]]
test accuracy :  0.15625
class_total [400.0, 400.0, 400.0, 400.0, 400.0, 400.0]
class_correct [35.0, 2.0, 205.0, 12.0, 74.0, 47.0]
confusion_matrix [[35, 214, 1, 68, 7, 75], [0, 2, 0, 15, 257, 126], [0, 20, 205, 0, 6, 169], [3, 1, 1, 12, 216, 167], [0, 0, 9, 0, 74, 317], [0, 0, 3, 28, 322, 47]]
traning started for  35 epoch
epoch 35 loss: 0.0
validation accuracy :  0.999722222222
validation class_total [1200.0, 1200.0, 1200.0, 1200.0, 1200.0, 1200.0]
validation class_correct [1200.0, 1199.0, 1200.0, 1200.0, 1200.0, 1199.0]
validation confusion_matrix [[1200, 0, 0, 0, 0, 0], [1, 1199, 0, 0, 0, 0], [0, 0, 1200, 0, 0, 0], [0, 0, 0, 1200, 0, 0], [0, 0, 0, 0, 1200, 0], [0, 1, 0, 0, 0, 1199]]
test accuracy :  0.154166666667
class_total [400.0, 400.0, 400.0, 400.0, 400.0, 400.0]
class_correct [45.0, 1.0, 194.0, 13.0, 79.0, 38.0]
confusion_matrix [[45, 223, 1, 69, 2, 60], [0, 1, 1, 13, 283, 102], [0, 26, 194, 0, 11, 169], [2, 1, 1, 13, 222, 161], [0, 0, 10, 0, 79, 311], [0, 0, 2, 26, 334, 38]]
traning started for  36 epoch
