cuda
traning started for  1 epoch
epoch 1 loss: 1.77593874931
validation accuracy :  0.209444444444
validation class_total [1200.0, 1200.0, 1200.0, 1200.0, 1200.0, 1200.0]
validation class_correct [126.0, 471.0, 624.0, 183.0, 96.0, 8.0]
validation confusion_matrix [[126, 449, 357, 192, 69, 7], [77, 471, 353, 204, 92, 3], [63, 230, 624, 171, 105, 7], [67, 366, 489, 183, 91, 4], [65, 336, 517, 175, 96, 11], [68, 436, 408, 193, 87, 8]]
test accuracy :  0.157083333333
class_total [400.0, 400.0, 400.0, 400.0, 400.0, 400.0]
class_correct [28.0, 91.0, 164.0, 68.0, 25.0, 1.0]
confusion_matrix [[28, 146, 128, 71, 24, 3], [25, 91, 182, 59, 40, 3], [29, 102, 164, 77, 26, 2], [22, 105, 168, 68, 34, 3], [30, 106, 184, 52, 25, 3], [30, 171, 112, 62, 24, 1]]
traning started for  2 epoch
epoch 2 loss: 1.4596465826
validation accuracy :  0.295694444444
validation class_total [1200.0, 1200.0, 1200.0, 1200.0, 1200.0, 1200.0]
validation class_correct [438.0, 238.0, 1090.0, 115.0, 58.0, 190.0]
validation confusion_matrix [[438, 207, 252, 97, 63, 143], [352, 238, 270, 88, 53, 199], [14, 9, 1090, 23, 24, 40], [195, 114, 588, 115, 53, 135], [101, 72, 766, 75, 58, 128], [179, 114, 585, 76, 56, 190]]
test accuracy :  0.191666666667
class_total [400.0, 400.0, 400.0, 400.0, 400.0, 400.0]
class_correct [75.0, 9.0, 281.0, 31.0, 17.0, 47.0]
confusion_matrix [[75, 48, 170, 32, 14, 61], [15, 9, 320, 12, 10, 34], [21, 21, 281, 21, 23, 33], [44, 20, 245, 31, 20, 40], [17, 16, 288, 26, 17, 36], [23, 24, 262, 27, 17, 47]]
traning started for  3 epoch
epoch 3 loss: 1.60692191124
validation accuracy :  0.54625
validation class_total [1200.0, 1200.0, 1200.0, 1200.0, 1200.0, 1200.0]
validation class_correct [219.0, 784.0, 1073.0, 880.0, 651.0, 326.0]
validation confusion_matrix [[219, 21, 3, 874, 83, 0], [0, 784, 35, 7, 155, 219], [0, 1, 1073, 0, 67, 59], [48, 8, 13, 880, 244, 7], [0, 6, 434, 29, 651, 80], [0, 20, 652, 2, 200, 326]]
test accuracy :  0.17
class_total [400.0, 400.0, 400.0, 400.0, 400.0, 400.0]
class_correct [18.0, 0.0, 243.0, 35.0, 107.0, 5.0]
confusion_matrix [[18, 8, 15, 165, 186, 8], [0, 0, 149, 27, 215, 9], [0, 3, 243, 0, 35, 119], [3, 5, 82, 35, 216, 59], [0, 2, 232, 0, 107, 59], [0, 0, 121, 14, 260, 5]]
traning started for  4 epoch
epoch 4 loss: 0.223386764526
validation accuracy :  0.861388888889
validation class_total [1200.0, 1200.0, 1200.0, 1200.0, 1200.0, 1200.0]
validation class_correct [1009.0, 1100.0, 1075.0, 1048.0, 908.0, 1062.0]
validation confusion_matrix [[1009, 3, 0, 181, 7, 0], [7, 1100, 1, 1, 8, 83], [0, 0, 1075, 0, 78, 47], [18, 0, 1, 1048, 132, 1], [7, 3, 95, 171, 908, 16], [0, 14, 77, 2, 45, 1062]]
test accuracy :  0.127916666667
class_total [400.0, 400.0, 400.0, 400.0, 400.0, 400.0]
class_correct [43.0, 0.0, 164.0, 18.0, 81.0, 1.0]
confusion_matrix [[43, 2, 1, 216, 129, 9], [0, 0, 108, 24, 221, 47], [0, 2, 164, 0, 29, 205], [1, 9, 41, 18, 163, 168], [0, 0, 160, 0, 81, 159], [0, 0, 19, 74, 306, 1]]
traning started for  5 epoch
epoch 5 loss: 0.0573215484619
validation accuracy :  0.925277777778
validation class_total [1200.0, 1200.0, 1200.0, 1200.0, 1200.0, 1200.0]
validation class_correct [1096.0, 1164.0, 1125.0, 1084.0, 1017.0, 1176.0]
validation confusion_matrix [[1096, 8, 0, 92, 4, 0], [6, 1164, 0, 1, 3, 26], [0, 0, 1125, 0, 39, 36], [9, 0, 0, 1084, 105, 2], [2, 3, 33, 134, 1017, 11], [0, 5, 4, 0, 15, 1176]]
test accuracy :  0.095
class_total [400.0, 400.0, 400.0, 400.0, 400.0, 400.0]
class_correct [32.0, 0.0, 64.0, 24.0, 108.0, 0.0]
confusion_matrix [[32, 4, 3, 172, 173, 16], [0, 0, 43, 24, 226, 107], [0, 2, 64, 0, 41, 293], [0, 5, 6, 24, 138, 227], [0, 1, 21, 2, 108, 268], [0, 0, 17, 75, 308, 0]]
traning started for  6 epoch
epoch 6 loss: 0.0133209228516
validation accuracy :  0.941805555556
validation class_total [1200.0, 1200.0, 1200.0, 1200.0, 1200.0, 1200.0]
validation class_correct [1023.0, 1122.0, 1172.0, 1141.0, 1160.0, 1163.0]
validation confusion_matrix [[1023, 7, 0, 138, 31, 1], [6, 1122, 0, 1, 9, 62], [0, 0, 1172, 0, 24, 4], [1, 0, 1, 1141, 57, 0], [0, 0, 15, 13, 1160, 12], [0, 4, 6, 0, 27, 1163]]
test accuracy :  0.1775
class_total [400.0, 400.0, 400.0, 400.0, 400.0, 400.0]
class_correct [13.0, 0.0, 64.0, 35.0, 312.0, 2.0]
confusion_matrix [[13, 3, 0, 181, 197, 6], [0, 0, 57, 12, 298, 33], [0, 6, 64, 1, 216, 113], [1, 3, 4, 35, 232, 125], [0, 0, 18, 4, 312, 66], [0, 0, 29, 19, 350, 2]]
traning started for  7 epoch
epoch 7 loss: 0.00488185882568
validation accuracy :  0.975833333333
validation class_total [1200.0, 1200.0, 1200.0, 1200.0, 1200.0, 1200.0]
validation class_correct [1126.0, 1188.0, 1194.0, 1162.0, 1172.0, 1184.0]
validation confusion_matrix [[1126, 7, 0, 55, 12, 0], [1, 1188, 0, 0, 6, 5], [0, 0, 1194, 0, 1, 5], [1, 0, 0, 1162, 37, 0], [0, 0, 11, 7, 1172, 10], [0, 1, 5, 0, 10, 1184]]
test accuracy :  0.114583333333
class_total [400.0, 400.0, 400.0, 400.0, 400.0, 400.0]
class_correct [3.0, 1.0, 76.0, 14.0, 167.0, 14.0]
confusion_matrix [[3, 1, 6, 143, 237, 10], [0, 1, 98, 3, 164, 134], [0, 3, 76, 0, 93, 228], [1, 4, 3, 14, 154, 224], [0, 2, 14, 1, 167, 216], [0, 0, 51, 17, 318, 14]]
traning started for  8 epoch
epoch 8 loss: 0.0111894607544
validation accuracy :  0.960277777778
validation class_total [1200.0, 1200.0, 1200.0, 1200.0, 1200.0, 1200.0]
validation class_correct [1065.0, 1134.0, 1194.0, 1190.0, 1184.0, 1147.0]
validation confusion_matrix [[1065, 4, 0, 110, 21, 0], [14, 1134, 0, 2, 30, 20], [0, 0, 1194, 0, 6, 0], [0, 0, 0, 1190, 10, 0], [0, 1, 4, 8, 1184, 3], [0, 1, 16, 0, 36, 1147]]
test accuracy :  0.17
class_total [400.0, 400.0, 400.0, 400.0, 400.0, 400.0]
class_correct [8.0, 0.0, 116.0, 53.0, 231.0, 0.0]
confusion_matrix [[8, 1, 1, 238, 149, 3], [0, 0, 46, 41, 299, 14], [0, 2, 116, 6, 201, 75], [1, 0, 10, 53, 241, 95], [0, 0, 20, 21, 231, 128], [0, 0, 31, 30, 339, 0]]
traning started for  9 epoch
epoch 9 loss: 0.0500621795654
validation accuracy :  0.969583333333
validation class_total [1200.0, 1200.0, 1200.0, 1200.0, 1200.0, 1200.0]
validation class_correct [1115.0, 1139.0, 1199.0, 1180.0, 1168.0, 1180.0]
validation confusion_matrix [[1115, 14, 0, 31, 40, 0], [3, 1139, 3, 0, 5, 50], [0, 0, 1199, 0, 0, 1], [2, 0, 2, 1180, 15, 1], [0, 0, 19, 3, 1168, 10], [0, 3, 14, 0, 3, 1180]]
test accuracy :  0.101666666667
class_total [400.0, 400.0, 400.0, 400.0, 400.0, 400.0]
class_correct [8.0, 0.0, 100.0, 26.0, 109.0, 1.0]
confusion_matrix [[8, 2, 38, 209, 125, 18], [0, 0, 207, 13, 95, 85], [0, 6, 100, 0, 34, 260], [0, 5, 15, 26, 123, 231], [0, 1, 37, 8, 109, 245], [0, 0, 68, 19, 312, 1]]
traning started for  10 epoch
epoch 10 loss: 0.00138664245605
validation accuracy :  0.990416666667
validation class_total [1200.0, 1200.0, 1200.0, 1200.0, 1200.0, 1200.0]
validation class_correct [1191.0, 1196.0, 1175.0, 1194.0, 1189.0, 1186.0]
validation confusion_matrix [[1191, 1, 0, 7, 1, 0], [3, 1196, 0, 0, 1, 0], [0, 3, 1175, 1, 5, 16], [3, 0, 0, 1194, 3, 0], [1, 4, 0, 3, 1189, 3], [0, 3, 5, 0, 6, 1186]]
test accuracy :  0.196666666667
class_total [400.0, 400.0, 400.0, 400.0, 400.0, 400.0]
class_correct [106.0, 0.0, 57.0, 34.0, 264.0, 11.0]
confusion_matrix [[106, 11, 1, 220, 54, 8], [0, 0, 41, 47, 251, 61], [0, 20, 57, 1, 110, 212], [0, 2, 3, 34, 211, 150], [0, 1, 39, 6, 264, 90], [0, 0, 11, 65, 313, 11]]
traning started for  11 epoch
epoch 11 loss: 0.00567817687988
validation accuracy :  0.983888888889
validation class_total [1200.0, 1200.0, 1200.0, 1200.0, 1200.0, 1200.0]
validation class_correct [1183.0, 1198.0, 1193.0, 1155.0, 1199.0, 1156.0]
validation confusion_matrix [[1183, 12, 0, 1, 4, 0], [0, 1198, 0, 0, 1, 1], [0, 0, 1193, 1, 6, 0], [3, 0, 1, 1155, 41, 0], [0, 1, 0, 0, 1199, 0], [0, 1, 0, 0, 43, 1156]]
test accuracy :  0.145416666667
class_total [400.0, 400.0, 400.0, 400.0, 400.0, 400.0]
class_correct [27.0, 0.0, 34.0, 4.0, 282.0, 2.0]
confusion_matrix [[27, 17, 6, 148, 194, 8], [0, 0, 39, 1, 310, 50], [0, 45, 34, 0, 163, 158], [0, 4, 3, 4, 317, 72], [0, 5, 9, 0, 282, 104], [0, 0, 14, 28, 356, 2]]
traning started for  12 epoch
epoch 12 loss: 0.0137729644775
validation accuracy :  0.976527777778
validation class_total [1200.0, 1200.0, 1200.0, 1200.0, 1200.0, 1200.0]
validation class_correct [1138.0, 1114.0, 1194.0, 1195.0, 1196.0, 1194.0]
validation confusion_matrix [[1138, 2, 0, 25, 35, 0], [5, 1114, 13, 6, 38, 24], [0, 0, 1194, 0, 6, 0], [0, 0, 0, 1195, 5, 0], [0, 0, 0, 3, 1196, 1], [0, 0, 2, 0, 4, 1194]]
test accuracy :  0.107083333333
class_total [400.0, 400.0, 400.0, 400.0, 400.0, 400.0]
class_correct [10.0, 0.0, 86.0, 15.0, 143.0, 3.0]
confusion_matrix [[10, 1, 3, 343, 37, 6], [0, 0, 50, 33, 205, 112], [0, 2, 86, 1, 111, 200], [0, 0, 2, 15, 186, 197], [0, 0, 19, 3, 143, 235], [0, 0, 27, 25, 345, 3]]
traning started for  13 epoch
epoch 13 loss: 1.90734863281e-06
validation accuracy :  0.9825
validation class_total [1200.0, 1200.0, 1200.0, 1200.0, 1200.0, 1200.0]
validation class_correct [1199.0, 1197.0, 1135.0, 1162.0, 1189.0, 1192.0]
validation confusion_matrix [[1199, 1, 0, 0, 0, 0], [3, 1197, 0, 0, 0, 0], [0, 0, 1135, 0, 59, 6], [37, 0, 0, 1162, 1, 0], [10, 0, 0, 1, 1189, 0], [0, 5, 0, 0, 3, 1192]]
test accuracy :  0.188333333333
class_total [400.0, 400.0, 400.0, 400.0, 400.0, 400.0]
class_correct [171.0, 2.0, 6.0, 18.0, 255.0, 0.0]
confusion_matrix [[171, 12, 0, 123, 89, 5], [16, 2, 4, 16, 287, 75], [0, 46, 6, 0, 82, 266], [20, 11, 0, 18, 171, 180], [1, 5, 3, 1, 255, 135], [5, 0, 0, 48, 347, 0]]
traning started for  14 epoch
epoch 14 loss: 0.0248003005981
validation accuracy :  0.976805555556
validation class_total [1200.0, 1200.0, 1200.0, 1200.0, 1200.0, 1200.0]
validation class_correct [1192.0, 1198.0, 1191.0, 1198.0, 1099.0, 1155.0]
validation confusion_matrix [[1192, 0, 0, 7, 1, 0], [2, 1198, 0, 0, 0, 0], [0, 0, 1191, 8, 1, 0], [2, 0, 0, 1198, 0, 0], [7, 1, 7, 84, 1099, 2], [0, 15, 5, 24, 1, 1155]]
test accuracy :  0.155416666667
class_total [400.0, 400.0, 400.0, 400.0, 400.0, 400.0]
class_correct [57.0, 1.0, 105.0, 147.0, 63.0, 0.0]
confusion_matrix [[57, 9, 1, 323, 8, 2], [2, 1, 62, 193, 118, 24], [0, 118, 105, 108, 18, 51], [8, 30, 11, 147, 71, 133], [4, 26, 39, 172, 63, 96], [0, 0, 52, 147, 201, 0]]
traning started for  15 epoch
epoch 15 loss: 3.24249267578e-05
validation accuracy :  0.997916666667
validation class_total [1200.0, 1200.0, 1200.0, 1200.0, 1200.0, 1200.0]
validation class_correct [1199.0, 1200.0, 1197.0, 1191.0, 1200.0, 1198.0]
validation confusion_matrix [[1199, 0, 0, 1, 0, 0], [0, 1200, 0, 0, 0, 0], [0, 0, 1197, 0, 1, 2], [5, 0, 0, 1191, 4, 0], [0, 0, 0, 0, 1200, 0], [0, 0, 0, 0, 2, 1198]]
test accuracy :  0.1975
class_total [400.0, 400.0, 400.0, 400.0, 400.0, 400.0]
class_correct [85.0, 2.0, 137.0, 16.0, 234.0, 0.0]
confusion_matrix [[85, 23, 4, 234, 47, 7], [0, 2, 41, 32, 264, 61], [0, 21, 137, 1, 128, 113], [2, 5, 1, 16, 241, 135], [0, 2, 35, 3, 234, 126], [1, 0, 10, 52, 337, 0]]
traning started for  16 epoch
epoch 16 loss: 0.0
validation accuracy :  0.998611111111
validation class_total [1200.0, 1200.0, 1200.0, 1200.0, 1200.0, 1200.0]
validation class_correct [1199.0, 1195.0, 1199.0, 1199.0, 1200.0, 1198.0]
validation confusion_matrix [[1199, 1, 0, 0, 0, 0], [3, 1195, 0, 0, 0, 2], [0, 0, 1199, 0, 0, 1], [0, 0, 0, 1199, 1, 0], [0, 0, 0, 0, 1200, 0], [0, 1, 0, 1, 0, 1198]]
test accuracy :  0.174583333333
class_total [400.0, 400.0, 400.0, 400.0, 400.0, 400.0]
class_correct [77.0, 0.0, 123.0, 26.0, 191.0, 2.0]
confusion_matrix [[77, 31, 4, 248, 24, 16], [1, 0, 51, 43, 183, 122], [0, 7, 123, 3, 65, 202], [2, 2, 3, 26, 193, 174], [0, 0, 12, 38, 191, 159], [0, 0, 27, 58, 313, 2]]
traning started for  17 epoch
epoch 17 loss: 0.00405406951904
validation accuracy :  0.989305555556
validation class_total [1200.0, 1200.0, 1200.0, 1200.0, 1200.0, 1200.0]
validation class_correct [1166.0, 1189.0, 1198.0, 1189.0, 1200.0, 1181.0]
validation confusion_matrix [[1166, 3, 0, 14, 17, 0], [0, 1189, 8, 1, 2, 0], [0, 0, 1198, 0, 2, 0], [0, 0, 0, 1189, 11, 0], [0, 0, 0, 0, 1200, 0], [0, 0, 11, 0, 8, 1181]]
test accuracy :  0.201666666667
class_total [400.0, 400.0, 400.0, 400.0, 400.0, 400.0]
class_correct [4.0, 0.0, 228.0, 3.0, 249.0, 0.0]
confusion_matrix [[4, 1, 62, 192, 137, 4], [0, 0, 67, 9, 304, 20], [0, 7, 228, 0, 114, 51], [0, 1, 9, 3, 284, 103], [0, 0, 47, 1, 249, 103], [0, 0, 59, 17, 324, 0]]
traning started for  18 epoch
epoch 18 loss: 0.0101928710938
validation accuracy :  0.998611111111
validation class_total [1200.0, 1200.0, 1200.0, 1200.0, 1200.0, 1200.0]
validation class_correct [1197.0, 1199.0, 1199.0, 1200.0, 1196.0, 1199.0]
validation confusion_matrix [[1197, 0, 0, 3, 0, 0], [0, 1199, 0, 0, 0, 1], [0, 0, 1199, 0, 0, 1], [0, 0, 0, 1200, 0, 0], [0, 1, 0, 0, 1196, 3], [0, 1, 0, 0, 0, 1199]]
test accuracy :  0.0829166666667
class_total [400.0, 400.0, 400.0, 400.0, 400.0, 400.0]
class_correct [8.0, 1.0, 69.0, 34.0, 78.0, 9.0]
confusion_matrix [[8, 2, 17, 325, 34, 14], [0, 1, 55, 50, 170, 124], [0, 26, 69, 5, 45, 255], [3, 2, 7, 34, 194, 160], [0, 0, 14, 24, 78, 284], [0, 0, 52, 92, 247, 9]]
traning started for  19 epoch
epoch 19 loss: 1.90734863281e-05
validation accuracy :  0.991805555556
validation class_total [1200.0, 1200.0, 1200.0, 1200.0, 1200.0, 1200.0]
validation class_correct [1196.0, 1199.0, 1198.0, 1183.0, 1165.0, 1200.0]
validation confusion_matrix [[1196, 3, 0, 1, 0, 0], [1, 1199, 0, 0, 0, 0], [0, 0, 1198, 1, 0, 1], [0, 0, 10, 1183, 5, 2], [0, 1, 29, 0, 1165, 5], [0, 0, 0, 0, 0, 1200]]
test accuracy :  0.0779166666667
class_total [400.0, 400.0, 400.0, 400.0, 400.0, 400.0]
class_correct [35.0, 0.0, 87.0, 1.0, 60.0, 4.0]
confusion_matrix [[35, 18, 46, 206, 54, 41], [0, 0, 79, 7, 72, 242], [0, 13, 87, 0, 17, 283], [0, 1, 24, 1, 99, 275], [0, 0, 35, 0, 60, 305], [0, 0, 78, 21, 297, 4]]
traning started for  20 epoch
epoch 20 loss: 9.53674316406e-06
validation accuracy :  0.998333333333
validation class_total [1200.0, 1200.0, 1200.0, 1200.0, 1200.0, 1200.0]
validation class_correct [1198.0, 1200.0, 1200.0, 1200.0, 1193.0, 1197.0]
validation confusion_matrix [[1198, 1, 0, 1, 0, 0], [0, 1200, 0, 0, 0, 0], [0, 0, 1200, 0, 0, 0], [0, 0, 0, 1200, 0, 0], [0, 6, 0, 0, 1193, 1], [0, 3, 0, 0, 0, 1197]]
test accuracy :  0.110833333333
class_total [400.0, 400.0, 400.0, 400.0, 400.0, 400.0]
class_correct [73.0, 3.0, 74.0, 11.0, 102.0, 3.0]
confusion_matrix [[73, 42, 12, 254, 8, 11], [1, 3, 47, 30, 117, 202], [0, 55, 74, 2, 43, 226], [1, 8, 6, 11, 169, 205], [0, 0, 23, 7, 102, 268], [0, 0, 63, 60, 274, 3]]
traning started for  21 epoch
epoch 21 loss: 9.53674316406e-06
validation accuracy :  0.999583333333
validation class_total [1200.0, 1200.0, 1200.0, 1200.0, 1200.0, 1200.0]
validation class_correct [1200.0, 1200.0, 1200.0, 1198.0, 1199.0, 1200.0]
validation confusion_matrix [[1200, 0, 0, 0, 0, 0], [0, 1200, 0, 0, 0, 0], [0, 0, 1200, 0, 0, 0], [2, 0, 0, 1198, 0, 0], [1, 0, 0, 0, 1199, 0], [0, 0, 0, 0, 0, 1200]]
test accuracy :  0.105833333333
class_total [400.0, 400.0, 400.0, 400.0, 400.0, 400.0]
class_correct [51.0, 0.0, 84.0, 11.0, 106.0, 2.0]
confusion_matrix [[51, 13, 10, 291, 23, 12], [0, 0, 38, 24, 143, 195], [0, 11, 84, 2, 42, 261], [0, 2, 9, 11, 171, 207], [0, 0, 21, 4, 106, 269], [0, 0, 49, 58, 291, 2]]
traning started for  22 epoch
epoch 22 loss: 0.0
validation accuracy :  0.999722222222
validation class_total [1200.0, 1200.0, 1200.0, 1200.0, 1200.0, 1200.0]
validation class_correct [1198.0, 1200.0, 1200.0, 1200.0, 1200.0, 1200.0]
validation confusion_matrix [[1198, 0, 0, 2, 0, 0], [0, 1200, 0, 0, 0, 0], [0, 0, 1200, 0, 0, 0], [0, 0, 0, 1200, 0, 0], [0, 0, 0, 0, 1200, 0], [0, 0, 0, 0, 0, 1200]]
test accuracy :  0.14125
class_total [400.0, 400.0, 400.0, 400.0, 400.0, 400.0]
class_correct [107.0, 0.0, 82.0, 7.0, 141.0, 2.0]
confusion_matrix [[107, 21, 3, 239, 21, 9], [1, 0, 28, 34, 178, 159], [0, 25, 82, 0, 77, 216], [2, 6, 3, 7, 197, 185], [0, 0, 14, 5, 141, 240], [0, 0, 23, 48, 327, 2]]
traning started for  23 epoch
epoch 23 loss: 0.0
validation accuracy :  1.0
validation class_total [1200.0, 1200.0, 1200.0, 1200.0, 1200.0, 1200.0]
validation class_correct [1200.0, 1200.0, 1200.0, 1200.0, 1200.0, 1200.0]
validation confusion_matrix [[1200, 0, 0, 0, 0, 0], [0, 1200, 0, 0, 0, 0], [0, 0, 1200, 0, 0, 0], [0, 0, 0, 1200, 0, 0], [0, 0, 0, 0, 1200, 0], [0, 0, 0, 0, 0, 1200]]
test accuracy :  0.147916666667
class_total [400.0, 400.0, 400.0, 400.0, 400.0, 400.0]
class_correct [73.0, 2.0, 149.0, 7.0, 123.0, 1.0]
confusion_matrix [[73, 17, 7, 270, 22, 11], [0, 2, 38, 25, 177, 158], [0, 12, 149, 1, 49, 189], [0, 3, 10, 7, 198, 182], [0, 0, 34, 2, 123, 241], [0, 0, 39, 53, 307, 1]]
traning started for  24 epoch
epoch 24 loss: 2.95639038086e-05
validation accuracy :  0.999305555556
validation class_total [1200.0, 1200.0, 1200.0, 1200.0, 1200.0, 1200.0]
validation class_correct [1197.0, 1199.0, 1200.0, 1200.0, 1200.0, 1199.0]
validation confusion_matrix [[1197, 0, 0, 1, 2, 0], [0, 1199, 0, 0, 1, 0], [0, 0, 1200, 0, 0, 0], [0, 0, 0, 1200, 0, 0], [0, 0, 0, 0, 1200, 0], [0, 0, 0, 0, 1, 1199]]
test accuracy :  0.108333333333
class_total [400.0, 400.0, 400.0, 400.0, 400.0, 400.0]
class_correct [41.0, 0.0, 67.0, 4.0, 145.0, 3.0]
confusion_matrix [[41, 18, 15, 281, 20, 25], [1, 0, 11, 23, 223, 142], [0, 16, 67, 1, 98, 218], [1, 3, 1, 4, 198, 193], [0, 0, 10, 0, 145, 245], [0, 0, 40, 51, 306, 3]]
traning started for  25 epoch
epoch 25 loss: 7.62939453125e-06
validation accuracy :  0.994861111111
validation class_total [1200.0, 1200.0, 1200.0, 1200.0, 1200.0, 1200.0]
validation class_correct [1173.0, 1199.0, 1197.0, 1200.0, 1194.0, 1200.0]
validation confusion_matrix [[1173, 2, 0, 21, 4, 0], [0, 1199, 0, 0, 0, 1], [0, 0, 1197, 0, 1, 2], [0, 0, 0, 1200, 0, 0], [0, 0, 0, 0, 1194, 6], [0, 0, 0, 0, 0, 1200]]
test accuracy :  0.130416666667
class_total [400.0, 400.0, 400.0, 400.0, 400.0, 400.0]
class_correct [5.0, 0.0, 111.0, 2.0, 180.0, 15.0]
confusion_matrix [[5, 8, 25, 285, 30, 47], [0, 0, 45, 23, 138, 194], [0, 20, 111, 0, 102, 167], [0, 1, 4, 2, 208, 185], [0, 0, 17, 7, 180, 196], [0, 0, 9, 102, 274, 15]]
traning started for  26 epoch
epoch 26 loss: 0.0
validation accuracy :  0.999305555556
validation class_total [1200.0, 1200.0, 1200.0, 1200.0, 1200.0, 1200.0]
validation class_correct [1200.0, 1200.0, 1198.0, 1199.0, 1198.0, 1200.0]
validation confusion_matrix [[1200, 0, 0, 0, 0, 0], [0, 1200, 0, 0, 0, 0], [0, 0, 1198, 0, 1, 1], [1, 0, 0, 1199, 0, 0], [1, 0, 0, 1, 1198, 0], [0, 0, 0, 0, 0, 1200]]
test accuracy :  0.12125
class_total [400.0, 400.0, 400.0, 400.0, 400.0, 400.0]
class_correct [100.0, 1.0, 67.0, 10.0, 108.0, 5.0]
confusion_matrix [[100, 14, 0, 271, 6, 9], [4, 1, 29, 49, 124, 193], [0, 51, 67, 1, 46, 235], [3, 4, 2, 10, 139, 242], [0, 0, 22, 4, 108, 266], [0, 0, 51, 38, 306, 5]]
traning started for  27 epoch
epoch 27 loss: 1.90734863281e-06
